Scheme Code;Scheme Name;ISIN Div Payout/ISIN Growth;ISIN Div Reinvestment;Net Asset Value;Repurchase Price;Sale Price;Date

Open Ended Schemes ( Income )


Aditya Birla Sun Life Mutual Fund
120704;Aditya Birla Sun Life MIP - Direct Plan - Growth;INF209K01XB7;;39.0999;38.7089;39.0999;10-Dec-2015
119640;Aditya Birla Sun Life MIP - Direct Plan - Monthly Dividend;INF209K01R21;;13.1024;12.9714;13.1024;10-Dec-2015
100970;Aditya Birla Sun Life MIP - Regular Plan - Growth;INF209K01694;;38.5101;38.1250;38.5101;10-Dec-2015
100971;Aditya Birla Sun Life MIP - Regular Plan - Monthly Dividend;INF209K01702;;11.8819;11.7631;11.8819;10-Dec-2015
101713;Aditya Birla Sun Life MIP II - Saving 5 Plan - Growth - Regular Plan;INF209K01728;;27.3443;27.0709;27.3443;10-Dec-2015
120706;Aditya Birla Sun Life MIP II - Savings 5 Plan - Growth / Payment - Direct Plan;INF209K01XE1;;27.6775;27.4007;27.6775;10-Dec-2015
120549;Aditya Birla Sun Life MIP II - Savings 5 Plan - Monthly Dividend - Direct Plan;INF209K01R39;;13.2173;13.0851;13.2173;10-Dec-2015
101711;Aditya Birla Sun Life MIP II - Savings 5 Plan - Monthly Dividend - Regular Plan;INF209K01736;INF209K01DE3;12.6256;12.4993;12.6256;10-Dec-2015
103184;Aditya Birla Sun Life Monthly Income - Dividend - Regular Plan;INF209K01AX9;INF209K01DX3;12.1443;12.0229;12.1443;10-Dec-2015
120572;Aditya Birla Sun Life Monthly Income - Growth - Direct Plan;INF209K01YH2;;55.5075;54.9524;55.5075;10-Dec-2015
103185;Aditya Birla Sun Life Monthly Income - Growth - Regular Plan;INF209K01AZ4;;54.4202;53.8760;54.4202;10-Dec-2015
120574;Aditya Birla Sun Life Monthly Income - Quarterly Dividend - Direct Plan;INF209K01S20;;12.7606;12.6330;12.7606;10-Dec-2015
103186;Aditya Birla Sun Life Monthly Income - Quarterly Dividend - Regular Plan;INF209K01AY7;INF209K01DY1;12.3390;12.2156;12.3390;10-Dec-2015
120573;Aditya Birla Sun Life Monthly Income- Dividend - Direct Plan;INF209KA1LG5;INF209K01YF6;13.0732;12.9425;13.0732;10-Dec-2015

Bandhan Mutual Fund
108784;BANDHAN Dynamic Bond Fund - Annual Dividend;INF194K01QE9;INF194K01QD1;18.7227;18.7227;18.7227;10-Dec-2015
108554;BANDHAN Dynamic Bond Fund - Quarterly Dividend;INF194K01QB5;INF194K01QA7;12.1403;12.1403;12.1403;10-Dec-2015
108625;IDFC - SSIF - ST -Plan B - Growth;INF194K01HM1;;16.7397;16.7397;16.7397;10-Dec-2015
108759;IDFC - SSIF - ST -Plan B - Monthly Dividend;INF194K01HO7;INF194K01HN9;10.2220;10.2220;10.2220;10-Dec-2015
112366;IDFC - SSIF - Short Term- Plan F Dividend;INF194K01IJ5;INF194K01II7;10.7432;10.7432;10.7432;10-Dec-2015
112367;IDFC - SSIF - Short Term- Plan F Growth;INF194K01IH9;;15.8671;15.8671;15.8671;10-Dec-2015
108786;IDFC Dynamic Bond Fund - Growth;INF194K01PZ6;;29.1272;29.1272;29.1272;10-Dec-2015
118381;IDFC Money Manager Fund - Investment Plan -Direct Plan-Daily Dividend;;INF194K01L81;10.0669;10.0669;10.0669;10-Dec-2015
118377;IDFC Money Manager Fund - Investment Plan -Direct Plan-Monthly Dividend;INF194K01M31;INF194K01M23;10.1569;10.1569;10.1569;10-Dec-2015
118380;IDFC Money Manager Fund - Investment Plan -Direct Plan-Periodic Dividend;INF194K01M64;INF194K01M56;11.1744;11.1744;11.1744;10-Dec-2015
118382;IDFC Money Manager Fund - Investment Plan -Direct Plan-Quarterly Dividend;INF194K01L65;INF194K01L57;10.6952;10.6952;10.6952;10-Dec-2015
118378;IDFC Money Manager Fund - Investment Plan -Direct Plan-Weekly Dividend;;INF194K01M07;10.2289;10.2289;10.2289;10-Dec-2015
118379;IDFC Money Manager Fund - Investment Plan-Direct Plan-Growth;INF194K01L16;;23.0657;23.0657;23.0657;10-Dec-2015
108742;IDFC Money Manager Fund-Investment Plan-Regular Plan-Daily Div.;INF194K01NW8;INF194K01NV0;10.1101;10.1101;10.1101;10-Dec-2015
108736;IDFC Money Manager Fund-Investment Plan-Regular Plan-Growth;INF194K01NO5;;22.9249;22.9249;22.9249;10-Dec-2015
108739;IDFC Money Manager Fund-Investment Plan-Regular Plan-Monthly Div.;INF194K01OC8;INF194K01OB0;10.2200;10.2200;10.2200;10-Dec-2015
108740;IDFC Money Manager Fund-Investment Plan-Regular Plan-Weekly Div.;INF194K01NZ1;INF194K01NY4;10.2077;10.2077;10.2077;10-Dec-2015
116669;IDFC-Money Manager Fund-Investment -Regular Plan-Periodic Div.;INF194K01XL0;INF194K01XM8;11.1615;11.1615;11.1615;10-Dec-2015
109247;IDFC-Money Manager Fund-Investment Plan A-Weekly Div.;INF194K01NM9;INF194K01NL1;10.0657;10.0657;10.0657;10-Dec-2015
108734;IDFC-Money Manager Fund-Investment Plan-Annual Div.;INF194K01NA4;INF194K01MZ3;14.6644;14.6644;14.6644;10-Dec-2015
108732;IDFC-Money Manager Fund-Investment Plan-Growth;INF194K01MY6;;22.3041;22.3041;22.3041;10-Dec-2015
108741;IDFC-Money Manager Fund-Investment Plan-Plan A-Daily Div.;INF194K01NG1;INF194K01NF3;10.0667;10.0667;10.0667;10-Dec-2015
108735;IDFC-Money Manager Fund-Investment Plan-Plan A-Monthly Div.;INF194K01NJ5;INF194K01NI7;10.0796;10.0796;10.0796;10-Dec-2015
108733;IDFC-Money Manager Fund-Investment Plan-Qtrly Div.;INF194K01ND8;INF194K01NC0;11.1429;11.1429;11.1429;10-Dec-2015
111922;IDFC-Money Manager Fund-Treasury  Plan D-Growth;INF194K01MN9;;15.4816;15.4816;15.4816;10-Dec-2015
111923;IDFC-Money Manager Fund-Treasury Plan  D-Daily Dividend;INF194K01MP4;INF194K01MR0;10.0378;10.0378;10.0378;10-Dec-2015
108676;IDFC-Money Manager Fund-Treasury Plan-Plan B - Growth;INF194K01LT8;;23.4144;23.4144;23.4144;10-Dec-2015
108677;IDFC-Money Manager Fund-Treasury Plan-Plan B-Daily Div;INF194K01LY8;INF194K01LX0;10.0703;10.0703;10.0703;10-Dec-2015
108679;IDFC-Money Manager Fund-Treasury Plan-Plan B-Mon Div;INF194K01LV4;INF194K01LU6;12.1296;12.1296;12.1296;10-Dec-2015
108678;IDFC-Money Manager Fund-Treasury Plan-Plan B-Weekly Div;INF194K01MB4;INF194K01MA6;10.4195;10.4195;10.4195;10-Dec-2015
112364;IDFC-Money Manager Fund-Treasury Plan-Plan F  Growth;INF194K01MU4;;15.7236;15.7236;15.7236;10-Dec-2015
111681;IDFC SSIF - MT (Plan B)Inst- Growth Plan;INF194K01KK9;;15.9724;15.9724;15.9724;10-Dec-2015
111680;IDFC SSIF - MT (Plan B) Inst - Dividend;INF194K01KV6;INF194K01KU8;10.6012;10.6012;10.6012;10-Dec-2015
112398;IDFC Super Saver Income Fund- IP-Plan F Growth;INF194K01JQ8;;15.7934;15.7934;15.7934;10-Dec-2015
112396;IDFC Super Saver Income Fund- MT-Plan F Dividend;INF194K01LH3;INF194K01LG5;10.6133;10.6133;10.6133;10-Dec-2015
112397;IDFC Super Saver Income Fund- MT-Plan F Growth;INF194K01LF7;;16.2737;16.2737;16.2737;10-Dec-2015

Baroda BNP Paribas Mutual Fund
112314;Baroda Pioneer PSU Bond Fund - Plan A - Growth Option;INF955L01245;;15.5395;15.4618;15.5395;10-Dec-2015
112345;Baroda Pioneer PSU Bond Fund - Plan A - Monthly Dividend Option;INF955L01252;INF955L01260;10.1871;10.1362;10.1871;10-Dec-2015
112346;Baroda Pioneer PSU Bond Fund - Plan A - Quarterly Dividend Option;INF955L01278;INF955L01286;10.4681;10.4158;10.4681;10-Dec-2015
119317;Baroda Pioneer PSU Bond Fund - Plan B (Direct) - Growth Option;INF955L01AY3;;15.6589;15.5806;15.6589;10-Dec-2015
119316;Baroda Pioneer PSU Bond Fund - Plan B (Direct) - Monthly Dividend Option;INF955L01AW7;;10.1887;10.1378;10.1887;10-Dec-2015

Canara Robeco Mutual Fund
118302;Canara Robeco InDiGo Fund - Direct Plan - Growth;INF760K01FJ9;;14.0178;14.0178;14.0178;10-Dec-2015
118303;Canara Robeco InDiGo Fund - Direct Plan - Quarterly Dividend;INF760K01FK7;INF760K01FL5;11.0712;11.0712;11.0712;10-Dec-2015
113101;Canara Robeco InDiGo Fund - Regular Plan - Growth;INF760K01AJ0;;13.7501;13.7501;13.7501;10-Dec-2015
113100;Canara Robeco InDiGo Fund - Regular Plan - Quarterly Dividend;INF760K01AK8;INF760K01AL6;10.5434;10.5434;10.5434;10-Dec-2015
118312;Canara Robeco Short Term Fund- Direct Plan - Growth;INF760K01GH1;;16.9121;16.9121;16.9121;10-Dec-2015
118313;Canara Robeco Short Term Fund- Direct Plan - Monthly Dividend;INF760K01GI9;INF760K01GJ7;10.1351;10.1351;10.1351;10-Dec-2015
118314;Canara Robeco Short Term Fund- Direct Plan - Weekly Dividend;;INF760K01GK5;10.1219;10.1219;10.1219;10-Dec-2015
111879;Canara Robeco Short Term Fund- Institutional Plan - Growth;INF760K01688;;16.9941;16.9941;16.9941;10-Dec-2015
111883;Canara Robeco Short Term Fund- Regular Plan - Growth;INF760K01720;;16.7223;16.7223;16.7223;10-Dec-2015
111882;Canara Robeco Short Term Fund- Regular Plan - Monthly Dividend;INF760K01704;INF760K01712;10.1333;10.1333;10.1333;10-Dec-2015
112081;Canara Robeco Short Term Fund- Regular Plan - Weekly Dividend;;INF760K01738;10.1217;10.1217;10.1217;10-Dec-2015

Deutsche Mutual Fund
122163;DWS Banking and PSU Debt fund - Bonus;INF223J01VH1;;12.5958;12.5958;12.5958;10-Dec-2015
121269;DWS Banking and PSU Debt fund - Monthly Dividend;INF223J01SU0;INF223J01SV8;10.3090;10.3090;10.3090;10-Dec-2015
122220;DWS Banking and PSU Debt fund - Quarterly Bonus;INF223J01VF5;;10.9298;10.9298;10.9298;10-Dec-2015
122074;DWS Banking and PSU Debt fund - Quarterly Dividend;INF223J01VV2;INF223J01VW0;10.4930;10.4930;10.4930;10-Dec-2015
122073;DWS Banking and PSU Debt fund - Weekly Dividend;INF223J01VT6;INF223J01VU4;10.2905;10.2905;10.2905;10-Dec-2015
121270;DWS Banking and PSU Debt fund -Growth;INF223J01SW6;;12.7043;12.7043;12.7043;10-Dec-2015
122219;DWS Banking and PSU Debt fund- Direct Plan-  Quarterly Bonus;INF223J01VG3;;12.7638;12.7638;12.7638;10-Dec-2015
122164;DWS Banking and PSU Debt fund- Direct Plan-  Regular Bonus;INF223J01VI9;;12.7456;12.7456;12.7456;10-Dec-2015
121267;DWS Banking and PSU Debt fund- Direct Plan- Monthly Dividend;INF223J01SX4;INF223J01SY2;10.4242;10.4242;10.4242;10-Dec-2015
122070;DWS Banking and PSU Debt fund- Direct Plan- Quarterly Dividend;INF223J01WB2;INF223J01WC0;10.7513;10.7513;10.7513;10-Dec-2015
121268;DWS Banking and PSU Debt fund- Direct Plan-Growth;INF223J01SZ9;;12.8657;12.8657;12.8657;10-Dec-2015
122979;DWS Cash Opportunities Fund  -  Annual  Bonus;INF223J01WR8;;11.7986;11.7986;11.7986;10-Dec-2015
116386;DWS CASH OPPORTUNITIES FUND - ANNUAL DIV;INF223J01IZ0;INF223J01JA1;11.0570;11.0570;11.0570;10-Dec-2015
114975;DWS CASH OPPORTUNITIES FUND - Bonus Option;INF223J01AC6;;15.3680;15.3680;15.3680;10-Dec-2015
108195;DWS CASH OPPORTUNITIES FUND - DAILY DIV;;INF223J01AD4;10.0271;10.0271;10.0271;10-Dec-2015
122978;DWS Cash Opportunities Fund - Direct Plan -  Annual  Bonus;INF223J01WS6;;11.9267;11.9267;11.9267;10-Dec-2015
119047;DWS Cash Opportunities Fund - Direct Plan - Daily Dividend;;INF223J01MQ1;10.0271;10.0271;10.0271;10-Dec-2015
119048;DWS Cash Opportunities Fund - Direct Plan - Fortnightly Dividend;INF223J01MR9;INF223J01MS7;10.1488;10.1488;10.1488;10-Dec-2015
119049;DWS Cash Opportunities Fund - Direct Plan - Growth;INF223J01MT5;;20.1722;20.1722;20.1722;10-Dec-2015
122211;DWS Cash Opportunities Fund - Direct Plan - Monthly Bonus;INF223J01VS8;;10.9892;10.9892;10.9892;10-Dec-2015
119045;DWS Cash Opportunities Fund - Direct Plan - Monthly Dividend;INF223J01MU3;INF223J01MV1;10.9993;10.9993;10.9993;10-Dec-2015
119052;DWS Cash Opportunities Fund - Direct Plan - Weekly Dividend;INF223J01MY5;INF223J01MZ2;10.2231;10.2231;10.2231;10-Dec-2015
106036;DWS CASH OPPORTUNITIES FUND - FORTNIGHTLY DIV;INF223J01AE2;INF223J01AF9;10.1477;10.1477;10.1477;10-Dec-2015
105973;DWS CASH OPPORTUNITIES FUND - GR;INF223J01AG7;;19.8623;19.8623;19.8623;10-Dec-2015
122212;DWS CASH OPPORTUNITIES FUND - Monthly Bonus Option;INF223J01VR0;;10.9679;10.9679;10.9679;10-Dec-2015
105974;DWS CASH OPPORTUNITIES FUND - MONTHLY DIV;INF223J01AH5;INF223J01AI3;10.9817;10.9817;10.9817;10-Dec-2015
116385;DWS CASH OPPORTUNITIES FUND - QUARTERLY DIV;INF223J01IV9;INF223J01IW7;10.3270;10.3270;10.3270;10-Dec-2015
106035;DWS CASH OPPORTUNITIES FUND - WEEKLY DIV;INF223J01AJ1;INF223J01AK9;10.1085;10.1085;10.1085;10-Dec-2015
107380;DWS CASH OPPORTUNITIES FUND INSTITUTIONAL -GR;INF223J01978;;18.6612;18.6612;18.6612;10-Dec-2015
108243;DWS CASH OPPORTUNITIES FUND INSTITUTIONAL -Weekly;INF223J01AA0;INF223J01AB8;10.0803;10.0803;10.0803;10-Dec-2015
108244;DWS CASH OPPORTUNITIES FUND INSTITUTIONAL-Daily;;INF223J01945;10.0443;10.0443;10.0443;10-Dec-2015
131138;DWS Corporate Debt Opportunites Fund - Direct Plan - Quarterly Dividend;INF223J019S3;INF223J014T2;10.8658;10.7571;10.8658;10-Dec-2015
131141;DWS Corporate Debt Opportunites Fund - Regular Plan - Quarterly Dividend;INF223J018R7;INF223J013S6;10.6658;10.5591;10.6658;10-Dec-2015
131136;DWS Corporate Debt Opportunities Fund - Direct Plan - Growth;INF223J012T6;;11.5286;11.4133;11.5286;10-Dec-2015
131145;DWS Corporate Debt Opportunities Fund - Regular Plan - Annual Dividend;INF223J010S2;INF223J015S1;11.4028;11.2888;11.4028;10-Dec-2015
131146;DWS Corporate Debt Opportunities Fund - Regular Plan - Dividend;INF223J017R9;INF223J012S8;11.1780;11.0662;11.1780;10-Dec-2015
131143;DWS Corporate Debt Opportunities Fund - Regular Plan - Growth;INF223J011S0;;11.4022;11.2882;11.4022;10-Dec-2015
131144;DWS Corporate Debt Opportunities Fund - Regular Plan - Monthly Dividend;INF223J019R5;INF223J014S4;10.4443;10.3399;10.4443;10-Dec-2015
127093;DWS FIXED MATURITY PLAN - SERIES 47 - DIRECT PLAN -GROWTH;INF223JA1GT3;;11.7176;11.7176;11.7176;10-Dec-2015
127095;DWS FIXED MATURITY PLAN - SERIES 47 - REGULAR PLAN -GROWTH;INF223JA1GP1;;11.6478;11.6478;11.6478;10-Dec-2015
118972;DWS Income Advantage Fund - Direct Plan - Growth;INF223J01NN6;;17.9169;17.6481;17.9169;10-Dec-2015
106882;DWS Income Advantage Fund - Dividend;INF223J01CA6;INF223J01CB4;10.1313;9.9793;10.1313;10-Dec-2015
106881;DWS Income Advantage Fund - Growth;INF223J01BZ5;;17.4414;17.1798;17.4414;10-Dec-2015
126455;DWS Inflation Indexed Bond Fund - Direct Plan - Growth;INF223J01I19;;10.6572;10.6572;10.6572;10-Dec-2015
126461;DWS Inflation Indexed Bond Fund - Direct Plan - Quarterly Dividend;INF223J01H69;INF223J01H93;10.4934;10.4934;10.4934;10-Dec-2015
126447;DWS Inflation Indexed Bond Fund - Direct Plan - Regular Dividend;INF223J01H51;INF223J01H85;10.6571;10.6571;10.6571;10-Dec-2015
126458;DWS Inflation Indexed Bond Fund - Regular Plan - Bonus;INF223J01H44;;10.5148;10.5148;10.5148;10-Dec-2015
126459;DWS Inflation Indexed Bond Fund - Regular Plan - Growth;INF223J01H36;;10.5108;10.5108;10.5108;10-Dec-2015
126462;DWS Inflation Indexed Bond Fund - Regular Plan - Monthly Dividend;INF223J01G94;INF223J01H28;10.4179;10.4179;10.4179;10-Dec-2015
126460;DWS Inflation Indexed Bond Fund - Regular Plan - Quarterly Dividend;INF223J01G86;INF223J01H10;10.5140;10.5140;10.5140;10-Dec-2015
126457;DWS Inflation Indexed Bond Fund - Regular Plan - Regular Dividend;INF223J01G78;INF223J01H02;10.5107;10.5107;10.5107;10-Dec-2015
116381;DWS Low Duration Fund - Annual Dividend;INF223J01JX3;INF223J01JY1;13.1138;13.0810;13.1138;10-Dec-2015
104426;DWS Low Duration Fund - Daily Dividend;;INF223J01CC2;10.3262;10.3004;10.3262;10-Dec-2015
119030;DWS Low Duration Fund - Direct Plan - Annual Dividend;INF223J01OA1;INF223J01OB9;13.1508;13.1179;13.1508;10-Dec-2015
119031;DWS Low Duration Fund - Direct Plan - Daily Dividend;;INF223J01OD5;10.3262;10.3004;10.3262;10-Dec-2015
119033;DWS Low Duration Fund - Direct Plan - Growth;INF223J01OE3;;15.9078;15.8680;15.9078;10-Dec-2015
119034;DWS Low Duration Fund - Direct Plan - Monthly Dividend;INF223J01OF0;INF223J01OG8;11.7810;11.7515;11.7810;10-Dec-2015
119032;DWS Low Duration Fund - Direct Plan - Weekly Dividend;INF223J01OJ2;INF223J01OK0;13.1668;13.1339;13.1668;10-Dec-2015
104425;DWS Low Duration Fund - Growth;;INF223J01CE8;15.4777;15.4390;15.4777;10-Dec-2015
116382;DWS Low Duration Fund - Institutional Plan - Regular Dividend;INF223J01JZ8;INF223J01KA9;10.1385;10.1132;10.1385;10-Dec-2015
104428;DWS Low Duration Fund - Monthly Dividend;INF223J01CF5;INF223J01CG3;11.7760;11.7466;11.7760;10-Dec-2015
110073;DWS Low Duration Fund - Regular Plan - Bonus;INF223J01CJ7;;12.8924;12.8602;12.8924;10-Dec-2015
104234;DWS Low Duration Fund - Regular Plan - Daily Dividend;;INF223J01CK5;12.1075;12.0772;12.1075;10-Dec-2015
103591;DWS Low Duration Fund - Regular Plan - Growth;INF223J01CL3;;19.7681;19.7187;19.7681;10-Dec-2015
103590;DWS Low Duration Fund - Regular Plan - Monthly Dividend;INF223J01CM1;INF223J01CN9;10.3621;10.3362;10.3621;10-Dec-2015
103592;DWS Low Duration Fund - Regular Plan - Weekly Dividend;INF223J01CO7;INF223J01CP4;10.1598;10.1344;10.1598;10-Dec-2015
104427;DWS Low Duration Fund - Weekly Dividend;INF223J01CH1;INF223J01CI9;10.3184;10.2926;10.3184;10-Dec-2015
134405;DWS Medium Term Income Fund - Direct Plan - Monthly Dividend;;;10.2119;10.1098;10.2119;10-Dec-2015
134408;DWS Medium Term Income Fund - Regular Plan - Monthly Dividend;;;10.2176;10.1154;10.2176;10-Dec-2015
127422;DWS Medium Term Income Fund- Direct Plan - Regular Dividend;INF223J01N46;INF223J01N53;11.2315;11.1192;11.2315;10-Dec-2015
127423;DWS Medium Term Income Fund- Direct Plan- Growth;INF223J01N61;;12.3192;12.1960;12.3192;10-Dec-2015
127392;DWS Medium Term Income Fund- Regular Plan - Regular Dividend;INF223J01N12;INF223J01N20;11.1012;10.9902;11.1012;10-Dec-2015
127424;DWS Medium Term Income Fund- Regular Plan- Growth;INF223J01N38;;12.1829;12.0611;12.1829;10-Dec-2015
122688;DWS Premier Bond Fund - Annual Bonus;INF223J01WZ1;;23.6008;23.3648;23.6008;10-Dec-2015
101731;DWS Premier Bond Fund - Annual Dividend;INF223J01CY6;INF223J01CZ3;10.6949;10.5880;10.6949;10-Dec-2015
114973;DWS Premier Bond Fund - Bonus;INF223J01DA4;;14.4016;14.2576;14.4016;10-Dec-2015
118974;DWS Premier Bond Fund - Direct Plan - Annual Dividend;INF223J01OM6;INF223J01OL8;11.4815;11.3667;11.4815;10-Dec-2015
118975;DWS Premier Bond Fund - Direct Plan - Growth;INF223J01OO2;;24.2534;24.0109;24.2534;10-Dec-2015
122221;DWS Premier Bond Fund - Direct Plan - Half-Yearly Bonus;INF223J01WG1;;12.4284;12.3041;12.4284;10-Dec-2015
118976;DWS Premier Bond Fund - Direct Plan - Monthly Dividend;INF223J01OP9;INF223J01OQ7;15.4764;15.3216;15.4764;10-Dec-2015
118977;DWS Premier Bond Fund - Direct Plan - Quarterly Dividend;INF223J01OR5;INF223J01OS3;12.8180;12.6898;12.8180;10-Dec-2015
101732;DWS Premier Bond Fund - Growth;INF223J01DB2;;23.6029;23.3669;23.6029;10-Dec-2015
122222;DWS Premier Bond Fund - Half-Yearly Bonus;INF223J01WF3;;11.0247;10.9145;11.0247;10-Dec-2015
101730;DWS Premier Bond Fund - Monthly Dividend;INF223J01DC0;INF223J01DD8;13.4042;13.2702;13.4042;10-Dec-2015
111723;DWS Premier Bond Fund - Premium Plus Plan - Growth;INF223J01CQ2;;13.9058;13.7667;13.9058;10-Dec-2015
116914;DWS Premier Bond Fund - Premium Plus Plan - Quarterly Dividend;;;10.5248;10.4196;10.5248;10-Dec-2015
101729;DWS Premier Bond Fund - Quarterly Dividend;INF223J01DE6;INF223J01DF3;11.9883;11.8684;11.9883;10-Dec-2015
122684;DWS Short Maturity Fund - Annual Bonus;INF223J01XB0;;17.6614;17.5289;17.6614;10-Dec-2015
116360;DWS Short Maturity Fund - Annual Dividend;INF223J01KD3;INF223J01KE1;10.6840;10.6039;10.6840;10-Dec-2015
114968;DWS Short Maturity Fund - Bonus;INF223J01DW8;;15.2497;15.1353;15.2497;10-Dec-2015
122683;DWS Short Maturity Fund - Direct Plan - Annual Bonus;INF223J01XC8;;18.0993;17.9636;18.0993;10-Dec-2015
118982;DWS Short Maturity Fund - Direct Plan - Growth;INF223J01OW5;;27.1493;26.9457;27.1493;10-Dec-2015
122218;DWS Short Maturity Fund - Direct Plan - Half Yearly Bonus;INF223J01WI7;;12.0531;11.9627;12.0531;10-Dec-2015
118980;DWS Short Maturity Fund - Direct Plan - Monthly Dividend;INF223J01OX3;INF223J01OY1;13.0086;12.9110;13.0086;10-Dec-2015
118984;DWS Short Maturity Fund - Direct Plan - Weekly Dividend;INF223J01OZ8;INF223J01PA8;10.4572;10.3788;10.4572;10-Dec-2015
101627;DWS Short Maturity Fund - Growth;INF223J01DT4;;26.4924;26.2937;26.4924;10-Dec-2015
122217;DWS Short Maturity Fund - Half Yearly Bonus;INF223J01WH9;;10.7043;10.6240;10.7043;10-Dec-2015
111556;DWS Short Maturity Fund - Institutional Plan - Growth;INF223J01DG1;;17.3494;17.2193;17.3494;10-Dec-2015
101625;DWS Short Maturity Fund - Monthly Dividend;INF223J01DU2;INF223J01DV0;12.6667;12.5717;12.6667;10-Dec-2015
114749;DWS Short Maturity Fund - Premium Plus - Growth;INF223J01DN7;;15.2366;15.1223;15.2366;10-Dec-2015
111872;DWS Short Maturity Fund - Premium Plus - Quarterly Dividend;INF223J01DQ0;INF223J01DR8;10.7256;10.6452;10.7256;10-Dec-2015
111871;DWS Short Maturity Fund - Premium Plus Plan - Monthly Dividend;INF223J01DO5;INF223J01DP2;10.4055;10.3275;10.4055;10-Dec-2015
116347;DWS Short Maturity Fund - Quarterly Dividend;INF223J01KB7;INF223J01KC5;10.5751;10.4958;10.5751;10-Dec-2015
101626;DWS Short Maturity Fund - Weekly Dividend;INF223J01DX6;INF223J01DY4;10.2297;10.1530;10.2297;10-Dec-2015
122678;DWS Ultra Short Term Fund - Annual Bonus;INF223J01XH7;;17.7886;17.7886;17.7886;10-Dec-2015
116374;DWS Ultra Short Term Fund - Annual Dividend;INF223J01JJ2;INF223J01JK0;13.4415;13.4415;13.4415;10-Dec-2015
110071;DWS Ultra Short Term Fund - Bonus;INF223J01FN2;;13.3518;13.3518;13.3518;10-Dec-2015
109301;DWS Ultra Short Term Fund - Daily Dividend;;INF223J01FH4;10.0203;10.0203;10.0203;10-Dec-2015
122677;DWS Ultra Short Term Fund - Direct Plan - Annual Bonus;INF223J01XI5;;11.8989;11.8989;11.8989;10-Dec-2015
119043;DWS Ultra Short Term Fund - Direct Plan - Bonus;INF223J01QK5;;13.4087;13.4087;13.4087;10-Dec-2015
119041;DWS Ultra Short Term Fund - Direct Plan - Daily Dividend;;INF223J01QL3;10.0179;10.0179;10.0179;10-Dec-2015
119038;DWS Ultra Short Term Fund - Direct Plan - Growth;INF223J01QO7;;17.8927;17.8927;17.8927;10-Dec-2015
122208;DWS Ultra Short Term Fund - Direct Plan - Monthly Bonus;INF223J01VK5;;10.6565;10.6565;10.6565;10-Dec-2015
119039;DWS Ultra Short Term Fund - Direct Plan - Monthly Dividend;INF223J01QP4;INF223J01QQ2;10.9416;10.9416;10.9416;10-Dec-2015
119044;DWS Ultra Short Term Fund - Direct Plan - Quarterly Dividend;INF223J01QT6;INF223J01QU4;10.8957;10.8957;10.8957;10-Dec-2015
119042;DWS Ultra Short Term Fund - Direct Plan - Weekly Dividend;INF223J01QR0;INF223J01QS8;10.2742;10.2742;10.2742;10-Dec-2015
112306;DWS Ultra Short Term Fund - Dividend;INF223J01FI2;INF223J01FJ0;12.2175;12.2175;12.2175;10-Dec-2015
109302;DWS Ultra Short Term Fund - Growth;INF223J01FK8;;17.7842;17.7842;17.7842;10-Dec-2015
122207;DWS Ultra Short Term Fund - Monthly Bonus;INF223J01VJ7;;10.9069;10.9069;10.9069;10-Dec-2015
109303;DWS Ultra Short Term Fund - Monthly Dividend;INF223J01FL6;INF223J01FM4;10.6547;10.6547;10.6547;10-Dec-2015
116373;DWS Ultra Short Term Fund - Quarterly Dividend;INF223J01JH6;INF223J01JI4;10.9613;10.9613;10.9613;10-Dec-2015
110072;DWS Ultra Short Term Fund - Regular Plan - Bonus;INF223J01GA7;;14.0253;14.0253;14.0253;10-Dec-2015
107821;DWS Ultra Short Term Fund - Regular Plan - Daily Dividend;;INF223J01FW3;10.0215;10.0215;10.0215;10-Dec-2015
107820;DWS Ultra Short Term Fund - Regular Plan - Growth;INF223J01FX1;;23.2849;23.2849;23.2849;10-Dec-2015
107823;DWS Ultra Short Term Fund - Regular Plan - Monthly Dividend;INF223J01FY9;INF223J01FZ6;10.5195;10.5195;10.5195;10-Dec-2015
107822;DWS Ultra Short Term Fund - Regular Plan - Weekly Dividend;INF223J01GB5;INF223J01GC3;10.5068;10.5068;10.5068;10-Dec-2015
109300;DWS Ultra Short Term Fund - Weekly Dividend;INF223J01FO0;INF223J01FP7;10.0862;10.0862;10.0862;10-Dec-2015

DSP Mutual Fund
111785;DSP BlackRock Strategic Bond Fund - Regular Plan - Daily Dividend;;;1017.7556;1016.7378;1017.7556;10-Dec-2015
105665;DSP BlackRock Strategic Bond Fund - Regular Plan - Dividend;INF740K01QT7;INF740K01QW1;1181.1038;1179.9227;1181.1038;10-Dec-2015
105666;DSP BlackRock Strategic Bond Fund - Regular Plan - Growth;INF740K01QU5;;1884.1098;1882.2257;1884.1098;10-Dec-2015
105664;DSP BlackRock Strategic Bond Fund - Regular Plan - Monthly Dividend;INF740K01698;INF740K01QX9;1029.9976;1028.9676;1029.9976;10-Dec-2015
105877;DSP BlackRock Strategic Bond Fund - Regular Plan - Weekly Dividend;;;1017.7557;1016.7379;1017.7557;10-Dec-2015
104143;DSP BlackRock Ultra Short Fund - Institutional Plan - Daily Dividend Reinvest;;;1004.2306;1004.2306;1004.2306;10-Dec-2015
104142;DSP BlackRock Ultra Short Fund - Institutional Plan - Growth;INF740K01FS2;;2063.6238;2063.6238;2063.6238;10-Dec-2015
103275;DSP Credit Risk Fund - Institutional Plan-Daily Dividend Reinvest;;;1011.6799;1001.5631;1011.6799;10-Dec-2015
103277;DSP Credit Risk Fund - Institutional Plan-Growth;INF740K01FN3;;2190.9013;2168.9923;2190.9013;10-Dec-2015

Edelweiss Mutual Fund
109955;Edelweiss Bond Fund  - Growth Option;INF754K01AH7;;1755.8781;1755.8781;1755.8781;10-Dec-2015
118648;Edelweiss Bond Fund  -Direct Plan- Growth Option;INF754K01CQ4;;1757.6326;1757.6326;1757.6326;10-Dec-2015
109950;Edelweiss Bond Fund - Daily Dividend Option;;INF754K01AL9;1002.5853;1002.5853;1002.5853;10-Dec-2015
109957;Edelweiss Bond Fund - Fortnightly Dividend Option;;INF754K01AN5;1004.9894;1004.9894;1004.9894;10-Dec-2015
109954;Edelweiss Bond Fund - Monthly Dividend Option;INF754K01AI5;INF754K01AK1;1004.3596;1004.3596;1004.3596;10-Dec-2015
109956;Edelweiss Bond Fund - Retail Plan - Daily Dividend Option;;INF754K01AE4;1002.5853;1002.5853;1002.5853;10-Dec-2015
109953;Edelweiss Bond Fund - Retail Plan - Fortnightly Dividend Option;;INF754K01AG9;1005.0095;1005.0095;1005.0095;10-Dec-2015
109949;Edelweiss Bond Fund - Retail Plan - Growth Option;INF754K01AA2;;1697.3367;1697.3367;1697.3367;10-Dec-2015
109958;Edelweiss Bond Fund - Retail Plan - Monthly Dividend Option;INF754K01AB0;INF754K01AD6;1004.7784;1004.7784;1004.7784;10-Dec-2015
109951;Edelweiss Bond Fund - Retail Plan - Weekly Dividend Option;;INF754K01AF1;1003.1580;1003.1580;1003.1580;10-Dec-2015
109952;Edelweiss Bond Fund - Weekly Dividend Option;;INF754K01AM7;1007.3888;1007.3888;1007.3888;10-Dec-2015
118649;Edelweiss Bond Fund -Direct Plan- Daily Dividend Option;;INF754K01CU6;1002.5853;1002.5853;1002.5853;10-Dec-2015
126529;Edelweiss Short Term Income Fund - Bonus Option;INF754K01DX8;;16.8297;16.7456;16.8297;10-Dec-2015
118646;Edelweiss Short Term Income Fund - Direct Plan- Growth Option;;;16.9355;16.8508;16.9355;10-Dec-2015
110287;Edelweiss Short Term Income Fund - Dividend Option;INF754K01830;INF754K01848;12.6760;12.6126;12.6760;10-Dec-2015
110285;Edelweiss Short Term Income Fund - Growth Option;INF754K01822;;16.8297;16.7456;16.8297;10-Dec-2015
110286;Edelweiss Short Term Income Fund - Institutional Plan - Growth Option;INF754K01855;;16.1575;16.0767;16.1575;10-Dec-2015

HDFC Mutual Fund
132851;HDFC Regular Savings Fund - Direct Option - Normal Dividend Option;INF179KA1D58;;11.0517;10.9688;11.0517;10-Dec-2015
132850;HDFC Regular Savings Fund - Regular Option - Normal Dividend Option;INF179KA1D74;;11.1209;11.0375;11.1209;10-Dec-2015
119079;HDFC Regular Savings Fund -Direct Plan - Growth Option;INF179K01YP0;;29.0123;28.7947;29.0123;10-Dec-2015
119078;HDFC Regular Savings Fund -Direct Plan - Monthly Dividend Option;INF179K01YN5;INF179K01YO3;10.3337;10.2562;10.3337;10-Dec-2015
101430;HDFC Regular Savings Fund-GROWTH;INF179K01AY2;;28.7541;28.5384;28.7541;10-Dec-2015
101431;HDFC Regular Savings Fund-Monthly Dividend Option;INF179K01AW6;INF179K01AX4;10.3317;10.2542;10.3317;10-Dec-2015

HSBC Mutual Fund
102257;HSBC MIP - Regular -  Dividend - Monthly;INF336L01057;INF336L01065;11.5633;11.5633;11.5633;10-Dec-2015
102258;HSBC MIP - Regular - Dividend - Quarterly;INF336L01073;INF336L01081;11.8958;11.8958;11.8958;10-Dec-2015
102259;HSBC MIP - Regular - Growth;INF336L01040;;24.7913;24.7913;24.7913;10-Dec-2015
120072;HSBC MIP-Regular Plan-Growth Direct;INF336L01DR4;;25.2176;25.2176;25.2176;10-Dec-2015

ICICI Prudential Mutual Fund
103062;ICICI Prudential Blended Plan B -  Dividend Option - I;INF109K01EA1;INF109K01AQ5;13.6715;13.6373;13.6715;10-Dec-2015
103061;ICICI Prudential Blended Plan B -  Growth Option - I;INF109K01AR3;;21.7792;21.7248;21.7792;10-Dec-2015
114376;ICICI Prudential Blended Plan B -  Monthly Dividend Option - I;INF109K01VV1;INF109K01ID6;10.2045;10.1790;10.2045;10-Dec-2015
114238;ICICI Prudential Blended Plan B - Daily Dividend Option - I;INF109K01VW9;;11.3540;11.3256;11.3540;10-Dec-2015
120302;ICICI Prudential Blended Plan B - Direct Plan -  Dividend Option - I;INF109K015J6;INF109K016J4;16.1108;16.0705;16.1108;10-Dec-2015
120300;ICICI Prudential Blended Plan B - Direct Plan -  Growth Option - I;INF109K017J2;;21.8739;21.8192;21.8739;10-Dec-2015
120301;ICICI Prudential Blended Plan B - Direct Plan -  Monthly Dividend Option - I;INF109K018J0;INF109K019J8;10.2453;10.2197;10.2453;10-Dec-2015
123542;ICICI Prudential Blended Plan B - Direct Plan - Quarterly Dividend Option - I;INF109KA1CK7;INF109KA1CJ9;10.6805;10.6538;10.6805;10-Dec-2015
131149;ICICI Prudential Blended Plan B - Half Yearly Dividend Option - I;INF109KA1M39;INF109KA1M21;10.3561;10.3302;10.3561;10-Dec-2015
132979;ICICI Prudential Blended Plan B - option I-Bonus;INF109KA1392;;10.8795;10.8523;10.8795;10-Dec-2015
120303;ICICI Prudential Blended Plan B-Direct Plan -  Daily Dividend Option - I;INF109K014J9;;10.9293;10.9020;10.9293;10-Dec-2015
101098;ICICI Prudential Child Care Plan Study - Cumulative;INF109K01597;;55.4983;54.9433;55.4983;10-Dec-2015
120691;ICICI Prudential Child Care Plan Study - Direct Plan- Cumulative;INF109K01Y56;;57.0938;56.5229;57.0938;10-Dec-2015
131621;ICICI Prudential Dynamic Bond Fund - Annual Dividend;INF109KA15C5;INF109KA14C8;10.3886;10.3886;10.3886;10-Dec-2015
122613;ICICI Prudential Dynamic Bond Fund - Bonus;INF109KA1350;;16.3485;16.3485;16.3485;10-Dec-2015
113055;ICICI Prudential Dynamic Bond Fund - Daily Dividend;INF109K01PJ8;;10.0762;10.0762;10.0762;10-Dec-2015
120584;ICICI Prudential Dynamic Bond Fund - Direct Plan -  Daily Dividend;INF109K016K2;;10.4920;10.4920;10.4920;10-Dec-2015
120582;ICICI Prudential Dynamic Bond Fund - Direct Plan -  Growth;INF109K017K0;;16.6394;16.6394;16.6394;10-Dec-2015
120581;ICICI Prudential Dynamic Bond Fund - Direct Plan -  Half Yearly Dividend;INF109K018K8;INF109K019K6;10.7934;10.7934;10.7934;10-Dec-2015
120580;ICICI Prudential Dynamic Bond Fund - Direct Plan -  Monthly Dividend;INF109K010L3;INF109K011L1;10.4020;10.4020;10.4020;10-Dec-2015
131620;ICICI Prudential Dynamic Bond Fund - Direct Plan - Annual Dividend;INF109KA17C1;INF109KA16C3;10.4918;10.4918;10.4918;10-Dec-2015
131199;ICICI Prudential Dynamic Bond Fund - Direct Plan - Bonus Option;INF109KA1343;;16.4807;16.4807;16.4807;10-Dec-2015
120583;ICICI Prudential Dynamic Bond Fund - Direct Plan - Quarterly Dividend;INF109K012L9;INF109K013L7;10.3508;10.3508;10.3508;10-Dec-2015
111996;ICICI Prudential Dynamic Bond Fund - Growth;INF109K01CB3;;16.3485;16.3485;16.3485;10-Dec-2015
112005;ICICI Prudential Dynamic Bond Fund - Half Yearly Dividend;INF109K01PK6;INF109K01IY2;10.8787;10.8787;10.8787;10-Dec-2015
111997;ICICI Prudential Dynamic Bond Fund - Monthly Dividend;INF109K01FE0;INF109K01CC1;10.7483;10.7483;10.7483;10-Dec-2015
112002;ICICI Prudential Dynamic Bond Fund - Premium Plus Growth;INF109K01RW7;;16.6906;16.6906;16.6906;10-Dec-2015
111998;ICICI Prudential Dynamic Bond Fund - Quarterly Dividend;INF109K01FF7;INF109K01CD9;10.3349;10.3349;10.3349;10-Dec-2015
106290;ICICI Prudential Interval Fund - Annual Interval Plan I - Retail Dividend;INF109K01KM3;;10.9864;N.A.;N.A.;10-Dec-2015
106292;ICICI Prudential Interval Fund - Annual Interval Plan I - Retail Growth;INF109K01KL5;;19.8165;N.A.;N.A.;10-Dec-2015
130958;ICICI Prudential Interval Fund Annual Interval Plan - I - Direct Plan Bonus;INF109KA1C80;;11.1143;N.A.;N.A.;10-Dec-2015
106291;ICICI Prudential Interval Fund Annual Interval Plan I -  Growth;INF109K01KN1;;15.8358;N.A.;N.A.;10-Dec-2015
120625;ICICI Prudential Interval Fund Annual Interval Plan I - Direct Plan -  Growth;INF109K01K45;;15.8539;N.A.;N.A.;10-Dec-2015
106293;ICICI Prudential Interval Fund Annual Interval Plan I - Dividend;INF109K01KO9;;11.0155;N.A.;N.A.;10-Dec-2015
106762;ICICI Prudential Interval Fund - Annual Interval Plan II - Retail Dividend;INF109K01KQ4;;12.0639;N.A.;N.A.;10-Dec-2015
106763;ICICI Prudential Interval Fund - Annual Interval Plan II - Retail Growth;INF109K01KP6;;19.1186;N.A.;N.A.;10-Dec-2015
120627;ICICI Prudential Interval Fund Annual Interval Plan II - Direct Plan -  Growth;INF109K01K60;;19.7430;N.A.;N.A.;10-Dec-2015
106761;ICICI Prudential Interval Fund Annual Interval Plan II - Growth;INF109K01KR2;;19.7200;N.A.;N.A.;10-Dec-2015
106778;ICICI Prudential Interval Fund - Annual Interval Plan III - Retail Dividend;INF109K01KU6;;11.8461;N.A.;N.A.;10-Dec-2015
106777;ICICI Prudential Interval Fund - Annual Interval Plan III - Retail Growth;INF109K01KT8;;19.1519;N.A.;N.A.;10-Dec-2015
120629;ICICI Prudential Interval Fund Annual Interval Plan III - Direct Plan -  Growth;INF109K01K86;;15.5448;N.A.;N.A.;10-Dec-2015
106779;ICICI Prudential Interval Fund Annual Interval Plan III - Growth;INF109K01KV4;;15.5239;N.A.;N.A.;10-Dec-2015
106832;ICICI Prudential Interval Fund - Annual Interval Plan IV - Retail Dividend;INF109K01KI1;;11.7113;N.A.;N.A.;10-Dec-2015
106833;ICICI Prudential Interval Fund - Annual Interval Plan IV - Retail Growth;INF109K01KH3;;19.1327;N.A.;N.A.;10-Dec-2015
120631;ICICI Prudential Interval Fund Annual Interval Plan IV - Direct Plan -  Growth;INF109K01L02;;17.9667;N.A.;N.A.;10-Dec-2015
106831;ICICI Prudential Interval Fund Annual Interval Plan IV - Growth;INF109K01KJ9;;17.9416;N.A.;N.A.;10-Dec-2015
106852;ICICI Prudential Interval Fund - Half Yearly Interval Plan II - Retail Dividend;INF109K01LM1;;10.0405;N.A.;N.A.;10-Dec-2015
106853;ICICI Prudential Interval Fund - Half Yearly Interval Plan II - Retail Growth;INF109K01LL3;;18.1787;N.A.;N.A.;10-Dec-2015
120633;ICICI Prudential Interval Fund Half Yearly Interval Plan II - Direct Plan -  Growth;INF109K01M27;;15.3272;N.A.;N.A.;10-Dec-2015
112291;ICICI Prudential Interval Fund Half Yearly Interval Plan II - Growth;INF109K01LH1;;15.3190;N.A.;N.A.;10-Dec-2015
105650;ICICI Prudential Interval Fund - Monthly Interval Plan I - Retail Dividend;INF109K01ON3;;10.0575;N.A.;N.A.;10-Dec-2015
105651;ICICI Prudential Interval Fund - Monthly Interval Plan I - Retail Growth;INF109K01OM5;;18.9853;N.A.;N.A.;10-Dec-2015
120636;ICICI Prudential Interval Fund Monthly Interval Plan I - Direct Plan -  Growth;INF109K01L28;;12.0814;N.A.;N.A.;10-Dec-2015
109680;ICICI Prudential Interval Fund Monthly Interval Plan I - Dividend;INF109K01OL7;INF109K01OK9;10.0576;N.A.;N.A.;10-Dec-2015
109679;ICICI Prudential Interval Fund Monthly Interval Plan I - Growth;INF109K01OJ1;;12.0660;N.A.;N.A.;10-Dec-2015
105711;ICICI Prudential Interval Fund - Quarterly Interval Plan I - Retail Dividend;INF109K01LU4;;10.1711;N.A.;N.A.;10-Dec-2015
105710;ICICI Prudential Interval Fund - Quarterly Interval Plan I - Retail Growth;INF109K01LT6;;19.7161;N.A.;N.A.;10-Dec-2015
120638;ICICI Prudential Interval Fund Quarterly Interval Plan 1 - Direct Plan -  Growth;INF109K01L69;;15.7939;N.A.;N.A.;10-Dec-2015
120637;ICICI Prudential Interval Fund Quarterly Interval Plan 1 - Direct Plan - Dividend;INF109K01L77;;10.1715;N.A.;N.A.;10-Dec-2015
111405;ICICI Prudential Interval Fund Quarterly Interval Plan 1 - Growth;INF109K01LP4;;15.7679;N.A.;N.A.;10-Dec-2015
111406;ICICI Prudential Interval Fund Quarterly Interval Plan 1 -Dividend;INF109K01LR0;INF109K01LQ2;10.1702;N.A.;N.A.;10-Dec-2015
105907;ICICI Prudential Interval Fund - Quarterly Interval Plan II - Retail Dividend;INF109K01MC0;;10.1339;N.A.;N.A.;10-Dec-2015
105908;ICICI Prudential Interval Fund - Quarterly Interval Plan II - Retail Growth;INF109K01MB2;;19.5098;N.A.;N.A.;10-Dec-2015
120639;ICICI Prudential Interval Fund II Quarterly Interval - Direct Plan -  Growth;INF109K01L85;;17.7305;N.A.;N.A.;10-Dec-2015
110203;ICICI Prudential Interval Fund II Quarterly Interval - Dividend;INF109K01LZ3;INF109K01LY6;10.1079;N.A.;N.A.;10-Dec-2015
110204;ICICI Prudential Interval Fund II Quarterly Interval - Growth;INF109K01LX8;;17.7110;N.A.;N.A.;10-Dec-2015
127399;ICICI Prudential Interval Fund - Quarterly Interval Plan III - Direct Quarterly Dividend Payout;INF109K01N91;;10.0462;N.A.;N.A.;10-Dec-2015
106141;ICICI Prudential Interval Fund - Quarterly Interval Plan III - Retail Dividend;INF109K01MK3;;10.0455;N.A.;N.A.;10-Dec-2015
106142;ICICI Prudential Interval Fund - Quarterly Interval Plan III - Retail Growth;INF109K01MJ5;;18.8297;N.A.;N.A.;10-Dec-2015
120654;ICICI Prudential Interval Fund III Quarterly Interval - Direct Plan -  Dividend;INF109K01M19;;10.2239;N.A.;N.A.;10-Dec-2015
120655;ICICI Prudential Interval Fund III Quarterly Interval - Direct Plan -  Growth;INF109K01M01;;15.8204;N.A.;N.A.;10-Dec-2015
110556;ICICI Prudential Interval Fund III Quarterly Interval - Dividend;INF109K01MH9;INF109K01MG1;10.0456;N.A.;N.A.;10-Dec-2015
110555;ICICI Prudential Interval Fund III Quarterly Interval - Growth;INF109K01MF3;;15.7867;N.A.;N.A.;10-Dec-2015
121129;ICICI Prudential Interval Fund - Series VI - Annual Interval Plan - A - Cumulative;INF109K015G2;;12.7889;N.A.;N.A.;10-Dec-2015
121127;ICICI Prudential Interval Fund - Series VI - Annual Interval Plan - A - Direct Plan - Cumulative;INF109K013G7;;12.8085;N.A.;N.A.;10-Dec-2015
121364;ICICI Prudential Interval Fund - Series VI - Annual Interval Plan - C - Cumulative;INF109K014Q4;;12.7218;N.A.;N.A.;10-Dec-2015
121362;ICICI Prudential Interval Fund - Series VI - Annual Interval Plan - C - Direct Plan - Cumulative;INF109K016Q9;;12.7605;N.A.;N.A.;10-Dec-2015
121441;ICICI Prudential Interval Fund - Series VI - Annual Interval Plan - D - Cumulative;INF109K018Q5;;12.6568;N.A.;N.A.;10-Dec-2015
121440;ICICI Prudential Interval Fund - Series VI - Annual Interval Plan - D - Direct Plan - Cumulative;INF109K010R0;;12.6823;N.A.;N.A.;10-Dec-2015
127238;ICICI Prudential Interval Fund - Series VII - Annual Interval Plan - C - Cumulative;INF109KA1NV1;;11.7409;N.A.;N.A.;10-Dec-2015
127236;ICICI Prudential Interval Fund - Series VII - Annual Interval Plan - C - Direct Plan - Cumulative;INF109KA1NX7;;11.7504;N.A.;N.A.;10-Dec-2015
127235;ICICI Prudential Interval Fund - Series VII - Annual Interval Plan - C - Dividend;INF109KA1NW9;;10.6936;N.A.;N.A.;10-Dec-2015
106828;ICICI Prudential Interval Fund II - Quarterly Interval Plan A - Retail Dividend;INF109K01MO5;;10.0232;N.A.;N.A.;10-Dec-2015
106829;ICICI Prudential Interval Fund II - Quarterly Interval Plan A - Retail Growth;INF109K01MN7;;18.9531;N.A.;N.A.;10-Dec-2015
123645;ICICI Prudential Interval Fund II Quarterly Interval Plan A -  Quarterly Dividend Payout;INF109K01MU2;;10.0232;N.A.;N.A.;10-Dec-2015
120641;ICICI Prudential Interval Fund II Quarterly Interval Plan A - Direct Plan -  Dividend;INF109K01M50;;10.0235;N.A.;N.A.;10-Dec-2015
120642;ICICI Prudential Interval Fund II Quarterly Interval Plan A - Direct Plan -  Growth;INF109K01M43;;12.2319;N.A.;N.A.;10-Dec-2015
110664;ICICI Prudential Interval Fund II Quarterly Interval Plan A - Dividend;INF109K01MT4;INF109K01MS6;10.0233;N.A.;N.A.;10-Dec-2015
110663;ICICI Prudential Interval Fund II Quarterly Interval Plan A - Growth;INF109K01MR8;;12.2014;N.A.;N.A.;10-Dec-2015
106885;ICICI Prudential Interval Fund II - Quarterly Interval Plan B - Retail Dividend;INF109K01MW8;;10.0219;N.A.;N.A.;10-Dec-2015
106886;ICICI Prudential Interval Fund II - Quarterly Interval Plan B - Retail Growth;INF109K01MV0;;18.6954;N.A.;N.A.;10-Dec-2015
120644;ICICI Prudential Interval Fund II Quarterly Interval Plan B - Direct Plan -  Dividend;INF109K01M76;;10.0146;N.A.;N.A.;10-Dec-2015
120643;ICICI Prudential Interval Fund II Quarterly Interval Plan B - Direct Plan -  Growth;INF109K01M68;;12.7212;N.A.;N.A.;10-Dec-2015
111317;ICICI Prudential Interval Fund II Quarterly Interval Plan B - Dividend;INF109K01NB0;INF109K01NA2;10.0110;N.A.;N.A.;10-Dec-2015
111316;ICICI Prudential Interval Fund II Quarterly Interval Plan B - Growth;INF109K01MZ1;;12.6932;N.A.;N.A.;10-Dec-2015
118037;ICICI Prudential Interval Fund II Quarterly Interval Plan B - Quarterly Dividend Payout;INF109K01NC8;;10.0111;N.A.;N.A.;10-Dec-2015
106977;ICICI Prudential Interval Fund II - Quarterly Interval Plan C - Retail Dividend;INF109K01NI5;;10.1600;N.A.;N.A.;10-Dec-2015
106976;ICICI Prudential Interval Fund II - Quarterly Interval Plan C - Retail Growth;INF109K01NH7;;19.4836;N.A.;N.A.;10-Dec-2015
120647;ICICI Prudential Interval Fund II Quarterly Interval Plan C - Direct Plan -  Dividend;INF109K01L51;;10.1613;N.A.;N.A.;10-Dec-2015
120646;ICICI Prudential Interval Fund II Quarterly Interval Plan C - Direct Plan -  Growth;INF109K01L44;;12.3052;N.A.;N.A.;10-Dec-2015
109855;ICICI Prudential Interval Fund II Quarterly Interval Plan C - Dividend;INF109K01NF1;INF109K01NE4;10.1601;N.A.;N.A.;10-Dec-2015
109854;ICICI Prudential Interval Fund II Quarterly Interval Plan C - Growth;INF109K01ND6;;12.2802;N.A.;N.A.;10-Dec-2015
107138;ICICI Prudential Interval Fund II - Quarterly Interval Plan D - Retail Dividend;INF109K01NQ8;;10.2079;N.A.;N.A.;10-Dec-2015
107139;ICICI Prudential Interval Fund II - Quarterly Interval Plan D - Retail Growth;INF109K01NP0;;20.3865;N.A.;N.A.;10-Dec-2015
120651;ICICI Prudential Interval Fund II Quarterly Interval Plan D - Direct Plan -  Dividend;INF109K01M92;;10.1327;N.A.;N.A.;10-Dec-2015
120650;ICICI Prudential Interval Fund II Quarterly Interval Plan D - Direct Plan -  Quarterly Dividend Payout;INF109K01O33;;10.1325;N.A.;N.A.;10-Dec-2015
120649;ICICI Prudential Interval Fund II Quarterly Interval Plan D - Direct Plan - Growth;INF109K01M84;;15.8247;N.A.;N.A.;10-Dec-2015
110014;ICICI Prudential Interval Fund II Quarterly Interval Plan D - Dividend;INF109K01NN5;INF109K01NM7;10.1322;N.A.;N.A.;10-Dec-2015
110013;ICICI Prudential Interval Fund II Quarterly Interval Plan D - Growth;INF109K01NL9;;12.0459;N.A.;N.A.;10-Dec-2015
107309;ICICI Prudential Interval Fund II - Quarterly Interval Plan F - Retail Dividend;INF109K01NU0;;10.1328;N.A.;N.A.;10-Dec-2015
107310;ICICI Prudential Interval Fund II - Quarterly Interval Plan F - Retail Growth;INF109K01NT2;;18.1619;N.A.;N.A.;10-Dec-2015
120652;ICICI Prudential Interval Fund II Quarterly Interval Plan F - Direct Plan -  Growth;INF109K01N00;;15.9297;N.A.;N.A.;10-Dec-2015
110384;ICICI Prudential Interval Fund II Quarterly Interval Plan F - Dividend;INF109K01NZ9;INF109K01NY2;10.0629;N.A.;N.A.;10-Dec-2015
110383;ICICI Prudential Interval Fund II Quarterly Interval Plan F - Growth;INF109K01NX4;;15.8892;N.A.;N.A.;10-Dec-2015
115927;ICICI Prudential Interval Fund II Quarterly Interval Plan F Retail Quarterly Dividend Payout;INF109K01NW6;;10.0631;N.A.;N.A.;10-Dec-2015
110345;ICICI Prudential Interval Fund IV - Quarterly Interval Plan B - Retail Dividend;INF109K01OG7;;10.0970;N.A.;N.A.;10-Dec-2015
110348;ICICI Prudential Interval Fund IV - Quarterly Interval Plan B - Retail Growth;INF109K01OF9;;17.4773;N.A.;N.A.;10-Dec-2015
120624;ICICI Prudential Interval Fund IV Quarterly Interval Plan B - Direct Plan -  Dividend;INF109K01N59;;10.0978;N.A.;N.A.;10-Dec-2015
120623;ICICI Prudential Interval Fund IV Quarterly Interval Plan B - Direct Plan -  Growth;INF109K01N42;;16.0813;N.A.;N.A.;10-Dec-2015
110346;ICICI Prudential Interval Fund IV Quarterly Interval Plan B - Growth;INF109K01OB8;;16.0456;N.A.;N.A.;10-Dec-2015
110347;ICICI Prudential Interval Fund IV Quarterly Interval Plan B -Dividend;INF109K01OD4;INF109K01OE2;10.0969;N.A.;N.A.;10-Dec-2015
110048;ICICI Prudential Interval Fund V - Monthly Interval Plan A - Retail Dividend;INF109K01OU8;;10.0235;N.A.;N.A.;10-Dec-2015
110047;ICICI Prudential Interval Fund V - Monthly Interval Plan A - Retail Growth;INF109K01OS2;;17.8670;N.A.;N.A.;10-Dec-2015
120660;ICICI Prudential Interval Fund V Monthly Interval Plan A - Direct Plan -  Dividend;INF109K01N34;;10.0236;N.A.;N.A.;10-Dec-2015
120661;ICICI Prudential Interval Fund V Monthly Interval Plan A - Direct Plan - Growth;INF109K01N26;;12.5351;N.A.;N.A.;10-Dec-2015
110046;ICICI Prudential Interval Fund V Monthly Interval Plan A - Dividend;INF109K01OR4;INF109K01OQ6;10.0234;N.A.;N.A.;10-Dec-2015
110045;ICICI Prudential Interval Fund V Monthly Interval Plan A - Growth;INF109K01OP8;;12.3933;N.A.;N.A.;10-Dec-2015
120669;ICICI Prudential MIP - Direct Plan -  Dividend Half Yearly;INF109K01T79;INF109K01T87;13.4814;13.3466;13.4814;10-Dec-2015
120667;ICICI Prudential MIP - Direct Plan -  Dividend Monthly;INF109K01T95;INF109K01U01;12.5725;12.4468;12.5725;10-Dec-2015
120666;ICICI Prudential MIP - Direct Plan -  Dividend Quarterly;INF109K01U19;INF109K01U27;13.4774;13.3426;13.4774;10-Dec-2015
120668;ICICI Prudential MIP - Direct Plan -  Growth;INF109K01U35;;40.1674;39.7657;40.1674;10-Dec-2015
130940;ICICI Prudential MIP - Direct Plan Bonus;INF109KA1H44;;11.0684;10.9577;11.0684;10-Dec-2015
100955;ICICI Prudential MIP - Dividend Half Yearly;INF109K01FG5;INF109K01548;12.6793;12.5525;12.6793;10-Dec-2015
100953;ICICI Prudential MIP - Dividend Monthly;INF109K01FH3;INF109K01522;12.2971;12.1741;12.2971;10-Dec-2015
100954;ICICI Prudential MIP - Dividend Quarterly;INF109K01FI1;INF109K01530;13.1628;13.0312;13.1628;10-Dec-2015
100952;ICICI Prudential MIP - Growth;INF109K01555;;39.3627;38.9691;39.3627;10-Dec-2015

Invesco Mutual Fund
120553;Religare Invesco Monthly Income Plan -  Direct Plan - Monthly Dividend;INF205K01TS7;INF205K01TT5;1499.4672;1484.4725;1499.4672;10-Dec-2015
120552;Religare Invesco Monthly Income Plan - Direct Plan - Growth Option;INF205K01TR9;;1499.4671;1484.4724;1499.4671;10-Dec-2015
112886;Religare Invesco Monthly Income Plan - Growth Option;INF205K01TU3;;1463.3487;1448.7152;1463.3487;10-Dec-2015
112884;Religare Invesco Monthly Income Plan - Monthly Dividend;INF205K01TV1;INF205K01TW9;1112.8184;1101.6902;1112.8184;10-Dec-2015

JM Financial Mutual Fund
133415;JM MIP Fund (Direct) - Bonus Option - Principal Units;INF192K01GT2;;23.3686;23.3686;23.3686;10-Dec-2015
120442;JM MIP Fund (Direct) - Dividend Option - Annual Dividend;INF192K01DI2;INF192K01DJ0;18.8399;18.8399;18.8399;10-Dec-2015
120441;JM MIP Fund (Direct) - Dividend Option - Quarterly Dividend;INF192K01DG6;INF192K01DH4;17.5568;17.5568;17.5568;10-Dec-2015
120446;JM MIP Fund (Direct) - Growth Option;INF192K01DK8;;23.2458;23.2458;23.2458;10-Dec-2015
120440;JM MIP Fund (Direct)- Dividend Option - Monthly Dividend;INF192K01DE1;INF192K01DF8;12.6081;12.6081;12.6081;10-Dec-2015
133416;JM MIP Fund - Bonus Option - Principal Units;INF192K01GR6;;22.2691;22.2691;22.2691;10-Dec-2015
102026;JM MIP FUND-Annual Dividend;INF192K01AI8;INF192K01AJ6;17.6996;17.6996;17.6996;10-Dec-2015
102027;JM MIP FUND-Growth;INF192K01AK4;;22.0303;22.0303;22.0303;10-Dec-2015
102024;JM MIP FUND-Monthly Dividend;INF192K01AE7;INF192K01AF4;11.4215;11.4215;11.4215;10-Dec-2015
102025;JM MIP FUND-Quarterly Dividend;INF192K01AG2;INF192K01AH0;16.6001;16.6001;16.6001;10-Dec-2015

JPMorgan Mutual Fund
119881;JPMorgan India Active Bond Fund - Direct Plan - Dividend Option;INF843K01CF8;INF843K01CG6;15.1313;14.98;15.1313;10-Dec-2015
119883;JPMorgan India Active Bond Fund - Direct Plan - Growth Option;INF843K01CE1;;16.238;16.0756;16.238;10-Dec-2015
109183;JPMorgan India Active Bond Fund - Institutional Plan - Dividend Option;INF843K01385;INF843K01393;13.267;13.1343;13.267;10-Dec-2015
109176;JPMorgan India Active Bond Fund - Institutional Plan - Growth Option;INF843K01377;;13.2901;13.1572;13.2901;10-Dec-2015
109184;JPMorgan India Active Bond Fund - Retail Plan - Dividend Option;INF843K01351;INF843K01369;14.8496;14.7011;14.8496;10-Dec-2015
109175;JPMorgan India Active Bond Fund - Retail Plan - Growth Option;INF843K01344;;15.7877;15.6298;15.7877;10-Dec-2015
123905;JPMorgan India Banking and PSU Debt Fund - Direct Plan - Growth Option;INF843K01FC8;;12.3763;12.2525;12.3763;10-Dec-2015
123952;JPMorgan India Banking and PSU Debt Fund - Direct Plan - Monthly Dividend Option;INF843K01FI5;INF843K01FH7;10.3541;10.2506;10.3541;10-Dec-2015
123949;JPMorgan India Banking and PSU Debt Fund - Direct Plan - Weekly Dividend Option;;INF843K01FF1;10.5821;10.4763;10.5821;10-Dec-2015
123903;JPMorgan India Banking and PSU Debt Fund - Regular Plan - Dividend Option;INF843K01FL9;INF843K01FM7;12.2947;12.1718;12.2947;10-Dec-2015
123953;JPMorgan India Banking and PSU Debt Fund - Regular Plan - Fortnightly Dividend Option;;INF843K01FO3;10.436;10.3316;10.436;10-Dec-2015
123902;JPMorgan India Banking and PSU Debt Fund - Regular Plan - Growth Option;INF843K01FK1;;12.2949;12.172;12.2949;10-Dec-2015
123951;JPMorgan India Banking and PSU Debt Fund - Regular Plan - Monthly Dividend Option;INF843K01FQ8;INF843K01FP0;10.3393;10.2359;10.3393;10-Dec-2015
123948;JPMorgan India Banking and PSU Debt Fund - Regular Plan - Weekly Dividend Option;;INF843K01FN5;10.472;10.3673;10.472;10-Dec-2015
131221;JPMorgan India Corporate Debt Opportunities Fund - Direct Plan - Bonus Option;INF843K01JJ5;;11.3292;11.1593;11.3292;10-Dec-2015
131220;JPMorgan India Corporate Debt Opportunities Fund - Direct Plan - Dividend Option;INF843K01JK3;INF843K01JL1;11.3275;11.1576;11.3275;10-Dec-2015
131219;JPMorgan India Corporate Debt Opportunities Fund - Direct Plan - Growth Option;INF843K01JI7;;11.3257;11.1558;11.3257;10-Dec-2015
131296;JPMorgan India Corporate Debt Opportunities Fund - Regular Plan - Annual Dividend Option;INF843K01KB0;INF843K01JZ1;11.2684;11.0994;11.2684;10-Dec-2015
131223;JPMorgan India Corporate Debt Opportunities Fund - Regular Plan - Dividend Option;INF843K01JU2;INF843K01JV0;11.2684;11.0994;11.2684;10-Dec-2015
131294;JPMorgan India Corporate Debt Opportunities Fund - Regular Plan - Fortnightly Dividend Option;;INF843K01JX6;10.5566;10.3983;10.5566;10-Dec-2015
131222;JPMorgan India Corporate Debt Opportunities Fund - Regular Plan - Growth Option;INF843K01JS6;;11.2684;11.0994;11.2684;10-Dec-2015
131295;JPMorgan India Corporate Debt Opportunities Fund - Regular Plan - Monthly Dividend Option;INF843K01KA2;INF843K01JY4;10.5003;10.3428;10.5003;10-Dec-2015
131293;JPMorgan India Corporate Debt Opportunities Fund - Regular Plan - Weekly Dividend Option;;INF843K01JW8;10.5546;10.3963;10.5546;10-Dec-2015
119890;JPMorgan India Short Term Income Fund - Direct Plan -  Growth Option;INF843K01BX3;;13.6591;13.6591;13.6591;10-Dec-2015
119891;JPMorgan India Short Term Income Fund - Direct Plan - Monthly Dividend Option;INF843K01CD3;INF843K01CC5;8.7161;8.7161;8.7161;10-Dec-2015
119892;JPMorgan India Short Term Income Fund - Direct Plan - Weekly Dividend Option;;INF843K01CA9;8.5581;8.5581;8.5581;10-Dec-2015
117854;JPMorgan India Short Term Income Fund - Regular Plan - Dividend Option;INF843K01971;INF843K01989;10.8623;10.8623;10.8623;10-Dec-2015
112787;JPMorgan India Short Term Income Fund - Regular Plan - Fortnightly Dividend Option;;INF843K01401;8.6963;8.6963;8.6963;10-Dec-2015
112784;JPMorgan India Short Term Income Fund - Regular Plan - Growth Option;INF843K01419;;13.4837;13.4837;13.4837;10-Dec-2015
112789;JPMorgan India Short Term Income Fund - Regular Plan - Monthly Dividend Option;INF843K01435;INF843K01427;8.6508;8.6508;8.6508;10-Dec-2015
112785;JPMorgan India Short Term Income Fund - Regular Plan - Weekly Dividend Option;;INF843K01443;8.6545;8.6545;8.6545;10-Dec-2015
135451;JPMorgan India Short Term Income Fund - Segregated Asset - Growth Option;INF843K01LF9;;11.0865;11.0865;11.0865;10-Dec-2015
119927;JPMorgan India Treasury Fund - Direct Plan - Bonus Option;INF843K01BW5;;11.8429;11.8429;11.8429;10-Dec-2015
119928;JPMorgan India Treasury Fund - Direct Plan - Daily Dividend Option;;INF843K01BN4;9.3872;9.3872;9.3872;10-Dec-2015
119926;JPMorgan India Treasury Fund - Direct Plan - Growth Option;INF843K01BK0;;17.7628;17.7628;17.7628;10-Dec-2015
106563;JPMorgan India Treasury Fund - Retail Plan - Daily Dividend Option;;INF843K01302;9.3429;9.3429;9.3429;10-Dec-2015
106564;JPMorgan India Treasury Fund - Retail Plan - Growth Option;INF843K01294;;15.8176;15.8176;15.8176;10-Dec-2015
109182;JPMorgan India Treasury Fund - Retail Plan - Monthly Dividend Option;;INF843K01336;9.3414;9.3414;9.3414;10-Dec-2015
109180;JPMorgan India Treasury Fund - Retail Plan - Weekly Dividend Option;;INF843K01310;9.3781;9.3781;9.3781;10-Dec-2015
135450;JPMorgan India Treasury Fund - Segregated Asset - Growth Option;INF843K01LE2;;11.0992;11.0992;11.0992;10-Dec-2015
117756;JPMorgan India Treasury Fund - Super Institutional Plan - Annual Dividend Option;INF843K01898;INF843K01880;10.6056;10.6056;10.6056;10-Dec-2015
117755;JPMorgan India Treasury Fund - Super Institutional Plan - Bonus Option;INF843K01906;;11.7961;11.7961;11.7961;10-Dec-2015
110157;JPMorgan India Treasury Fund - Super Institutional Plan - Daily Dividend Option;;INF843K01252;9.3186;9.3186;9.3186;10-Dec-2015
117874;JPMorgan India Treasury Fund - Super Institutional Plan - Dividend Option;INF843K01AF2;INF843K01AG0;11.9652;11.9652;11.9652;10-Dec-2015
110156;JPMorgan India Treasury Fund - Super Institutional Plan - Growth Option;INF843K01245;;17.6929;17.6929;17.6929;10-Dec-2015
110155;JPMorgan India Treasury Fund - Super Institutional Plan - Monthly Dividend Option;INF843K01534;INF843K01286;9.3512;9.3512;9.3512;10-Dec-2015
110158;JPMorgan India Treasury Fund - Super Institutional Plan - Weekly Dividend Option;INF843K01518;INF843K01260;9.3715;9.3715;9.3715;10-Dec-2015

Kotak Mahindra Mutual Fund
102867;Kotak Flexi-Debt - Regular Plan - Dividend;;INF174K01EW9;10.6224;10.6224;10.6224;10-Dec-2015
102868;Kotak Flexi-Debt - Regular Plan - Growth;INF174K01EV1;;22.4308;22.4308;22.4308;10-Dec-2015
102869;Kotak Flexi-Debt- Regular Plan - Daily Dividend;INF174K01EZ2;INF174K01EY5;12.838;12.838;12.838;10-Dec-2015
108372;Kotak Flexi Debt - Regular Plan- Weekly Dividend;;INF174K01EX7;10.0226;10.0226;10.0226;10-Dec-2015
114383;Kotak Multi Asset Allocation Fund-Annual Dividend;INF174K01989;INF174K01955;11.234;11.234;11.234;10-Dec-2015
120159;Kotak Multi Asset Allocation Fund-Annual Dividend - Direct;INF174K01MN1;;11.9926;11.9926;11.9926;10-Dec-2015
114382;Kotak Multi Asset Allocation Fund-Growth;INF174K01922;;14.2711;14.2711;14.2711;10-Dec-2015
120160;Kotak Multi Asset Allocation Fund-Growth - Direct;INF174K01MI1;;14.557;14.557;14.557;10-Dec-2015
114385;Kotak Multi Asset Allocation Fund-Monthly Dividend;INF174K01963;INF174K01930;11.9628;11.9628;11.9628;10-Dec-2015
120161;Kotak Multi Asset Allocation Fund-Monthly Dividend - Direct;INF174K01MJ9;;12.1183;12.1183;12.1183;10-Dec-2015
114384;Kotak Multi Asset Allocation Fund-Quarterly Dividend;INF174K01971;INF174K01948;11.6425;11.6425;11.6425;10-Dec-2015
120162;Kotak Multi Asset Allocation Fund-Quarterly Dividend - Direct;INF174K01ML5;;11.7949;11.7949;11.7949;10-Dec-2015
106662;Kotak Quarterly Interval Plan Series 1 - Dividend;INF174K01BJ2;INF174K01BK0;10;9.9;10;10-Dec-2015
106661;Kotak Quarterly Interval Plan Series 1 - Growth;INF174K01BI4;;18.2476;18.0651;18.2476;10-Dec-2015
120168;Kotak Quarterly Interval Plan Series 1 - Growth - Direct;;;18.2532;18.0707;18.2532;10-Dec-2015
106734;Kotak Quarterly Interval Plan Series 2 - Dividend;INF174K01BM6;INF174K01BN4;10.002;9.902;10.002;10-Dec-2015
106735;Kotak Quarterly Interval Plan Series 2 - Growth;INF174K01BL8;;17.8211;17.6429;17.8211;10-Dec-2015
120170;Kotak Quarterly Interval Plan Series 2 - Growth - Direct;;;17.8329;17.6546;17.8329;10-Dec-2015
107092;Kotak Quarterly Interval Plan Series 3 - Dividend;INF174K01BP9;INF174K01BQ7;10.0323;9.932;10.0323;10-Dec-2015
107093;Kotak Quarterly Interval Plan Series 3 - Growth;INF174K01BO2;;18.5915;18.4056;18.5915;10-Dec-2015
120172;Kotak Quarterly Interval Plan Series 3 - Growth - Direct;;;18.5946;18.4087;18.5946;10-Dec-2015
107486;Kotak Quarterly Interval Plan Series 5-Dividend;INF174K01BV7;INF174K01BW5;10.0407;9.9403;10.0407;10-Dec-2015
120175;Kotak Quarterly Interval Plan Series 5-Dividend - Direct;;;10.0428;9.9424;10.0428;10-Dec-2015
107485;Kotak Quarterly Interval Plan Series 5-Growth;INF174K01BU9;;17.1545;16.983;17.1545;10-Dec-2015
120176;Kotak Quarterly Interval Plan Series 5-Growth - Direct;;;17.1565;16.9849;17.1565;10-Dec-2015
107631;Kotak Quarterly Interval Plan Series 6 - Dividend;INF174K01BY1;INF174K01BZ8;10.0525;9.952;10.0525;10-Dec-2015
107632;Kotak Quarterly Interval Plan Series 6 - Growth;INF174K01BX3;;18.5139;18.3288;18.5139;10-Dec-2015
120225;Kotak Quarterly Interval Plan Series 6 - Growth - Direct;;;18.5471;18.3616;18.5471;10-Dec-2015
109982;Kotak Quarterly Interval Plan Series 7 - Dividend;INF174K01CB7;INF174K01CC5;10.0262;9.9259;10.0262;10-Dec-2015
109981;Kotak Quarterly Interval Plan Series 7 - Growth;INF174K01CA9;;17.3226;17.1494;17.3226;10-Dec-2015
120228;Kotak Quarterly Interval Plan Series 7 - Growth - Direct;;;10.3224;10.2192;10.3224;10-Dec-2015
110569;Kotak Quarterly Interval Plan Series 9 - Dividend;INF174K01CH4;INF174K01CI2;10.0666;9.9659;10.0666;10-Dec-2015
110570;Kotak Quarterly Interval Plan Series 9 - Growth;INF174K01CG6;;16.628;16.4617;16.628;10-Dec-2015
120233;Kotak Quarterly Interval Plan Series 9 - Growth - Direct;;;16.6301;16.4638;16.6301;10-Dec-2015

Mirae Asset Mutual Fund
118847;Mirae Asset Short Term Bond Fund - Direct Plan - Growth;INF769K01BX0;;15.1306;15.0549;15.1306;10-Dec-2015
118850;Mirae Asset Short Term Bond Fund - Direct Plan - Weekly Dividend;;INF769K01CA6;12.8063;12.7423;12.8063;10-Dec-2015
112017;Mirae Asset Short Term Bond Fund - Regular - Growth Option;INF769K01168;;14.9029;14.8284;14.9029;10-Dec-2015
112020;Mirae Asset Short Term Bond Fund - Regular - Mly Dividend Option;INF769K01226;;10.3053;10.2538;10.3053;10-Dec-2015
112058;Mirae Asset Short Term Bond Fund - Regular - Quarterly Dividend Reinvestment Option;;INF769K01218;12.4280;12.3659;12.4280;10-Dec-2015
112056;Mirae Asset Short Term Bond Fund - Regular - Weekly Dividend Reinvestment Option;;INF769K01184;10.4034;10.3514;10.4034;10-Dec-2015

Nippon India Mutual Fund
124679;Reliance Interval Fund - II - Series 1 -Direct Plan -Growth Option;INF204KA1AI9;;12.0465;12.0465;12.0465;10-Dec-2015
124681;Reliance Interval Fund - II - Series 1 -Dividend Option;INF204KA1AJ7;INF204KA1AK5;10.0896;10.0896;10.0896;10-Dec-2015
124678;Reliance Interval Fund - II - Series 1 -Growth Plan;INF204KA1AL3;;12.0266;12.0266;12.0266;10-Dec-2015
124751;Reliance Interval Fund - II - Series 2 - Direct Plan - Dividend Plan - Dividend Option;INF204KA1AM1;INF204KA1AN9;12.1501;12.1501;12.1501;10-Dec-2015
124749;Reliance Interval Fund - II - Series 2 - Direct Plan - Growth Plan - Growth Option;INF204KA1AO7;;12.1501;12.1501;12.1501;10-Dec-2015
124750;Reliance Interval Fund - II - Series 2 - Dividend Plan - Dividend Option;INF204KA1AP4;INF204KA1AQ2;12.0213;12.0213;12.0213;10-Dec-2015
124748;Reliance Interval Fund - II - Series 2 - Growth Plan - Growth Option;INF204KA1AR0;;12.0213;12.0213;12.0213;10-Dec-2015
124755;Reliance Interval Fund - II - Series 3 - Direct Plan - Dividend Plan - Dividend Option;INF204KA1AS8;INF204KA1AT6;10.0755;10.0755;10.0755;10-Dec-2015
124753;Reliance Interval Fund - II - Series 3 - Direct Plan - Growth Plan - Growth Option;INF204KA1AU4;;11.9795;11.9795;11.9795;10-Dec-2015
124754;Reliance Interval Fund - II - Series 3 - Dividend Plan - Dividend Option;INF204KA1AV2;INF204KA1AW0;10.0741;10.0741;10.0741;10-Dec-2015
124752;Reliance Interval Fund - II - Series 3 - Growth Plan - Growth Option;INF204KA1AX8;;11.9422;11.9422;11.9422;10-Dec-2015
124876;Reliance Interval Fund - II - Series 4-Direct Plan-Growth Plan -Growth Option;INF204KA1BA4;;11.9093;11.9093;11.9093;10-Dec-2015
124877;Reliance Interval Fund - II - Series 4-Dividend Plan -Dividend Option;INF204KA1BB2;INF204KA1BC0;10.0619;10.0619;10.0619;10-Dec-2015
124874;Reliance Interval Fund - II - Series 4-Growth Plan-Growth Option;INF204KA1BD8;;11.8911;11.8911;11.8911;10-Dec-2015
120954;Reliance Yearly Interval Fund - Series 2 - Direct Plan - Dividend Plan - Dividend Option;INF204K01R83;INF204K01R91;10.7323;10.7323;10.7323;10-Dec-2015
120955;Reliance Yearly Interval Fund - Series 2 - Direct Plan - Growth Plan - Growth Option;INF204K01R75;-;12.8507;12.8507;12.8507;10-Dec-2015
120957;Reliance Yearly Interval Fund - Series 2 - Dividend Plan - Dividend Option;INF204K01R59;INF204K01R67;10.7235;10.7235;10.7235;10-Dec-2015
120956;Reliance Yearly Interval Fund - Series 2 - Growth Plan - Growth Option;INF204K01R42;-;12.8267;12.8267;12.8267;10-Dec-2015
121701;Reliance Yearly Interval Fund - Series 5 - Direct Plan - Growth Plan - Growth Option;INF204K01T57;-;12.6400;12.6400;12.6400;10-Dec-2015
121699;Reliance Yearly Interval Fund - Series 5 - Growth Plan - Growth Option;INF204K01T24;-;12.6089;12.6089;12.6089;10-Dec-2015
122653;Reliance Yearly Interval Fund - Series 8 - Direct Plan - Growth Plan - Growth Option;INF204K01V38;;12.2967;12.2967;12.2967;10-Dec-2015
122655;Reliance Yearly Interval Fund - Series 8 - Dividend Plan - Dividend Option;INF204K01V12;INF204K01V20;10.3902;10.3902;10.3902;10-Dec-2015
122652;Reliance Yearly Interval Fund - Series 8 - Growth Plan - Growth Option;INF204K01V04;;12.2784;12.2784;12.2784;10-Dec-2015
122726;Reliance Yearly Interval Fund - Series 9 - Direct Plan - Growth Plan - Growth Option;INF204K01V95;;12.2518;12.2518;12.2518;10-Dec-2015
122727;Reliance Yearly Interval Fund - Series 9 - Dividend Plan - Dividend Option;INF204K01V79;INF204K01V87;10.3411;10.3411;10.3411;10-Dec-2015
122729;Reliance Yearly Interval Fund - Series 9 - Growth Plan - Growth Option;INF204K01V61;;12.2322;12.2322;12.2322;10-Dec-2015

PGIM India Mutual Fund
119947;DHFL Pramerica Credit Opportunities Fund - Direct Plan- Growth Option;INF663L01997;;1482.6114;1452.9592;1482.6114;10-Dec-2015
119948;DHFL Pramerica Credit Opportunities Fund - Direct Plan-Dividend Option;INF663L01AB1;INF663L01AA3;1179.6461;1156.0532;1179.6461;10-Dec-2015
116045;DHFL Pramerica Credit Opportunities Fund - Dividend Option;INF663L01450;INF663L01468;1055.9413;1034.8225;1055.9413;10-Dec-2015
116044;DHFL Pramerica Credit Opportunities Fund - Growth Option;INF663L01443;;1462.2627;1433.0174;1462.2627;10-Dec-2015
120098;DHFL Pramerica Dynamic Monthly Income Fund - Direct Plan-Growth Option;INF663L01963;;13.9826;13.8428;13.9826;10-Dec-2015
120097;DHFL Pramerica Dynamic Monthly Income Fund - Direct Plan-Monthly Dividend Option;INF663L01989;INF663L01971;9.9250;9.8258;9.9250;10-Dec-2015
114805;DHFL Pramerica Dynamic Monthly Income Fund - Dividend Option;INF663L01336;INF663L01328;9.8616;9.7630;9.8616;10-Dec-2015
114804;DHFL Pramerica Dynamic Monthly Income Fund - Growth Option;INF663L01310;;13.6733;13.5366;13.6733;10-Dec-2015
127967;DHFL Pramerica Income Fund - Direct Plan- Growth Option;INF663L01EP3;;1206.6858;1206.6858;1206.6858;10-Dec-2015
127969;DHFL Pramerica Income Fund - Regular Plan - Growth Option;INF663L01EU3;;1198.3852;1198.3852;1198.3852;10-Dec-2015
116725;DHFL PRAMERICA SHORT TERM FLOATING RATE FUND - DAILY DIVIDEND  OPTION;;INF663L01567;1010.2400;1010.2400;1010.2400;10-Dec-2015
120107;DHFL PRAMERICA SHORT TERM FLOATING RATE FUND - DIRECT PLAN - DAILY DIVIDEND OPTION;;INF663L01AL0;1001.7950;1001.7950;1001.7950;10-Dec-2015
120108;DHFL PRAMERICA SHORT TERM FLOATING RATE FUND - DIRECT PLAN - GROWTH OPTION;INF663L01AK2;;1384.3892;1384.3892;1384.3892;10-Dec-2015
116685;DHFL PRAMERICA SHORT TERM FLOATING RATE FUND - GROWTH;INF663L01559;;1377.4739;1377.4739;1377.4739;10-Dec-2015
120113;DHFL Pramerica Short Term Income Fund - Direct Plan-Growth Option;INF663L01898;;1531.5161;1526.9216;1531.5161;10-Dec-2015
114584;DHFL Pramerica Short Term Income Fund - Fortnightly Dividend Option;;INF663L01237;1021.4841;1018.4196;1021.4841;10-Dec-2015
114587;DHFL Pramerica Short Term Income Fund - Growth Option;INF663L01211;;1509.7096;1505.1805;1509.7096;10-Dec-2015
114585;DHFL Pramerica Short Term Income Fund - Monthly Dividend Option;INF663L01260;INF663L01245;1001.6392;998.6343;1001.6392;10-Dec-2015
115702;DHFL Pramerica Short Term Income Fund - Quarterly Dividend Opt;INF663L01278;INF663L01252;1017.1564;1014.1049;1017.1564;10-Dec-2015
114583;DHFL Pramerica Short Term Income Fund - Weekly Dividend Option;;INF663L01229;1099.8989;1096.5992;1099.8989;10-Dec-2015
122263;DHFL Pramerica Short Term Income Fund-Bonus Option;INF663L01BJ2;;1510.2657;1505.7349;1510.2657;10-Dec-2015
120119;DHFL Pramerica Treasury Advantage Fund - Direct Plan-Growth Option;INF663L01823;;1483.2555;1472.1311;1483.2555;10-Dec-2015
115616;DHFL Pramerica Treasury Advantage Fund - Fortnightly Dividend Opt;INF663L01427;INF663L01401;1004.6961;997.1609;1004.6961;10-Dec-2015
115340;DHFL Pramerica Treasury Advantage Fund - Growth Option;INF663L01377;;1469.8652;1458.8412;1469.8652;10-Dec-2015
115339;DHFL Pramerica Treasury Advantage Fund - Monthly Dividend Option;INF663L01435;INF663L01419;1004.7042;997.1689;1004.7042;10-Dec-2015
115337;DHFL Pramerica Treasury Advantage Fund - Weekly Dividend Option;;INF663L01393;1002.3489;994.8313;1002.3489;10-Dec-2015
113360;DHFL Pramerica Ultra Short Term Bond Fund - Daily Dividend Option;;INF663L01153;1005.0000;1005.0000;1005.0000;10-Dec-2015
120128;DHFL Pramerica Ultra Short Term Bond Fund - Direct Plan-Daily Dividend Option;;INF663L01708;1002.4000;1002.4000;1002.4000;10-Dec-2015
120129;DHFL Pramerica Ultra Short Term Bond Fund - Direct Plan-Growth Option;INF663L01690;;1589.7879;1589.7879;1589.7879;10-Dec-2015
120130;DHFL Pramerica Ultra Short Term Bond Fund - Direct Plan-Monthly Dividend Option;INF663L01757;INF663L01732;1003.0489;1003.0489;1003.0489;10-Dec-2015
120127;DHFL Pramerica Ultra Short Term Bond Fund - Direct Plan-Weekly Dividend Option;;INF663L01716;1000.9381;1000.9381;1000.9381;10-Dec-2015
113357;DHFL Pramerica Ultra Short Term Bond Fund - Fortnightly Dividend Option;INF663L01195;INF663L01179;1007.4850;1007.4850;1007.4850;10-Dec-2015
113359;DHFL Pramerica Ultra Short Term Bond Fund - Growth Option;INF663L01146;;1559.0797;1559.0797;1559.0797;10-Dec-2015
113358;DHFL Pramerica Ultra Short Term Bond Fund - Monthly Dividend Option;INF663L01203;INF663L01187;1002.0961;1002.0961;1002.0961;10-Dec-2015
113356;DHFL Pramerica Ultra Short Term Bond Fund - Weekly Dividend Option;;INF663L01161;1000.1501;1000.1501;1000.1501;10-Dec-2015
122262;DHFL Pramerica Ultra Short Term Bond Fund-Bonus Option;INF663L01BH6;;1559.0223;1559.0223;1559.0223;10-Dec-2015

Principal Mutual Fund
119481;Principal Bank CD Fund - Direct Plan - Dividend Option-Monthly;INF173K01HW4;INF173K01HX2;1129.1753;1117.8835;1129.1753;10-Dec-2015
119480;Principal Bank CD Fund - Direct Plan - Growth Option;INF173K01HV6;;1913.1991;1894.0671;1913.1991;10-Dec-2015
106891;Principal Bank CD Fund - Growth Option;INF173K01BE5;;1891.0136;1872.1035;1891.0136;10-Dec-2015
106892;Principal Bank CD Fund -Div Option-monthly;INF173K01BF2;INF173K01BG0;1127.8285;1116.5502;1127.8285;10-Dec-2015

Sahara Mutual Fund
107234;Sahara Classic Fund- Dividend Option;INF515L01411;INF515L01429;19.7083;19.7083;19.7083;10-Dec-2015
120369;Sahara Classic Fund- Dividend Option- Direct;INF515L01AB3;INF515L01AC1;19.7083;19.7083;19.7083;10-Dec-2015
107233;Sahara Classic Fund- Growth Option;INF515L01437;;19.7047;19.7047;19.7047;10-Dec-2015
120368;Sahara Classic Fund- Growth Option- Direct;INF515L01AD9;;19.7210;19.7210;19.7210;10-Dec-2015
101403;Sahara Income Fund-Dividend;INF515L01015;INF515L01023;22.7241;22.7241;22.7241;10-Dec-2015
120241;Sahara Income Fund-Dividend- Direct;INF515L01619;INF515L01627;23.0269;23.0269;23.0269;10-Dec-2015
101404;Sahara Income Fund-Growth;INF515L01031;;27.5915;27.5915;27.5915;10-Dec-2015
120246;Sahara Income Fund-Growth-Direct;INF515L01635;;27.6785;27.6785;27.6785;10-Dec-2015
110261;SAHARA INTERVAL FUND QUARTERLY PLAN-SERIES 1 DIVIDEND;INF515L01502;INF515L01510;17.2279;17.2279;17.2279;10-Dec-2015
121661;SAHARA INTERVAL FUND QUARTERLY PLAN-SERIES 1 DIVIDEND OPTION - Direct;INF515L01AK4;INF515L01AL2;17.2279;17.2279;17.2279;10-Dec-2015
110260;SAHARA INTERVAL FUND QUARTERLY PLAN-SERIES 1 GROWTH;INF515L01528;;17.2276;17.2276;17.2276;10-Dec-2015
121662;SAHARA INTERVAL FUND QUARTERLY PLAN-SERIES 1 GROWTH Option - Direct;INF515L01AM0;;17.2528;17.2528;17.2528;10-Dec-2015
111781;SAHARA SHORT TERM BOND FUND- DIVIDEND REINVESTMENT;;INF515L01536;10.8551;10.8551;10.8551;10-Dec-2015
120378;SAHARA SHORT TERM BOND FUND- DIVIDEND REINVESTMENT- Direct;;INF515L01AN8;10.8758;10.8758;10.8758;10-Dec-2015
111782;SAHARA SHORT TERM BOND FUND-GROWTH;INF515L01544;;17.3390;17.3390;17.3390;10-Dec-2015
120379;SAHARA SHORT TERM BOND FUND-GROWTH- Direct;INF515L01AO6;;17.3780;17.3780;17.3780;10-Dec-2015

SBI Mutual Fund
119684;SBI Edge Fund - DIRECT PLAN - Dividend;INF200K01RE2;INF200K01RF9;12.4819;12.3571;12.4819;10-Dec-2015
119685;SBI Edge Fund - DIRECT PLAN - GROWTH;INF200K01RG7;;14.0827;13.9419;14.0827;10-Dec-2015
117907;SBI Edge Fund - REGULAR PLAN - Dividend;INF200K01QA2;INF200K01QB0;12.344;12.2206;12.344;10-Dec-2015
117906;SBI Edge Fund - REGULAR PLAN Growth;INF200K01PZ1;;13.9301;13.7908;13.9301;10-Dec-2015
132787;SBI INFLATION INDEXED BOND FUND - DIRECT PLAN - DIVIDEND;INF200K018V3;INF200K019V1;10.3507;10.3507;10.3507;10-Dec-2015
132783;SBI INFLATION INDEXED BOND FUND - DIRECT PLAN - GROWTH;INF200K017V5;;10.3456;10.3456;10.3456;10-Dec-2015
132785;SBI INFLATION INDEXED BOND FUND - REGULAR PLAN - DIVIDEND;INF200K015V9;INF200K016V7;10.2891;10.2891;10.2891;10-Dec-2015
132784;SBI INFLATION INDEXED BOND FUND - REGULAR PLAN - GROWTH;INF200K014V2;;10.2892;10.2892;10.2892;10-Dec-2015

Tata Mutual Fund
106136;Tata Treasury Manager Fund Super High Investment Plan Growth;INF277K01AG1;;1705.0937;1705.0937;1705.0937;10-Dec-2015

Taurus Mutual Fund
113073;Taurus MIP Advantage - Dividend Option;INF044D01AD7;INF044D01AE5;10.1939;10.0920;10.1939;10-Dec-2015
113072;Taurus MIP Advantage - Growth Option;INF044D01AG0;;14.4434;14.2990;14.4434;10-Dec-2015
118886;Taurus MIP Advantage-Direct Plan-Dividend Option;INF044D01CU7;INF044D01CV5;10.4350;10.3307;10.4350;10-Dec-2015
118885;Taurus MIP Advantage-Direct Plan-Growth Option;INF044D01CT9;;14.8490;14.7005;14.8490;10-Dec-2015

UTI Mutual Fund
100648;UTI - CRTS 81 - Dividend Option;;;140.5624;140.5624;140.5624;10-Dec-2015
120787;UTI - CRTS 81 - Dividend Option- Direct;;;142.2967;142.2967;142.2967;10-Dec-2015
104588;UTI - CRTS 81 - Growth Option;;;282.1773;282.1773;282.1773;10-Dec-2015
120788;UTI - CRTS 81 - Growth Option- Direct;;;285.1938;285.1938;285.1938;10-Dec-2015
101608;UTI - MIS-Growth;INF789F01AA8;;29.0712;29.0712;29.0712;10-Dec-2015
120776;UTI - MIS-Growth-Direct;INF789F01UV2;;29.5765;29.5765;29.5765;10-Dec-2015
101607;UTI - MIS-Income;INF789F01984;INF789F01992;11.9578;11.9578;11.9578;10-Dec-2015
120775;UTI - MIS-Income-Direct;INF789F01UT6;INF789F01UU4;12.1947;12.1947;12.1947;10-Dec-2015
112067;UTI Smart Woman Savings Plan - Dividend Option;;;29.9641;29.9641;29.9641;10-Dec-2015
120774;UTI Smart Woman Savings Plan - Dividend Option- Direct;;;30.4354;30.4354;30.4354;10-Dec-2015
112066;UTI Smart Woman Savings Plan - Growth Option;;;29.9641;29.9641;29.9641;10-Dec-2015
120773;UTI Smart Woman Savings Plan - Growth Option- Direct;;;30.434;30.434;30.434;10-Dec-2015

Open Ended Schemes ( Growth )


Aditya Birla Sun Life Mutual Fund
120528;Aditya Birla Sun Life Buy India Fund - Dividend - Direct Plan;INF209K01P31;INF209K01UO6;41.86;41.65;41.86;10-Dec-2015
103169;Aditya Birla Sun Life Buy India Fund - Dividend - Regular Plan;INF209K01116;INF209K01CC9;37.05;36.86;37.05;10-Dec-2015
120529;Aditya Birla Sun Life Buy India Fund - Growth - Direct Plan;INF209K01UP3;;95.36;94.88;95.36;10-Dec-2015
103170;Aditya Birla Sun Life Buy India Fund - Growth - Regular Plan;INF209K01124;;93.81;93.34;93.81;10-Dec-2015
119617;Aditya Birla Sun Life India Opportunities Fund - Dividend - Direct Plan;INF209K01P98;;34.43;34.09;34.43;10-Dec-2015
100065;Aditya Birla Sun Life India Opportunities Fund - Dividend - Regular Plan;INF209K01280;INF209K01CK2;25.37;25.12;25.37;10-Dec-2015
119618;Aditya Birla Sun Life India Opportunities Fund - Growth - Direct Plan;INF209K01VR7;;114.43;113.29;114.43;10-Dec-2015
100066;Aditya Birla Sun Life India Opportunities Fund - Growth - Regular Plan;INF209K01298;;112.45;111.33;112.45;10-Dec-2015
119537;Aditya Birla Sun Life India Reforms Fund - Dividend - Direct Plan;INF209K01ZA4;;13.63;13.50;13.63;10-Dec-2015
119536;Aditya Birla Sun Life India Reforms Fund - Growth - Direct Plan;INF209K01YZ4;;13.62;13.49;13.62;10-Dec-2015
112922;Aditya Birla Sun Life India Reforms Fund-DIVIDEND;INF209K01EL6;INF209K01EM4;11.24;11.13;11.24;10-Dec-2015
112921;Aditya Birla Sun Life India Reforms Fund-GROWTH;INF209K01EK8;;13.41;13.28;13.41;10-Dec-2015
119521;Aditya Birla Sun Life Long Term Advantage - Dividend - Direct Plan;INF209K01WJ2;;24.08;23.72;24.08;10-Dec-2015
119520;Aditya Birla Sun Life Long Term Advantage - Growth - Direct Plan;INF209K01WK0;;26.06;25.67;26.06;10-Dec-2015
104339;Aditya Birla Sun Life Long Term Fund- Growth Option;INF209K01SD3;;25.48;25.10;25.48;10-Dec-2015
104338;Aditya Birla Sun Life Long Term Fund-Dividend Option;INF209K01SE1;INF209K01SF8;18.98;18.70;18.98;10-Dec-2015
107505;Aditya Birla Sun Life Special Situations Fund - Dividend;INF209K01553;INF209K01CX5;14.4585;14.3139;14.4585;10-Dec-2015
119547;Aditya Birla Sun Life Special Situations Fund - Dividend - Direct Plan;INF209K01R05;INF209K01WX3;17.5755;17.3997;17.5755;10-Dec-2015
107504;Aditya Birla Sun Life Special Situations Fund - Growth;INF209K01561;;17.2698;17.0971;17.2698;10-Dec-2015
119546;Aditya Birla Sun Life Special Situations Fund - Growth - Direct Plan;INF209K01WW5;;17.5876;17.4117;17.5876;10-Dec-2015

Bandhan Mutual Fund
112068;IDFC Equity Fund -Plan B- Dividend;INF194K01243;INF194K01250;12.6157;12.6157;12.6157;10-Dec-2015
112069;IDFC Equity Fund -Plan B-Growth;INF194K01235;;18.1398;18.1398;18.1398;10-Dec-2015
111866;IDFC Imperial Equity Fund-Plan B - Dividend;INF194K01441;INF194K01458;12.5600;12.5600;12.5600;10-Dec-2015
111865;IDFC Imperial Equity Fund-Plan B - Growth;INF194K01433;;21.5037;21.5037;21.5037;10-Dec-2015
111861;IDFC Premier Equity Fund-Plan B - Dividend;INF194K01375;INF194K01383;27.2283;27.2283;27.2283;10-Dec-2015
111862;IDFC Premier Equity Fund_Plan B - Growth;INF194K01425;;51.8387;51.8387;51.8387;10-Dec-2015

Deutsche Mutual Fund
114965;DWS ALPHA EQUITY FUND - BONUS OPTION;INF223J01895;;16.06;15.90;16.06;10-Dec-2015
118938;DWS Alpha Equity Fund - Direct Plan - Bonus;INF223J01MM0;;16.33;16.17;16.33;10-Dec-2015
118937;DWS Alpha Equity Fund - Direct Plan - Dividend;INF223J01MJ6;INF223J01MK4;19.04;18.85;19.04;10-Dec-2015
118936;DWS Alpha Equity Fund - Direct Plan - Growth;INF223J01ML2;;122.60;121.37;122.60;10-Dec-2015
101628;DWS Alpha Equity Fund - Dividend;INF223J01218;INF223J01226;18.48;18.30;18.48;10-Dec-2015
101629;DWS Alpha Equity Fund - Growth;INF223J01234;;119.24;118.05;119.24;10-Dec-2015
111920;DWS Alpha Equity Fund Wealth Plan - Growth Option;INF223J01267;;24.83;24.58;24.83;10-Dec-2015
111919;DWS Alpha Equity Fund Wealth Plan -Dividend Option;INF223J01242;INF223J01259;14.02;13.88;14.02;10-Dec-2015
131026;DWS Arbitrage Fund - Direct Plan - Annual Dividend;INF223J012N9;INF223J017N8;11.1064;11.0509;11.1064;10-Dec-2015
130994;DWS Arbitrage Fund - Direct Plan - Growth;INF223J013N7;;11.1065;11.0510;11.1065;10-Dec-2015
131024;DWS Arbitrage Fund - Direct Plan - Monthly Dividend;INF223J011N1;INF223J016N0;10.5242;10.4716;10.5242;10-Dec-2015
131025;DWS Arbitrage Fund - Direct Plan - Quarterly Dividend;INF223J010N3;INF223J015N2;10.6647;10.6114;10.6647;10-Dec-2015
131023;DWS Arbitrage Fund - Direct Plan - Regular Dividend;INF223J019M6;INF223J014N5;10.9849;10.9300;10.9849;10-Dec-2015
131031;DWS Arbitrage Fund - Regular Plan - Annual Dividend;INF223J012M1;INF223J016M2;11.0357;10.9805;11.0357;10-Dec-2015
131022;DWS Arbitrage Fund - Regular Plan - Growth;INF223J019N4;;11.0328;10.9776;11.0328;10-Dec-2015
131029;DWS Arbitrage Fund - Regular Plan - Monthly Dividend;INF223J011M3;;10.4330;10.3808;10.4330;10-Dec-2015
131030;DWS Arbitrage Fund - Regular Plan - Quarterly Dividend;INF223J010M5;INF223J014M7;10.5388;10.4861;10.5388;10-Dec-2015
131033;DWS Arbitrage Fund - Regular Plan - Regular Dividend;INF223J019L8;INF223J013M9;10.7859;10.7320;10.7859;10-Dec-2015
102195;DWS Equity Income Fund - Annual Dividend option;INF223J01EZ9;INF223J01FA9;13.3966;13.2626;13.3966;10-Dec-2015
118964;DWS Equity Income Fund - Direct Plan - Annual Dividend;INF223J01QA6;INF223J01QB4;14.6761;14.5293;14.6761;10-Dec-2015
118965;DWS Equity Income Fund - Direct Plan - Growth;INF223J01QD0;;25.8608;25.6022;25.8608;10-Dec-2015
118966;DWS Equity Income Fund - Direct Plan - Monthly Dividend;INF223J01QE8;INF223J01QF5;11.8048;11.6868;11.8048;10-Dec-2015
118967;DWS Equity Income Fund - Direct Plan - Quarterly Dividend;INF223J01QG3;INF223J01QH1;11.8176;11.6994;11.8176;10-Dec-2015
102196;DWS Equity Income Fund - Growth Option;INF223J01FB7;;25.1053;24.8542;25.1053;10-Dec-2015
102193;DWS Equity Income Fund - Monthly Dividend option;INF223J01FC5;INF223J01FD3;11.6556;11.5390;11.6556;10-Dec-2015
102194;DWS Equity Income Fund - Quarterly  Dividend;INF223J01FE1;INF223J01FF8;11.5296;11.4143;11.5296;10-Dec-2015
114964;DWS INVESTMENT OPPORTUNITY FUND - BONUS OPTION;INF223J01903;;15.37;15.22;15.37;10-Dec-2015
118940;DWS Investment Opportunity Fund - Direct Plan - Dividend;INF223J01QV2;INF223J01QW0;21.17;20.96;21.17;10-Dec-2015
118939;DWS Investment Opportunity Fund - Direct Plan - Growth;INF223J01QX8;;55.22;54.67;55.22;10-Dec-2015
102203;DWS Investment Opportunity Fund - Dividend Option;INF223J01275;INF223J01283;16.28;16.12;16.28;10-Dec-2015
102204;DWS Investment Opportunity Fund - Growth Option;INF223J01291;;53.59;53.05;53.59;10-Dec-2015
111918;DWS Investment Opportunity Fund Wealth Plan- Dividend Option;INF223J01309;INF223J01317;18.56;18.37;18.56;10-Dec-2015
111917;DWS Investment Opportunity Fund Wealth Plan- Growth Option;INF223J01325;;24.24;24.00;24.24;10-Dec-2015

DSP Mutual Fund
105876;DSP BlackRock Equity Fund - Institutional Plan - Growth;INF740K01FY0;;21.451;21.236;21.451;10-Dec-2015
107354;DSP BlackRock Technology.com   Fund - Regular Plan - Dividend;INF740K01193;INF740K01201;31.474;31.159;31.474;10-Dec-2015
100090;DSP BlackRock Technology.com   Fund - Regular Plan - Growth;INF740K01219;;54.473;53.928;54.473;10-Dec-2015
119246;DSP BlackRock Technology.com Fund - Direct Plan - Dividend;INF740K01PP7;INF740K01PQ5;39.617;39.221;39.617;10-Dec-2015
119245;DSP BlackRock Technology.com Fund - Direct Plan - Growth;INF740K01PO0;;55.338;54.785;55.338;10-Dec-2015
105871;DSP Top 100 Equity Fund - Institutional  Plan - Dividend;INF740K01GG5;INF740K01GF7;15.066;14.915;15.066;10-Dec-2015
105872;DSP Top 100 Equity Fund - Institutional  Plan - Growth;INF740K01GE0;;20.987;20.777;20.987;10-Dec-2015

Edelweiss Mutual Fund
118645;Edelweiss Emerging Leaders Fund - Direct Plan- Dividend;INF754K01CJ9;INF754K01CK7;20.24;20.04;20.24;10-Dec-2015
118644;Edelweiss Emerging Leaders Fund - Direct Plan- Growth;INF754K01CM3;;20.87;20.66;20.87;10-Dec-2015
115632;Edelweiss Emerging Leaders Fund - Dividend;INF754K01772;INF754K01780;19.15;18.96;19.15;10-Dec-2015
115631;Edelweiss Emerging Leaders Fund - Growth;INF754K01764;;20.58;20.37;20.58;10-Dec-2015
118639;Edelweiss Equity Savings Advantage Fund - Direct Plan- Dividend Option;INF754K01DF5;INF754K01DH1;11.49;11.43;11.49;10-Dec-2015
112402;Edelweiss Equity Savings Advantage Fund - Dividend Option;INF754K01483;INF754K01509;11.49;11.43;11.49;10-Dec-2015
112387;Edelweiss Equity Savings Advantage Fund - Growth Option;INF754K01475;;15.82;15.74;15.82;10-Dec-2015
118638;Edelweiss Equity Savings Advantage Fund- Direct Plan- Growth Option;INF754K01DE8;;15.98;15.90;15.98;10-Dec-2015

Goldman Sachs Mutual Fund
118605;Goldman Sachs CNX 500 Fund - Direct Plan - Dividend Option;INF457M01083;INF457M01091;17.2688;17.0098;17.2688;10-Dec-2015
118606;Goldman Sachs CNX 500 Fund - Direct Plan - Growth Option;INF457M01075;;27.5915;27.1776;27.5915;10-Dec-2015
115749;Goldman Sachs CNX 500 Fund - Dividend Option;INF732E01201;INF732E01219;16.9788;16.7241;16.9788;10-Dec-2015
115748;Goldman Sachs CNX 500 Fund - Growth Option;INF732E01193;;27.1339;26.7269;27.1339;10-Dec-2015
118600;Goldman Sachs India Equity Fund - Direct Plan -Dividend Option;INF457M01059;INF457M01067;19.08;18.89;19.08;10-Dec-2015
118601;Goldman Sachs India Equity Fund - Direct Plan -Growth Option;INF457M01042;;19.08;18.89;19.08;10-Dec-2015
117992;Goldman Sachs India Equity Fund - Dividend Plan;INF457M01026;INF457M01034;18.71;18.52;18.71;10-Dec-2015
117993;Goldman Sachs India Equity Fund - Growth Plan;INF457M01018;;18.71;18.52;18.71;10-Dec-2015

HDFC Mutual Fund
119064;HDFC Index Fund Sensex Plus Plan-Direct Plan;INF179K01WO7;;334.5748;331.2291;334.5748;10-Dec-2015
101282;HDFC Index Fund-Sensex Plus( FV-Rs32.161);INF179K01LB7;;331.4923;328.1774;331.4923;10-Dec-2015

HSBC Mutual Fund
105227;HSBC Dividend Yield Equity Fund - Dividend;INF336L01BC0;INF336L01BB2;15.1755;15.1755;15.1755;10-Dec-2015
105228;HSBC Dividend Yield Equity Fund - Growth;INF336L01BD8;;15.1755;15.1755;15.1755;10-Dec-2015
120080;HSBC Dividend Yield Equity Fund-Dividend Direct;INF336L01EK7;INF336L01EL5;15.4955;15.4955;15.4955;10-Dec-2015
120081;HSBC Dividend Yield Equity Fund-Growth Direct;INF336L01EM3;;15.4955;15.4955;15.4955;10-Dec-2015

ICICI Prudential Mutual Fund
103028;ICICI Prudential Blended Plan A -  Dividend;INF109K01DZ0;INF109K01AO0;13.6156;13.5475;13.6156;10-Dec-2015
103027;ICICI Prudential Blended Plan A - Growth;INF109K01AP7;;22.2781;22.1667;22.2781;10-Dec-2015
120311;ICICI Prudential Blended Plan A-Direct Plan -  Dividend;INF109K013C6;INF109K014C4;13.6695;13.6012;13.6695;10-Dec-2015
120310;ICICI Prudential Blended Plan A-Direct Plan -  Growth;INF109K015C1;;22.5718;22.4589;22.5718;10-Dec-2015

JPMorgan Mutual Fund
133490;JPMorgan India Economic Resurgence Fund - Direct Plan - Dividend Option;INF843K01KL9;INF843K01KM7;9.578;9.482;9.578;10-Dec-2015
133489;JPMorgan India Economic Resurgence Fund - Direct Plan - Growth Option;INF843K01KK1;;9.61;9.514;9.61;10-Dec-2015
133492;JPMorgan India Economic Resurgence Fund - Regular Plan - Dividend Option;INF843K01KO3;INF843K01KP0;9.518;9.423;9.518;10-Dec-2015
133491;JPMorgan India Economic Resurgence Fund - Regular Plan - Growth Option;INF843K01KN5;;9.518;9.423;9.518;10-Dec-2015
119866;JPMorgan India Equity Fund - Direct Plan - Dividend Option;INF843K01AM8;INF843K01AN6;16.473;16.308;16.473;10-Dec-2015
119867;JPMorgan India Equity Fund - Direct Plan - Growth Option;INF843K01AL0;;22.213;21.991;22.213;10-Dec-2015
105583;JPMorgan India Equity Fund - Regular Plan - Dividend Option;INF843K01054;INF843K01062;15.994;15.834;15.994;10-Dec-2015
105582;JPMorgan India Equity Fund - Regular Plan - Growth Option;INF843K01047;;21.471;21.256;21.471;10-Dec-2015
131415;JPMorgan India Equity Income Fund - Direct Plan - Bonus Option;INF843K01KD6;;10.7723;10.6646;10.7723;10-Dec-2015
131413;JPMorgan India Equity Income Fund - Direct Plan - Dividend Option;INF843K01KE4;INF843K01KF1;10.4199;10.3157;10.4199;10-Dec-2015
131412;JPMorgan India Equity Income Fund - Direct Plan - Growth Option;INF843K01KC8;;10.7753;10.6675;10.7753;10-Dec-2015
131417;JPMorgan India Equity Income Fund - Regular Plan - Bonus Option;INF843K01KH7;;10.7124;10.6053;10.7124;10-Dec-2015
131414;JPMorgan India Equity Income Fund - Regular Plan - Dividend Option;INF843K01KI5;INF843K01KJ3;10.2619;10.1593;10.2619;10-Dec-2015
131416;JPMorgan India Equity Income Fund - Regular Plan - Growth Option;INF843K01KG9;;10.7116;10.6045;10.7116;10-Dec-2015
119868;JPMorgan India Mid and Small Cap Fund - Direct Plan - Dividend Option;INF843K01AP1;INF843K01AQ9;18.793;18.605;18.793;10-Dec-2015
119869;JPMorgan India Mid and Small Cap Fund - Direct Plan - Growth Option;INF843K01AO4;;19.506;19.311;19.506;10-Dec-2015
107302;JPMorgan India Mid and Small Cap Fund - Regular Plan - Dividend Option;INF843K01021;INF843K01039;17.4;17.226;17.4;10-Dec-2015
107301;JPMorgan India Mid and Small Cap Fund - Regular Plan - Growth Option;INF843K01013;;18.873;18.684;18.873;10-Dec-2015
129990;JPMorgan India Top 100 Fund - Direct Plan - Dividend Option;INF843K01IT6;INF843K01IU4;11.053;10.942;11.053;10-Dec-2015
129987;JPMorgan India Top 100 Fund - Direct Plan - Growth Option;INF843K01IS8;;11.113;11.002;11.113;10-Dec-2015
129989;JPMorgan India Top 100 Fund - Regular Plan - Dividend Option;INF843K01IW0;INF843K01IX8;10.914;10.805;10.914;10-Dec-2015
129988;JPMorgan India Top 100 Fund - Regular Plan - Growth Option;INF843K01IV2;;10.914;10.805;10.914;10-Dec-2015

Mirae Asset Mutual Fund
118829;Mirae Asset Global Commodity Stocks - Direct Plan - Dividend;INF769K01BC4;INF769K01BD2;8.466;8.297;8.466;10-Dec-2015
118828;Mirae Asset Global Commodity Stocks - Direct Plan - Growth;INF769K01BB6;;8.531;8.360;8.531;10-Dec-2015
109137;Mirae Asset Global Commodity Stocks - Dividend Option;INF769K01069;INF769K01051;8.324;8.158;8.324;10-Dec-2015
109138;Mirae Asset Global Commodity Stocks - Growth Option;INF769K01044;;8.324;8.158;8.324;10-Dec-2015

Nippon India Mutual Fund
118640;Reliance Focused Large Cap Fund - Direct Plan Dividend Plan;INF204K01XJ1;INF204K01XK9;19.2858;19.0929;19.2858;10-Dec-2015
118641;Reliance Focused Large Cap Fund - Direct Plan Growth Plan - Bonus Option;INF204K01D48;;23.1284;22.8971;23.1284;10-Dec-2015
118643;Reliance Focused Large Cap Fund - Direct Plan Growth Plan - Growth Option;INF204K01XL7;;23.1284;22.8971;23.1284;10-Dec-2015
103749;Reliance Focused Large Cap Fund-Dividend Plan;INF204K01653;INF204K01661;19.0875;18.8966;19.0875;10-Dec-2015
103748;Reliance Focused Large Cap Fund-Growth Plan-Bonus Option;INF204K01679;;22.6982;22.4712;22.6982;10-Dec-2015
103747;Reliance Focused Large Cap Fund-Growth Plan-Growth Option;INF204K01687;;22.6982;22.4712;22.6982;10-Dec-2015

PGIM India Mutual Fund
120088;DHFL Pramerica Dynamic Asset Allocation Fund - Direct Plan-Growth Option;INF663L01765;;12.43;12.31;12.43;10-Dec-2015
114310;DHFL Pramerica Dynamic Asset Allocation Fund - Dividend Option;INF663L01054;INF663L01062;11.31;11.20;11.31;10-Dec-2015
114309;DHFL Pramerica Dynamic Asset Allocation Fund - Growth Option;INF663L01047;;12.26;12.14;12.26;10-Dec-2015
120087;DHFL Pramerica Dynamic Asset Allocation Fund- Direct Plan-Dividend Option;INF663L01781;INF663L01773;11.45;11.34;11.45;10-Dec-2015
120099;DHFL Pramerica Large Cap Equity Fund - Direct Plan-Dividend Option;INF663L01815;INF663L01807;11.34;11.23;11.34;10-Dec-2015
120100;DHFL Pramerica Large Cap Equity Fund - Direct Plan-Growth Option;INF663L01799;;12.27;12.15;12.27;10-Dec-2015
114308;DHFL Pramerica Large Cap Equity Fund - Dividend Option;INF663L01021;INF663L01039;11.18;11.07;11.18;10-Dec-2015
114307;DHFL Pramerica Large Cap Equity Fund - Growth Option;INF663L01013;;12.09;11.97;12.09;10-Dec-2015

Principal Mutual Fund
129726;Principal Index Fund- Midcap- Direct Plan - Dividend Option;INF173K01KM9;INF173K01KO5;14.3325;14.1892;14.3325;10-Dec-2015
129725;Principal Index Fund- Midcap- Direct Plan - Growth;INF173K01KP2;;14.3325;14.1892;14.3325;10-Dec-2015
129727;Principal Index Fund- Midcap- Regular Plan - Dividend Option;INF173K01KI7;INF173K01KK3;14.2164;14.0742;14.2164;10-Dec-2015
129728;Principal Index Fund- Midcap- Regular Plan - Growth;INF173K01KL1;;14.2164;14.0742;14.2164;10-Dec-2015

Sahara Mutual Fund
120373;SAHARA BANKING & FINANCIAL SERVICES FUND- GROWTH - Direct;INF515L01AJ6;;41.9898;41.5699;41.9898;10-Dec-2015
109493;SAHARA BANKING & FINANCIAL SERVICES FUND- GROWTH OPTION;INF515L01494;;41.4768;41.0620;41.4768;10-Dec-2015
120374;SAHARA BANKING & FINANCIAL SERVICES FUND-DIVIDEND - Direct;INF515L01AH0;INF515L01AI8;14.8137;14.6656;14.8137;10-Dec-2015
109494;SAHARA BANKING & FINANCIAL SERVICES FUND-DIVIDEND OPTION;INF515L01478;INF515L01486;14.6638;14.5172;14.6638;10-Dec-2015
101529;Sahara Growth Fund-Dividend;INF515L01155;INF515L01163;32.0443;31.7239;32.0443;10-Dec-2015
120288;Sahara Growth Fund-Dividend- Direct;INF515L01759;INF515L01767;32.3784;32.0546;32.3784;10-Dec-2015
101528;Sahara Growth Fund-Growth;INF515L01171;;110.4248;109.3206;110.4248;10-Dec-2015
120289;Sahara Growth Fund-Growth- Direct;INF515L01775;;114.0732;112.9325;114.0732;10-Dec-2015
120352;Sahara Infrastructure Fund ---FIXED PRICING -Direct-Dividend;INF515L01924;INF515L01932;13.0630;12.9324;13.0630;10-Dec-2015
120353;Sahara Infrastructure Fund ---FIXED PRICING OPTION-Direct-Growth;INF515L01940;;17.8281;17.6498;17.8281;10-Dec-2015
103730;Sahara Infrastructure Fund ---FIXED PRICING OPTION-Dividend Option;INF515L01320;INF515L01338;12.9591;12.8295;12.9591;10-Dec-2015
103731;Sahara Infrastructure Fund ---FIXED PRICING OPTION-Growth Option;INF515L01346;;17.7463;17.5688;17.7463;10-Dec-2015
120354;Sahara Infrastructure Fund ---VARIABLE PRICING OPTION-Direct-Dividend;INF515L01957;INF515L01965;14.3278;14.1845;14.3278;10-Dec-2015
120355;Sahara Infrastructure Fund ---VARIABLE PRICING OPTION-Direct-Growth;INF515L01973;;19.4600;19.2654;19.4600;10-Dec-2015
103732;Sahara Infrastructure Fund ---VARIABLE PRICING OPTION-Dividend Option;INF515L01353;INF515L01361;14.2410;14.0986;14.2410;10-Dec-2015
103733;Sahara Infrastructure Fund ---VARIABLE PRICING OPTION-Growth Option;INF515L01379;;19.3597;19.1661;19.3597;10-Dec-2015
100798;Sahara Midcap Fund-Auto Payout;INF515L01247;;53.9811;53.4413;53.9811;10-Dec-2015
120295;Sahara Midcap Fund-Auto Payout- Direct;INF515L01841;;54.4682;53.9235;54.4682;10-Dec-2015
100799;Sahara Midcap Fund-Bonus;INF515L01254;;53.9811;53.4413;53.9811;10-Dec-2015
120296;Sahara Midcap Fund-Bonus- Direct;INF515L01858;;54.4682;53.9235;54.4682;10-Dec-2015
120298;Sahara Midcap Fund-Dividend -Direct;INF515L01817;INF515L01825;23.9543;23.7148;23.9543;10-Dec-2015
100797;Sahara Midcap Fund-Dividend Plan;INF515L01213;INF515L01221;23.8008;23.5628;23.8008;10-Dec-2015
120297;Sahara Midcap Fund-Growth Option - Direct;INF515L01833;;54.4682;53.9235;54.4682;10-Dec-2015
100796;Sahara Midcap Fund-Growth Plan;INF515L01239;;53.9811;53.4413;53.9811;10-Dec-2015
108320;Sahara Power & Natural Resources Fund - Dividend Option;INF515L01445;INF515L01452;11.8031;11.6851;11.8031;10-Dec-2015
120371;Sahara Power & Natural resources Fund- Growth - Direct;INF515L01AG2;;13.9488;13.8093;13.9488;10-Dec-2015
108321;Sahara Power & Natural resources Fund- Growth Option;INF515L01460;;13.8385;13.7001;13.8385;10-Dec-2015
120370;Sahara Power & Natural Resources Fund-Dividend - Direct;INF515L01AE7;INF515L01AF4;11.9035;11.7845;11.9035;10-Dec-2015
106744;Sahara R.E.A.L Fund - Dividend Option;INF515L01387;INF515L01395;14.9442;14.7948;14.9442;10-Dec-2015
120360;Sahara R.E.A.L Fund - Dividend Option- Direct;INF515L01981;INF515L01999;15.0737;14.9230;15.0737;10-Dec-2015
106745;Sahara R.E.A.L Fund - Growth  Fund;INF515L01403;;14.9420;14.7926;14.9420;10-Dec-2015
120361;Sahara R.E.A.L Fund - Growth  Fund- Direct;INF515L01AA5;;15.3452;15.1917;15.3452;10-Dec-2015
120387;Sahara Star Value Fund-Dividend - Direct;INF515L01AS7;INF515L01AT5;14.1974;14.0554;14.1974;10-Dec-2015
112104;Sahara Star Value Fund-Dividend Option;INF515L01585;INF515L01593;14.0848;13.9440;14.0848;10-Dec-2015
120386;Sahara Star Value Fund-Growth - Direct;INF515L01AU3;;19.4075;19.2134;19.4075;10-Dec-2015
112105;Sahara Star Value Fund-Growth Option;INF515L01601;;18.0428;17.8624;18.0428;10-Dec-2015
120383;Sahara Super 20 Fund - Dividend - Direct;INF515L01AP3;INF515L01AQ1;15.5762;15.4204;15.5762;10-Dec-2015
112036;Sahara Super 20 Fund - Dividend Option;INF515L01551;INF515L01569;15.3995;15.2455;15.3995;10-Dec-2015
120382;Sahara Super 20 Fund - Growth - Direct;INF515L01AR9;;15.6199;15.4637;15.6199;10-Dec-2015
112037;Sahara Super 20 Fund - Growth Option;INF515L01577;;15.4141;15.2600;15.4141;10-Dec-2015
120341;Sahara Wealth Plus Fund-Fixed Pricing Option-Direct-Dividend Option;INF515L01866;INF515L01874;25.1695;24.9178;25.1695;10-Dec-2015
120340;Sahara Wealth Plus Fund-Fixed Pricing Option-Direct-Growth;INF515L01882;;35.3834;35.0296;35.3834;10-Dec-2015
103119;Sahara Wealth Plus Fund-Fixed Pricing Option-Dividend Option;INF515L01262;INF515L01270;24.9787;24.7289;24.9787;10-Dec-2015
103120;Sahara Wealth Plus Fund-Fixed Pricing Option-Growth Option;INF515L01288;;35.0721;34.7214;35.0721;10-Dec-2015
120344;Sahara Wealth Plus Fund-Variable Pricing Option-Direct -Dividend;INF515L01890;INF515L01908;28.0492;27.7687;28.0492;10-Dec-2015
120345;Sahara Wealth Plus Fund-Variable Pricing Option-Direct-Growth;INF515L01916;;38.7499;38.3624;38.7499;10-Dec-2015
103121;Sahara Wealth Plus Fund-Variable Pricing Option-Dividend Option;INF515L01296;INF515L01304;27.8445;27.5661;27.8445;10-Dec-2015
103122;Sahara Wealth Plus Fund-Variable Pricing Option-Growth Option;INF515L01312;;38.4062;38.0221;38.4062;10-Dec-2015

Sundaram Mutual Fund
119600;Sundaram Entertainment Opportunities Fund - Direct Plan - Dividend Option;INF903J01MW6;INF903J01MX4;14.7576;14.6100;14.7576;10-Dec-2015
109130;Sundaram Entertainment Opportunities Fund - Inst  Growth;INF903J01710;;20.5318;20.3265;20.5318;10-Dec-2015
109131;Sundaram Entertainment Opportunities Fund - Regular Dividend;INF903J01660;INF903J01678;14.5834;14.4376;14.5834;10-Dec-2015
109129;Sundaram Entertainment Opportunities Fund - Regular Growth;INF903J01686;;19.9215;19.7223;19.9215;10-Dec-2015
119599;Sundaram Entertainment Opportunities Fund -Direct Plan - Growth Option;INF903J01MY2;;20.1725;19.9708;20.1725;10-Dec-2015
119593;Sundaram Growth Fund - Direct Plan - Dividend Option;INF903J01MQ8;INF903J01MR6;9.3339;9.1472;9.3339;10-Dec-2015
119592;Sundaram Growth Fund - Direct Plan - Growth Option;INF903J01MS4;;105.3810;103.2734;105.3810;10-Dec-2015
112063;Sundaram Growth Fund- Inst Dividend;INF903J01363;INF903J01371;9.8459;9.6490;9.8459;10-Dec-2015
100612;Sundaram Growth Fund-Dividend;INF903J01330;INF903J01348;9.2784;9.0928;9.2784;10-Dec-2015
100613;Sundaram Growth Fund-Growth;INF903J01355;;103.7174;101.6431;103.7174;10-Dec-2015

UTI Mutual Fund
120756;UTI Bluechip Flexicap Fund - Direct Plan - Dividend Option;INF789F01TV4;INF789F01TW2;19.6947;19.6947;19.69;10-Dec-2015
120757;UTI Bluechip Flexicap Fund - Direct Plan - Growth Option;INF789F01TX0;;23.3961;23.3961;23.4;10-Dec-2015
103455;UTI Bluechip Flexicap Fund - Regular Plan - Dividend Option;INF789F01760;INF789F01778;19.5107;19.5107;19.51;10-Dec-2015
103457;UTI Bluechip Flexicap Fund - Regular Plan - Growth option;INF789F01786;;23.1928;23.1928;23.19;10-Dec-2015
131161;UTI Multi Cap Fund - Dividend Option;INF789FA1XV4;INF789FA1XW2;10.2626;10.2626;10.2626;10-Dec-2015
131162;UTI Multi Cap Fund - Dividend Option - Direct;INF789FA1XS0;INF789FA1XT8;10.335;10.335;10.335;10-Dec-2015
131163;UTI Multi Cap Fund - Growth Option;INF789FA1XX0;;10.2626;10.2626;10.2626;10-Dec-2015
131164;UTI Multi Cap Fund - Growth Option - Direct;INF789FA1XU6;;10.3349;10.3349;10.3349;10-Dec-2015

Open Ended Schemes ( Balanced )


HDFC Mutual Fund
100121;HDFC Balanced Fund - Dividend Option;INF179K01376;INF179K01384;26.547;26.282;26.547;10-Dec-2015
100122;HDFC Balanced Fund - Growth Option;INF179K01392;;105.896;104.837;105.896;10-Dec-2015
118932;HDFC Balanced Fund -Direct Plan - Dividend Option;INF179K01UX2;INF179K01UY0;28.548;28.263;28.548;10-Dec-2015
118933;HDFC Balanced Fund -Direct Plan - Growth Option;INF179K01UZ7;;108.104;107.023;108.104;10-Dec-2015
101978;HDFC Prudence Fund - Dividend Option;INF179K01AT2;INF179K01AU0;31.161;30.849;31.161;10-Dec-2015
101977;HDFC Prudence Fund - Growth Option;INF179K01AV8;;365.977;362.317;365.977;10-Dec-2015
118990;HDFC Prudence Fund -Direct Plan - Dividend Option;INF179K01YA2;INF179K01YB0;34.476;34.131;34.476;10-Dec-2015
118991;HDFC Prudence Fund -Direct Plan - Growth Option;INF179K01YC8;;372.718;368.991;372.718;10-Dec-2015

JPMorgan Mutual Fund
134154;JPMorgan India Balanced Advantage Fund - Direct Plan - Dividend Option;INF843K01KS4;INF843K01KT2;9.4411;9.3467;9.4411;10-Dec-2015
134150;JPMorgan India Balanced Advantage Fund - Direct Plan - Growth Option;INF843K01KQ8;;9.5239;9.4287;9.5239;10-Dec-2015
134153;JPMorgan India Balanced Advantage Fund - Regular Plan - Bonus Option;INF843K01KV8;;9.4143;9.3202;9.4143;10-Dec-2015
134155;JPMorgan India Balanced Advantage Fund - Regular Plan - Dividend Option;INF843K01KW6;INF843K01KX4;9.4143;9.3202;9.4143;10-Dec-2015
134152;JPMorgan India Balanced Advantage Fund - Regular Plan - Growth Option;INF843K01KU0;;9.4143;9.3202;9.4143;10-Dec-2015

Open Ended Schemes ( Liquid )


Deutsche Mutual Fund
122676;DWS INSTA CASH PLUS FUND - Annual Bonus Option;INF223J01WV0;;113.9059;113.9059;113.9059;10-Dec-2015
116363;DWS Insta Cash Plus Fund - Annual Dividend Option;INF223J01IP1;INF223J01IQ9;122.3267;122.3267;122.3267;10-Dec-2015
106468;DWS INSTA CASH PLUS FUND - BONUS OPTION;INF223J01BQ4;;131.0080;131.0080;131.0080;10-Dec-2015
122675;DWS Insta Cash Plus Fund - Direct Plan -  Annual Bonus Option;INF223J01WW8;;116.0928;116.0928;116.0928;10-Dec-2015
119003;DWS Insta Cash Plus Fund - Direct Plan -  Regular Bonus;INF223J01NQ9;;131.3518;131.3518;131.3518;10-Dec-2015
118997;DWS Insta Cash Plus Fund - Direct Plan - Annual Dividend;INF223J01NO4;INF223J01NP1;132.1090;132.1090;132.1090;10-Dec-2015
118998;DWS Insta Cash Plus Fund - Direct Plan - Daily Dividend;;INF223J01NR7;100.3040;100.3040;100.3040;10-Dec-2015
119000;DWS Insta Cash Plus Fund - Direct Plan - Growth;INF223J01NS5;;192.0774;192.0774;192.0774;10-Dec-2015
119002;DWS Insta Cash Plus Fund - Direct Plan - Weekly Dividend;INF223J01NV9;INF223J01NW7;100.6277;100.6277;100.6277;10-Dec-2015
122205;DWS Insta Cash Plus Fund - Direct Plan -Monthly Bonus;INF223J01VE8;;126.2604;126.2604;126.2604;10-Dec-2015
106470;DWS Insta Cash Plus Fund - Monthly Dividend;INF223J01BR2;INF223J01BS0;105.0378;105.0378;105.0378;10-Dec-2015
105672;DWS INSTA CASH PLUS FUND - Regular Plan BONUS OPTION;INF223J01BH3;;12.1719;12.1719;12.1719;10-Dec-2015
106472;DWS Insta Cash Plus Fund - Weekly Dividend;INF223J01BT8;INF223J01BU6;100.6269;100.6269;100.6269;10-Dec-2015
106471;DWS Insta Cash Plus Fund -Growth;INF223J01BP6;;191.6321;191.6321;191.6321;10-Dec-2015
106467;DWS Insta Cash Plus Fund-Daily Dividend;;INF223J01BO9;100.3040;100.3040;100.3040;10-Dec-2015
101718;DWS Insta Cash Plus Fund-DIVIDEND-Daily Dividend;;INF223J01BI1;10.3010;10.3010;10.3010;10-Dec-2015
101717;DWS Insta Cash Plus Fund-DIVIDEND-MONTHLY DIVIDEND;INF223J01BK7;INF223J01BL5;10.0913;10.0913;10.0913;10-Dec-2015
101716;DWS Insta Cash Plus Fund-DIVIDEND-WEEKLY DIVIDEND;INF223J01BM3;INF223J01BN1;10.3609;10.3609;10.3609;10-Dec-2015
101719;DWS Insta Cash Plus Fund-Growth-GROWTH;INF223J01BJ9;;23.0564;23.0564;23.0564;10-Dec-2015
101722;DWS Insta Cash Plus Fund-Institutional Plan-Daily Dividend;;INF223J01BA8;10.0516;10.0516;10.0516;10-Dec-2015
101721;DWS Insta Cash Plus Fund-Institutional Plan-Growth;INF223J01BB6;;21.8658;21.8658;21.8658;10-Dec-2015
122206;DWS INSTA CASH PLUS FUND-Monthly Bonus Option;INF223J01VD0;;109.3872;109.3872;109.3872;10-Dec-2015
116368;DWS Insta CashPlus Fund - Quarterly Dividend Option;INF223J01IN6;INF223J01IO4;131.5907;131.5907;131.5907;10-Dec-2015
116370;DWS Treasury Fund - Cash Plan - Annual Dividend;INF223J01SF1;INF223J01SG9;138.8894;138.8894;138.8894;10-Dec-2015
114966;DWS Treasury Fund - Cash Plan - Bonus;INF223J01SA2;;134.8474;134.8474;134.8474;10-Dec-2015
112228;DWS Treasury Fund - Cash Plan - Daily Dividend;;INF223J01SB0;100.3910;100.3910;100.3910;10-Dec-2015
119008;DWS Treasury Fund - Cash Plan - Direct Plan - Daily Dividend;;INF223J01PH3;100.3910;100.3910;100.3910;10-Dec-2015
119009;DWS Treasury Fund - Cash Plan - Direct Plan - Growth;INF223J01PI1;;159.3587;159.3587;159.3587;10-Dec-2015
122210;DWS Treasury Fund - Cash Plan - Direct Plan - Monthly Bonus;INF223J01VO7;;126.3490;126.3490;126.3490;10-Dec-2015
119010;DWS Treasury Fund - Cash Plan - Direct Plan - Monthly Dividend;INF223J01PJ9;INF223J01PK7;109.3972;109.3972;109.3972;10-Dec-2015
119013;DWS Treasury Fund - Cash Plan - Direct Plan - Weekly Dividend;INF223J01PN1;INF223J01PO9;109.6807;109.6807;109.6807;10-Dec-2015
112221;DWS Treasury Fund - Cash Plan - Growth;INF223J01SC8;;158.4937;158.4937;158.4937;10-Dec-2015
112227;DWS Treasury Fund - Cash Plan - Institiutional - Daily Dividend;;INF223J01DZ1;100.4970;100.4970;100.4970;10-Dec-2015
112222;DWS Treasury Fund - Cash Plan - Institiutional - Growth;INF223J01EA2;;155.9926;155.9926;155.9926;10-Dec-2015
122209;DWS Treasury Fund - Cash Plan - Monthly Bonus;INF223J01VN9;;125.6358;125.6358;125.6358;10-Dec-2015
112965;DWS Treasury Fund - Cash Plan - Monthly Dividend;INF223J01RW8;INF223J01RX6;107.9349;107.9349;107.9349;10-Dec-2015
116391;DWS Treasury Fund - Cash Plan - Quarterly Dividend;INF223J01SD6;INF223J01SE4;115.5022;115.5022;115.5022;10-Dec-2015
112964;DWS Treasury Fund - Cash Plan - Weekly Dividend;INF223J01RY4;INF223J01RZ1;109.6276;109.6276;109.6276;10-Dec-2015
116395;DWS Treasury Fund - Investment - Annual Dividend;INF223J01KV5;INF223J01KW3;13.9455;13.9455;13.9455;10-Dec-2015
114967;DWS Treasury Fund - Investment - Bonus;INF223J01EW6;;12.2365;12.2365;12.2365;10-Dec-2015
122981;DWS Treasury Fund - Investment - Direct Plan - Annual Bonus;INF223J01XG9;;16.2864;16.2864;16.2864;10-Dec-2015
119022;DWS Treasury Fund - Investment - Direct Plan - Growth;INF223J01PT8;;16.3575;16.3575;16.3575;10-Dec-2015
119026;DWS Treasury Fund - Investment - Direct Plan - Weekly Dividend;INF223J01PY8;INF223J01PZ5;11.0225;11.0225;11.0225;10-Dec-2015
119027;DWS Treasury Fund - Investment - Direct Plan-Monthly Dividend;INF223J01PU6;INF223J01PV4;10.6935;10.6935;10.6935;10-Dec-2015
122213;DWS Treasury Fund - Investment - Quarterly Bonus;INF223J01VP4;;11.6242;11.6242;11.6242;10-Dec-2015
122980;DWS Treasury Fund - Investment Plan - Annual Bonus;INF223J01XF1;;11.1650;11.1650;11.1650;10-Dec-2015
112226;DWS Treasury Fund - Investment Plan - Daily Dividend;;INF223J01EX4;10.2220;10.2220;10.2220;10-Dec-2015
122214;DWS Treasury Fund - Investment Plan - Direct Plan -  Quarterly Bonus;INF223J01VQ2;;10.6940;10.6940;10.6940;10-Dec-2015
119021;DWS Treasury Fund - Investment Plan - Direct Plan - Bonus;INF223J01PP6;;12.2912;12.2912;12.2912;10-Dec-2015
119023;DWS Treasury Fund - Investment Plan - Direct Plan - Daily Dividend;;INF223J01PS0;10.2220;10.2220;10.2220;10-Dec-2015
112223;DWS Treasury Fund - Investment Plan - Growth;INF223J01EY2;;16.2573;16.2573;16.2573;10-Dec-2015
112225;DWS Treasury Fund - Investment Plan - Institiutional - Daily Dividend;;INF223J01EO3;10.0417;10.0417;10.0417;10-Dec-2015
112224;DWS Treasury Fund - Investment Plan - Institiutional - Growth;INF223J01EP0;;15.8801;15.8801;15.8801;10-Dec-2015
112968;DWS Treasury Fund - Investment Plan - Monthly Dividend;INF223J01ES4;INF223J01ET2;10.6331;10.6331;10.6331;10-Dec-2015
116394;DWS Treasury Fund - Investment Plan - Quarterly Dividend;INF223J01KT9;INF223J01KU7;12.2861;12.2861;12.2861;10-Dec-2015
112967;DWS Treasury Fund - Investment Plan - Weekly Dividend;INF223J01EU0;INF223J01EV8;10.0812;10.0812;10.0812;10-Dec-2015

Edelweiss Mutual Fund
109935;Edelweiss Liquid Fund - Daily Dividend Option;;INF754K01BG7;1000.0000;1000.0000;1000.0000;10-Dec-2015
118712;Edelweiss Liquid Fund - Direct Plan- Monthly Dividend Option;INF754K01CY8;INF754K01DA6;1001.7002;1001.7002;1001.7002;10-Dec-2015
118713;Edelweiss Liquid Fund - Direct Plan- Weekly Dividend Option;;INF754K01DC2;1000.9472;1000.9472;1000.9472;10-Dec-2015
109946;Edelweiss Liquid Fund - Growth Option;INF754K01BC6;;1432.5855;1432.5855;1432.5855;10-Dec-2015
109944;Edelweiss Liquid Fund - Monthly Dividend Option;INF754K01BD4;INF754K01BF9;1001.6510;1001.6510;1001.6510;10-Dec-2015
109934;Edelweiss Liquid Fund - Retail Plan - Daily Dividend Option;;INF754K01AS4;1000.0000;1000.0000;1000.0000;10-Dec-2015
109940;Edelweiss Liquid Fund - Retail Plan - Growth Option;INF754K01AO3;;1615.3723;1615.3723;1615.3723;10-Dec-2015
109939;Edelweiss Liquid Fund - Retail Plan - Monthly Dividend Option;INF754K01AP0;INF754K01AR6;1001.4734;1001.4734;1001.4734;10-Dec-2015
109937;Edelweiss Liquid Fund - Retail Plan - Weekly Dividend Option;;INF754K01AT2;1000.8174;1000.8174;1000.8174;10-Dec-2015
109942;Edelweiss Liquid Fund - Weekly Dividend Option;;INF754K01BH5;1000.9208;1000.9208;1000.9208;10-Dec-2015
118637;Edelweiss Liquid Fund-Direct Plan-Daily Dividend Option;;INF754K01DB4;1000.0000;1000.0000;1000.0000;10-Dec-2015
118636;Edelweiss Liquid Fund-Direct Plan-Growth Option;INF754K01CX0;;1436.8307;1436.8307;1436.8307;10-Dec-2015

Invesco Mutual Fund
122792;Religare Invesco Overnight Fund - Bonus Option;INF205K01UY3;;1707.6676;1707.6676;1707.6676;10-Dec-2015
106502;Religare Invesco Overnight Fund - Daily Dividend Reinvestment;;INF205K01HS2;1054.1647;1054.1647;1054.1647;10-Dec-2015
122793;Religare Invesco Overnight Fund - Direct Plan - Bonus Option;INF205K01VH6;;1717.0514;1717.0514;1717.0514;10-Dec-2015
120556;Religare Invesco Overnight Fund - Direct Plan - Daily Dividend Reinvestment;;INF205K01NC4;1000.0100;1000.0100;1000.0100;10-Dec-2015
120557;Religare Invesco Overnight Fund - Direct Plan - Growth;INF205K01ND2;;1716.8404;1716.8404;1716.8404;10-Dec-2015
106501;Religare Invesco Overnight Fund - Growth;INF205K01HR4;;1707.5958;1707.5958;1707.5958;10-Dec-2015

JM Financial Mutual Fund
122314;JM Floater Short Term Fund (Direct) - Bonus Option - Principal Units;INF192K01EV3;;22.7342;22.7342;22.7342;10-Dec-2015
120414;JM Floater Short Term Fund (Direct) - Daily Dividend Option;;INF192K01CF0;10.0892;10.0892;10.0892;10-Dec-2015
120415;JM Floater Short Term Fund (Direct) - Growth Option;INF192K01CG8;;22.6862;22.6862;22.6862;10-Dec-2015
133413;JM Floater Short Term Fund (Direct) - Monthly Dividend Option;INF192K01IT8;INF192K01IU6;10.6889;10.6889;10.6889;10-Dec-2015
133391;JM Floater Short Term Fund - (Direct) - Half Yearly Bonus Option - Principal Units;INF192K01IX0;;22.7500;22.7500;22.7500;10-Dec-2015
122322;JM Floater Short Term Fund - Bonus Option - Principal Units;INF192K01ET7;;22.6509;22.6509;22.6509;10-Dec-2015
101420;JM Floater Short Term Fund - Daily Dividend Option;;INF192K01767;10.0883;10.0883;10.0883;10-Dec-2015
101421;JM Floater Short Term Fund - Growth Option;INF192K01775;;22.5985;22.5985;22.5985;10-Dec-2015
133393;JM Floater Short Term Fund - Half Yearly Bonus Option - Principal Units;INF192K01IV4;;22.6509;22.6509;22.6509;10-Dec-2015
133392;JM Floater Short Term Fund - Monthly Dividend Option;INF192K01IR2;INF192K01IS0;10.8333;10.8333;10.8333;10-Dec-2015

JPMorgan Mutual Fund
119903;JPMorgan India Liquid Fund - Direct Plan - Bonus Option;INF843K01BJ2;;11.1471;11.1471;11.1471;10-Dec-2015
119902;JPMorgan India Liquid Fund - Direct Plan - Daily Dividend Option;;INF843K01BA1;10.0101;10.0101;10.0101;10-Dec-2015
119905;JPMorgan India Liquid Fund - Direct Plan - Growth Option;INF843K01AX5;;19.1601;19.1601;19.1601;10-Dec-2015
106562;JPMorgan India Liquid Fund - Retail Plan - Daily Dividend Option;;INF843K01203;10.019;10.019;10.019;10-Dec-2015
106561;JPMorgan India Liquid Fund - Retail Plan - Growth Option;INF843K01195;;17.3833;17.3833;17.3833;10-Dec-2015
109179;JPMorgan India Liquid Fund - Retail Plan - Monthly Dividend Option;;INF843K01237;10.0498;10.0498;10.0498;10-Dec-2015
109177;JPMorgan India Liquid Fund - Retail Plan - Weekly Dividend Option;;INF843K01211;10.0232;10.0232;10.0232;10-Dec-2015
117751;JPMorgan India Liquid Fund - Super Institutional Plan - Annual Dividend Option;INF843K01831;INF843K01823;13.211;13.211;13.211;10-Dec-2015
117752;JPMorgan India Liquid Fund - Super Institutional Plan - Bonus Option;INF843K01849;;11.1237;11.1237;11.1237;10-Dec-2015
110149;JPMorgan India Liquid Fund - Super Institutional Plan - Daily Dividend Option;;INF843K01153;10.0279;10.0279;10.0279;10-Dec-2015
110152;JPMorgan India Liquid Fund - Super Institutional Plan - Fortnightly Dividend Option;INF843K01492;INF843K01179;10.1989;10.1989;10.1989;10-Dec-2015
110150;JPMorgan India Liquid Fund - Super Institutional Plan - Growth Option;INF843K01146;;19.0952;19.0952;19.0952;10-Dec-2015
110151;JPMorgan India Liquid Fund - Super Institutional Plan - Monthly Dividend Option;INF843K01500;INF843K01187;10.0587;10.0587;10.0587;10-Dec-2015
110153;JPMorgan India Liquid Fund - Super Institutional Plan - Weekly Dividend Option;INF843K01484;INF843K01161;10.1838;10.1838;10.1838;10-Dec-2015

PGIM India Mutual Fund
120102;DHFL Pramerica Liquid Fund - Direct Plan-Daily Dividend Option;;INF663L01633;1000.5500;1000.5500;1000.5500;10-Dec-2015
120104;DHFL Pramerica Liquid Fund - Direct Plan-Growth Option;INF663L01625;;1579.0244;1579.0244;1579.0244;10-Dec-2015
120105;DHFL Pramerica Liquid Fund - Direct Plan-Monthly Dividend Option;INF663L01682;INF663L01666;1002.9781;1002.9781;1002.9781;10-Dec-2015
120106;DHFL Pramerica Liquid Fund - Direct Plan-Weekly Dividend - Option;;INF663L01641;1000.6679;1000.6679;1000.6679;10-Dec-2015
113184;DHFL Pramerica Liquid Fund - Dividend Option - Daily;;INF663L01088;1000.8000;1000.8000;1000.8000;10-Dec-2015
113187;DHFL Pramerica Liquid Fund - Dividend Option - Fortnightly;INF663L01120;INF663L01104;1002.9073;1002.9073;1002.9073;10-Dec-2015
113186;DHFL Pramerica Liquid Fund - Dividend Option - Monthly;INF663L01138;INF663L01112;1002.9078;1002.9078;1002.9078;10-Dec-2015
113183;DHFL Pramerica Liquid Fund - Growth Option;INF663L01070;;1575.0199;1575.0199;1575.0199;10-Dec-2015
113185;DHFL Pramerica Liquid Fund -Dividend Option- Weekly;;INF663L01096;1000.4060;1000.4060;1000.4060;10-Dec-2015
122257;DHFL Pramerica Liquid Fund-Bonus Option;INF663L01BD5;;1574.5247;1574.5247;1574.5247;10-Dec-2015

Sahara Mutual Fund
101397;Sahara Liquid Fund-Fixed Pricing -  Weekly Dividend Option;;INF515L01064;1027.4373;1027.4373;1027.4373;10-Dec-2015
101393;Sahara Liquid Fund-Fixed Pricing - Daily Dividend Option;;INF515L01049;1063.8224;1063.8224;1063.8224;10-Dec-2015
120265;Sahara Liquid Fund-Fixed Pricing - Direct - Weekly Dividend Option;;INF515L01668;1027.4373;1027.4373;1027.4373;10-Dec-2015
120262;Sahara Liquid Fund-Fixed Pricing - Direct -Growth option;INF515L01650;;2604.6096;2604.6096;2604.6096;10-Dec-2015
101394;Sahara Liquid Fund-Fixed Pricing - Growth option;INF515L01056;;2603.3092;2603.3092;2603.3092;10-Dec-2015
101398;Sahara Liquid Fund-Fixed Pricing - Monthly Dividend Option;;INF515L01072;1043.3721;1043.3721;1043.3721;10-Dec-2015
120253;Sahara Liquid Fund-Fixed Pricing -Direct - Daily Dividend Option- Direct;;INF515L01643;1063.8224;1063.8224;1063.8224;10-Dec-2015
120266;Sahara Liquid Fund-Fixed Pricing -Direct - Monthly Dividend Option;;INF515L01676;1043.3721;1043.3721;1043.3721;10-Dec-2015
101399;Sahara Liquid Fund-Variable Pricing - Daily Dividend option;;INF515L01080;1064.9854;1064.9854;1064.9854;10-Dec-2015
101402;Sahara Liquid Fund-Variable Pricing - Growth option;INF515L01114;;2641.4304;2641.4304;2641.4304;10-Dec-2015
101400;Sahara Liquid Fund-Variable Pricing - Weekly Dividend Option;;INF515L01098;1071.9273;1071.9273;1071.9273;10-Dec-2015
120271;Sahara Liquid Fund-Variable Pricing -Direct - Daily Dividend option;;INF515L01684;1038.8267;1038.8267;1038.8267;10-Dec-2015
120280;Sahara Liquid Fund-Variable Pricing -Direct - Growth option;INF515L01718;;2643.6853;2643.6853;2643.6853;10-Dec-2015
120272;Sahara Liquid Fund-Variable Pricing -Direct - Weekly Dividend Option;;INF515L01692;1071.9273;1071.9273;1071.9273;10-Dec-2015
120273;Sahara Liquid Fund-Variable Pricing- Direct - Monthly Dividend Option;;INF515L01700;1055.8972;1055.8972;1055.8972;10-Dec-2015
101401;Sahara Liquid Fund-Variable Pricing- Monthly Dividend Option;;INF515L01106;1081.0806;1081.0806;1081.0806;10-Dec-2015

Tata Mutual Fund
101987;Tata Liquid Fund Reglar Plan - Monthly Dividend;INF277K01LR5;INF277K01LS3;1002.7818;1002.7818;1002.7818;10-Dec-2015
101861;Tata Liquid Fund-Regular Plan  - Weekly Dividend;INF277K016C5;;1001.0676;1001.0676;1001.0676;10-Dec-2015
101984;Tata Liquid High Investment Plan - Daily;;;1114.3379;1114.3379;1114.3379;10-Dec-2015
101860;Tata Liquid High Investment Plan - Growth;INF277K01LN4;;2398.3349;2398.3349;2398.3349;10-Dec-2015
101985;Tata Liquid High Investment Plan - Monthly;INF277K01LO2;INF277K01LP9;1022.2071;1022.2071;1022.2071;10-Dec-2015
101859;Tata Liquid High Investment Plan - Weekly;;;1146.9283;1146.9283;1146.9283;10-Dec-2015
101982;Tata Liquid Retail Investment PLan - Daily;;;1116.8143;1116.8143;1116.8143;10-Dec-2015
101983;Tata Liquid Retail Investment Plan - Fortnightly;;;1147.8176;1147.8176;1147.8176;10-Dec-2015
101858;Tata Liquid Retail Investment Plan - Growth;INF277K01LM6;;3268.0367;3268.0367;3268.0367;10-Dec-2015
103631;Tata Liquidity Management Fund - Regular Plan - Daily Dividend;;;1002.6089;1002.6089;1002.6089;10-Dec-2015
103632;Tata Liquidity Management Fund - Regular Plan - Growth;INF277K01LW5;;1964.3872;1964.3872;1964.3872;10-Dec-2015
103519;Tata Liquidity Management Fund - Regular Plan  -Weekly Dividend;;;1005.8828;1005.8828;1005.8828;10-Dec-2015
119443;Tata Liquidity Management Fund- Direct Plan-Daily Dividend;;;1002.6089;1002.6089;1002.6089;10-Dec-2015
119444;Tata Liquidity Management Fund- Direct Plan-Growth;INF277K01PU0;;1967.1221;1967.1221;1967.1221;10-Dec-2015
119442;Tata Liquidity Management Fund- Direct Plan-Weekly Dividend;;;1005.8996;1005.8996;1005.8996;10-Dec-2015

Open Ended Schemes ( Money Market )


quant Mutual Fund
103094;Escorts Mutual Fund Unclaimed Dundee Balanced Fund;;;0;0;0;10-Dec-2015
103093;Escorts Mutual Fund Unclaimed Dundee Corporate Bond Fund-Annual Dividend;;;0;0;0;10-Dec-2015
103089;Escorts Mutual Fund Unclaimed Dundee Corporate Bond Fund-Appreciation;;;0;0;0;10-Dec-2015
103092;Escorts Mutual Fund Unclaimed Dundee Corporate Bond Fund-Half Yearly Dividend;;;0;0;0;10-Dec-2015
103090;Escorts Mutual Fund Unclaimed Dundee Corporate Bond Fund-Monthly Dividend;;;0;0;0;10-Dec-2015
103091;Escorts Mutual Fund Unclaimed Dundee Corporate Bond Fund-Quarterly Dividend;;;0;0;0;10-Dec-2015
103041;Escorts Mutual Fund Unclaimed Dundee Liquidity Fund-Appreciation;;;0;0;0;10-Dec-2015
103042;Escorts Mutual Fund Unclaimed Dundee Liquidity Fund-Dividend;;;0;0;0;10-Dec-2015
103047;Escorts Mutual Fund Unclaimed Dundee PSU Bond Fund-Annual Dividend;;;0;0;0;10-Dec-2015
103043;Escorts Mutual Fund Unclaimed Dundee PSU Bond Fund-Appreciation;;;0;0;0;10-Dec-2015
103046;Escorts Mutual Fund Unclaimed Dundee PSU Bond Fund-Half Yearly Dividend;;;0;0;0;10-Dec-2015
103044;Escorts Mutual Fund Unclaimed Dundee PSU Bond Fund-Monthly Dividend;;;0;0;0;10-Dec-2015
103045;Escorts Mutual Fund Unclaimed Dundee PSU Bond Fund-Quarterly Dividend;;;0;0;0;10-Dec-2015
103033;Escorts Mutual Fund Unclaimed Dundee Sovereign Trust-Annual Dividend;;;0;0;0;10-Dec-2015
103029;Escorts Mutual Fund Unclaimed Dundee Sovereign Trust-Appreciation;;;0;0;0;10-Dec-2015
103032;Escorts Mutual Fund Unclaimed Dundee Sovereign Trust-Half Yearly Dividend;;;0;0;0;10-Dec-2015
103030;Escorts Mutual Fund Unclaimed Dundee Sovereign Trust-Monthly Dividend;;;0;0;0;10-Dec-2015
103095;Escorts Mutual Fund Unclaimed Dundee Tax Saver Fund;;;0;0;0;10-Dec-2015

Tata Mutual Fund
102152;Tata Money Market Fund Regular (Bonus / Dividend);;;1015.2408;1015.2408;1015.2408;10-Dec-2015
102153;Tata Money Market Fund Regular (Growth);INF277K01LY1;;2293.0570;2293.0570;2293.0570;10-Dec-2015

Open Ended Schemes ( Gilt )


Aditya Birla Sun Life Mutual Fund
119530;Aditya Birla Sun Life Government Securities Fund - Short Term Plan - Daily Dividend - Direct Plan;;;11.1164;11.1164;11.1164;10-Dec-2015
119529;Aditya Birla Sun Life Government Securities Fund - Short Term Plan - Growth - Direct Plan;INF209K01YI0;;12.2252;12.2252;12.2252;10-Dec-2015
103190;Aditya Birla Sun Life Government Securities Fund - Short Term Plan - Growth - Regular Plan;INF209K01BD9;;26.8708;26.8708;26.8708;10-Dec-2015
110515;Aditya Birla Sun Life Government Seurities Fund - Short Term Plan - Daily Dividend - Regular Plan;INF209K01BB3;;10.0031;10.0031;10.0031;10-Dec-2015

Bandhan Mutual Fund
108752;BANDHAN GSF - Investment Plan - Growth;INF194K01DP3;;28.9541;28.9541;28.9541;10-Dec-2015
108754;BANDHAN GSF - Investment Plan - Half Yearly Dividend;INF194K01DR9;INF194K01DQ1;11.4619;11.4619;11.4619;10-Dec-2015
108643;BANDHAN GSF - Investment Plan - Quarterly Dividend;INF194K01DX7;INF194K01DW9;14.3747;14.3747;14.3747;10-Dec-2015
118764;IDFC  Government Securities Fund - Provident Fund -Direct Plan-Annual Dividend;INF194K01O88;INF194K01O70;12.5661;12.5661;12.5661;10-Dec-2015
118766;IDFC  Government Securities Fund - Provident Fund -Direct Plan-Growth;INF194K01O62;;25.2930;25.2930;25.2930;10-Dec-2015
118765;IDFC  Government Securities Fund - Provident Fund -Direct Plan-Quarterly Dividend;INF194K01P12;INF194K01P04;12.5754;12.5754;12.5754;10-Dec-2015
131392;IDFC GSF -PF -Direct Plan_Periodic Dividend;INF194KA1SF9;INF194KA1SG7;11.6587;11.6587;11.6587;10-Dec-2015
131393;IDFC GSF -PF -Regular Plan_Periodic Dividend;INF194KA1SC6;INF194KA1SD4;11.6270;11.6270;11.6270;10-Dec-2015
108659;IDFC GSF-Provident Fund-Inst Plan B-Growth;INF194K01ET3;;25.4573;25.4573;25.4573;10-Dec-2015
108660;IDFC GSF-Provident Fund-Inst Plan B-Quarterly Dividend;INF194K01EY3;INF194K01EX5;11.4259;11.4259;11.4259;10-Dec-2015
108663;IDFC GSF-Provident Fund-Regular Plan-Annual Dividend;INF194K01EO4;INF194K01EN6;11.3291;11.3291;11.3291;10-Dec-2015
108661;IDFC GSF-Provident Fund-Regular Plan-Growth;INF194K01EM8;;24.8836;24.8836;24.8836;10-Dec-2015
108662;IDFC GSF-Provident Fund-Regular Plan-Quarterly Dividend;INF194K01ER7;INF194K01EQ9;12.1728;12.1728;12.1728;10-Dec-2015

BNP Paribas Mutual Fund
122393;BNP Paribas Government Securities Fund - Annual dividend option;INF251K01JB8;INF251K01JL7;10.2856;10.2856;10.2856;10-Dec-2015
122291;BNP Paribas Government Securities Fund - Calendar quarterly dividend option;INF251K01JC6;INF251K01JM5;10.2143;10.2143;10.2143;10-Dec-2015
122376;BNP Paribas Government Securities Fund - Direct Plan - Annual dividend option;INF251K01JK9;INF251K01JS2;10.4455;10.4455;10.4455;10-Dec-2015
122374;BNP Paribas Government Securities Fund - Direct Plan - Growth Option;INF251K01JG7;;12.6875;12.6875;12.6875;10-Dec-2015
122400;BNP Paribas Government Securities Fund - Direct Plan - Monthly Dividend Option;INF251K01JH5;INF251K01JP8;9.9251;9.9251;9.9251;10-Dec-2015
122289;BNP Paribas Government Securities Fund - Growth Option;INF251K01JF9;;12.4449;12.4449;12.4449;10-Dec-2015
122293;BNP Paribas Government Securities Fund - Half yearly dividend option;INF251K01JD4;INF251K01JN3;9.9417;9.9417;9.9417;10-Dec-2015
122290;BNP Paribas Government Securities Fund -Monthly dividend option;INF251K01JE2;INF251K01JO1;10.0138;10.0138;10.0138;10-Dec-2015

Canara Robeco Mutual Fund
118296;Canara Robeco Gilt Advantage Fund - Direct Plan - Dividend Option;INF760K01EU9;INF760K01EV7;13.5348;13.5348;13.5348;10-Dec-2015
118297;Canara Robeco Gilt Advantage Fund - Direct Plan - Growth Option;INF760K01EW5;;14.3758;14.3758;14.3758;10-Dec-2015
114683;Canara Robeco Gilt Advantage Fund - Regular Plan - Dividend;INF760K01BD1;INF760K01BC3;13.3502;13.3502;13.3502;10-Dec-2015
114682;Canara Robeco Gilt Advantage Fund - Regular Plan - Growth;INF760K01BB5;;14.1849;14.1849;14.1849;10-Dec-2015

Deutsche Mutual Fund
114974;DWS Gilt Fund - Bonus;INF223J01AR4;;12.8684;12.8684;12.8684;10-Dec-2015
119056;DWS Gilt Fund - Direct Plan - Dividend;INF223J01NB1;INF223J01NC9;13.1465;13.1465;13.1465;10-Dec-2015
119054;DWS Gilt Fund - Direct Plan - Growth;INF223J01ND7;;16.1305;16.1305;16.1305;10-Dec-2015
122224;DWS Gilt Fund - Direct Plan - Half Yearly Bonus;INF223J01VM1;;10.7828;10.7828;10.7828;10-Dec-2015
110703;DWS Gilt Fund - Dividend;INF223J01AO1;INF223J01AP8;13.0941;13.0941;13.0941;10-Dec-2015
110706;DWS Gilt Fund - Growth;INF223J01AQ6;;16.0181;16.0181;16.0181;10-Dec-2015
122223;DWS Gilt Fund - Half Yearly Bonus;INF223J01VL3;;10.6998;10.6998;10.6998;10-Dec-2015

Edelweiss Mutual Fund
112053;Edelweiss Gilt Fund - Dividend Option;INF754K01442;INF754K01467;13.3595;13.3595;13.3595;10-Dec-2015
112054;Edelweiss Gilt Fund - Growth Option;INF754K01434;;13.3595;13.3595;13.3595;10-Dec-2015
118631;Edelweiss Gilt Fund -Direct Plan-Growth Option;;;13.4002;13.4002;13.4002;10-Dec-2015
126522;Edelweiss Gilt Fund-Direct Plan-Bonus Option;INF754K01DO7;;13.4002;13.4002;13.4002;10-Dec-2015

HDFC Mutual Fund
119113;HDFC Gilt Fund Short Term Plan -Direct Plan - Dividend Option;INF179K01VU6;INF179K01VW2;11.4738;11.4738;11.4738;10-Dec-2015
119114;HDFC Gilt Fund Short Term Plan -Direct Plan - Growth Option;INF179K01VV4;;24.2604;24.2604;24.2604;10-Dec-2015
101081;HDFC Gilt Fund-Short Term-Dividend;INF179K01780;INF179K01798;11.3659;11.3659;11.3659;10-Dec-2015
101082;HDFC Gilt Fund-Short Term-Growth;INF179K01806;;24.0578;24.0578;24.0578;10-Dec-2015

ICICI Prudential Mutual Fund
120606;ICICI Prudential Gilt Fund Investment Plan PF Option - Direct Plan - Half Yearly Dividend;INF109K019C3;INF109K010D0;10.6461;10.6461;10.6461;10-Dec-2015
120605;ICICI Prudential Gilt Fund Investment Plan PF Option - Direct Plan -Growth Option;INF109K011D8;;28.4827;28.4827;28.4827;10-Dec-2015
102060;ICICI Prudential Gilt Fund Investment Plan PF Option - Growth;INF109K01JS2;;28.2200;28.2200;28.2200;10-Dec-2015
118019;ICICI Prudential Gilt Fund Investment Plan PF Option - Half Yearly Dividend;INF109K01I15;INF109K01I07;10.9903;10.9903;10.9903;10-Dec-2015
130901;ICICI Prudential Gilt Investment PF Option - Bonus;INF109KA1C31;;11.3509;11.3509;11.3509;10-Dec-2015
130954;ICICI Prudential Gilt Investment PF Option - Direct Plan Bonus;INF109KA1C23;;11.6272;11.6272;11.6272;10-Dec-2015
120610;ICICI Prudential Gilt Fund Treasury Plan PF Option - Direct Plan - Quarterly Dividend;INF109K019D1;INF109K010E8;10.4777;10.4253;10.4777;10-Dec-2015
120611;ICICI Prudential Gilt Fund Treasury Plan PF Option - Direct Plan -Growth Option;INF109K011E6;;20.3067;20.2052;20.3067;10-Dec-2015
102248;ICICI Prudential Gilt Fund Treasury Plan PF Option - Growth;INF109K01KA8;;20.0526;19.9523;20.0526;10-Dec-2015
118022;ICICI Prudential Gilt Fund Treasury Plan PF Option - Quarterly Dividend;INF109K01I49;INF109K01I23;10.4441;10.3919;10.4441;10-Dec-2015
130905;ICICI Prudential Gilt Treasury PF Option - Bonus;INF109KA1C56;;10.4207;10.3686;10.4207;10-Dec-2015

Invesco Mutual Fund
122800;Religare Invesco GILT Fund - Short Duration Plan - Bonus Option;INF205K01VC7;;1621.7487;1621.7487;1621.7487;10-Dec-2015
122801;Religare Invesco GILT Fund - Short Duration Plan - Direct Plan - Bonus Option;INF205K01VL8;;1638.3274;1638.3274;1638.3274;10-Dec-2015
120525;Religare Invesco GILT Fund - Short Duration Plan - Direct Plan - Growth;INF205K01SV3;;1638.4044;1638.4044;1638.4044;10-Dec-2015
120526;Religare Invesco GILT Fund - Short Duration Plan - Direct Plan - Monthly Dividend;INF205K01SW1;INF205K01SX9;1127.3064;1127.3064;1127.3064;10-Dec-2015
120527;Religare Invesco GILT Fund - Short Duration Plan - Direct Plan - Weekly Dividend;;INF205K01SY7;1054.6826;1054.6826;1054.6826;10-Dec-2015
107481;Religare Invesco GILT Fund - Short Duration Plan - Growth;INF205K01SZ4;;1621.7752;1621.7752;1621.7752;10-Dec-2015
107480;Religare Invesco GILT Fund - Short Duration Plan - Monthly Dividend;INF205K01TA5;INF205K01TB3;1137.3100;1137.3100;1137.3100;10-Dec-2015
107479;Religare Invesco GILT Fund - Short Duration Plan - Weekly Dividend;;INF205K01TC1;1050.3469;1050.3469;1050.3469;10-Dec-2015

JPMorgan Mutual Fund
127152;JPMorgan India Government Securities Fund - Direct Plan - Growth Option;INF843K01GS2;;12.166;12.0443;12.166;10-Dec-2015
127158;JPMorgan India Government Securities Fund - Direct Plan - Weekly Dividend Option;;INF843K01GW4;10.3367;10.2333;10.3367;10-Dec-2015
127164;JPMorgan India Government Securities Fund - Regular Plan - Annual Dividend Option;INF843K01HL5;INF843K01HK7;12.0782;11.9574;12.0782;10-Dec-2015
127155;JPMorgan India Government Securities Fund - Regular Plan - Dividend Option;INF843K01HE0;INF843K01HF7;12.0806;11.9598;12.0806;10-Dec-2015
127151;JPMorgan India Government Securities Fund - Regular Plan - Growth Option;INF843K01HC4;;12.0726;11.9519;12.0726;10-Dec-2015
127161;JPMorgan India Government Securities Fund - Regular Plan - Monthly Dividend Option;INF843K01HJ9;INF843K01HI1;10.4031;10.2991;10.4031;10-Dec-2015
127157;JPMorgan India Government Securities Fund - Regular Plan - Weekly Dividend Option;;INF843K01HG5;10.3429;10.2395;10.3429;10-Dec-2015

Principal Mutual Fund
119454;Principal Government Securities Fund- Direct Plan - Dividend Option - Quarterly;INF173K01GF1;INF173K01GG9;12.0682;12.0682;12.0682;10-Dec-2015
119456;Principal Government Securities Fund- Direct Plan - Dividend Option- Annually;INF173K01GB0;INF173K01GC8;13.6417;13.6417;13.6417;10-Dec-2015
119453;Principal Government Securities Fund-Direct Plan - Growth Option;INF173K01GE4;;29.2817;29.2817;29.2817;10-Dec-2015
101117;Principal Government Securities Fund-Dividend Option - Quarterly;INF173K01AN8;INF173K01AO6;12.0196;12.0196;12.0196;10-Dec-2015
101119;Principal Government Securities Fund-Dividend Option- Annually;INF173K01AQ1;INF173K01AR9;13.2294;13.2294;13.2294;10-Dec-2015
101118;Principal Government Securities Fund-Growth;INF173K01AM0;;28.8591;28.8591;28.8591;10-Dec-2015

Sahara Mutual Fund
101171;Sahara Gilt Fund-Dividend;INF515L01122;INF515L01130;20.3878;20.3878;20.3878;10-Dec-2015
120281;Sahara Gilt Fund-Dividend- Direct;INF515L01726;INF515L01734;20.3878;20.3878;20.3878;10-Dec-2015
101170;Sahara Gilt Fund-Growth;INF515L01148;;24.4638;24.4638;24.4638;10-Dec-2015
120284;Sahara Gilt Fund-Growth - Direct;INF515L01742;;24.4977;24.4977;24.4977;10-Dec-2015

SBI Mutual Fund
125509;SBI Benchmark Gsec Fund - Direct Plan - Dividend Option;INF200K01U25;INF200K01U33;1297.5959;1297.5959;1297.5959;10-Dec-2015
125510;SBI Benchmark Gsec Fund - Direct Plan- Growth Option;INF200K01U17;;1497.2175;1497.2175;1497.2175;10-Dec-2015
125508;SBI Benchmark Gsec Fund - Regular Plan - Dividend Option;INF200K01T93;INF200K01U09;1292.7907;1292.7907;1292.7907;10-Dec-2015
125506;SBI Benchmark Gsec Fund - Regular Plan - Growth Option;INF200K01T85;;1489.5607;1489.5607;1489.5607;10-Dec-2015

Tata Mutual Fund
101828;Tata Gilt Securities Short Maturity Fund -Regular Fund-Quarterly DIvidend;INF277K01DP6;INF277K01568;12.0003;12.0003;12.0003;10-Dec-2015
101883;Tata Gilt Securities Short Maturity Fund -Regular Plan-Growth;INF277K01576;;22.8583;22.8583;22.8583;10-Dec-2015
119956;Tata Gilt Short Maturity Fund - Direct Plan - Dividend;INF277K01RA8;INF277K01RB6;12.2436;12.2436;12.2436;10-Dec-2015
119955;Tata Gilt Short Maturity Fund - Direct Plan - Growth;INF277K01RC4;;23.2753;23.2753;23.2753;10-Dec-2015

Open Ended Schemes ( ELSS )


Aditya Birla Sun Life Mutual Fund
131741;Aditya Birla Sun Life Tax Savings Fund - Direct Plan - Bonus Option;INF084M01BX0;;49.36;49.36;49.36;10-Dec-2015
131740;Aditya Birla Sun Life Tax Savings Fund - Direct Plan - Dividend Option;INF084M01BV4;INF084M01BW2;24.29;24.29;24.29;10-Dec-2015
131739;Aditya Birla Sun Life Tax Savings Fund - Direct Plan - Growth Option;INF084M01BU6;;49.42;49.42;49.42;10-Dec-2015
131738;Aditya Birla Sun Life Tax Savings Fund - Regular Plan - Bonus Option;INF084M01333;;48.21;48.21;48.21;10-Dec-2015
131737;Aditya Birla Sun Life Tax Savings Fund - Regular Plan - Dividend Option;INF084M01317;INF084M01325;23.75;23.75;23.75;10-Dec-2015
131736;Aditya Birla Sun Life Tax Savings Fund - Regular Plan - Growth Option;INF084M01309;;48.14;48.14;48.14;10-Dec-2015

Deutsche Mutual Fund
114971;DWS Tax Saving Fund - Bonus;INF223J01887;;13.20;13.20;13.20;10-Dec-2015
118948;DWS Tax Saving Fund - Direct Plan - Bonus;INF223J01PD2;;13.37;13.37;13.37;10-Dec-2015
118947;DWS Tax Saving Fund - Direct Plan - Dividend;INF223J01QY6;INF223J01QZ3;19.98;19.98;19.98;10-Dec-2015
118946;DWS Tax Saving Fund - Direct Plan - Growth;INF223J01RA4;;21.46;21.46;21.46;10-Dec-2015
103559;DWS TAX SAVING FUND-DIVIDEND;INF223J01333;INF223J01341;18.05;18.05;18.05;10-Dec-2015
103558;DWS TAX SAVING FUND-GROWTH;INF223J01358;;20.76;20.76;20.76;10-Dec-2015

JPMorgan Mutual Fund
119870;JPMorgan India Tax Advantage Fund - Direct Plan - Dividend Option;INF843K01AS5;INF843K01AT3;23.064;23.064;23.064;10-Dec-2015
119871;JPMorgan India Tax Advantage Fund - Direct Plan - Growth Option;INF843K01AR7;;30.713;30.713;30.713;10-Dec-2015
111678;JPMorgan India Tax Advantage Fund - Regular Plan - Dividend Option;INF843K01112;INF843K01120;22.352;22.352;22.352;10-Dec-2015
111677;JPMorgan India Tax Advantage Fund - Regular Plan - Growth Option;INF843K01104;;29.652;29.652;29.652;10-Dec-2015

L&T Mutual Fund
112537;L&T Tax Saver Fund- Regular Plan - Dividend;INF917K01262;INF917K01270;21.70;21.70;21.70;10-Dec-2015
112538;L&T Tax Saver Fund-Regular Plan - Growth;INF917K01288;;25.31;25.31;25.31;10-Dec-2015

Sahara Mutual Fund
100337;SaharaTax Gain-Dividend;INF515L01189;INF515L01197;13.5253;13.3900;13.5253;10-Dec-2015
120290;SaharaTax Gain-Dividend- Direct;INF515L01783;INF515L01791;13.6541;13.5176;13.6541;10-Dec-2015
100338;SaharaTax Gain-Growth;INF515L01205;;57.7450;57.1676;57.7450;10-Dec-2015
120291;SaharaTax Gain-Growth- direct;INF515L01809;;58.5022;57.9172;58.5022;10-Dec-2015

Open Ended Schemes ( Floating Rate )


HDFC Mutual Fund
134209;HDFC Floating Rate Income Fund - Direct Plan - Normal Dividend Option;INF179KA16J1;;10.4745;10.4221;10.4745;10-Dec-2015
134210;HDFC Floating Rate Income Fund - Regular Plan - Normal Dividend Option;INF179KA17J9;;10.553;10.5002;10.553;10-Dec-2015
119112;HDFC Floating Rate Income Fund Long -Direct Plan - Growth Option;INF179K01VN1;;25.6633;25.535;25.6633;10-Dec-2015
119111;HDFC Floating Rate Income Fund Long -Direct Plan - Weekly Dividend Option;;;10.254;10.2027;10.254;10-Dec-2015
101671;HDFC Floating Rate Income Fund-Long Term Plan-GROWTH;INF179K01624;;25.6226;25.4945;25.6226;10-Dec-2015
101670;HDFC Floating Rate Income Fund-Long Term Plan-Weekly Dividend Option;;INF179K01616;10.254;10.2027;10.254;10-Dec-2015

HSBC Mutual Fund
120055;HSBC Floating Rate - Long Term Plan - Weekly Dividend Direct;;INF336L01CV8;11.2348;11.2348;11.2348;10-Dec-2015
102831;HSBC Floating Rate Fund - Long Term - Dividend - Monthly;INF336L01701;INF336L01693;11.591;11.591;11.591;10-Dec-2015
102830;HSBC Floating Rate Fund - Long Term - Dividend - Weekly;INF336L01628;INF336L01610;11.2524;11.2524;11.2524;10-Dec-2015
122922;HSBC Floating Rate Fund - Long Term - Dividend -Daily Direct;;INF336L01FR9;10.0656;10.0656;10.0656;10-Dec-2015
102829;HSBC Floating Rate Fund - Long Term - Growth;INF336L01685;;22.9678;22.9678;22.9678;10-Dec-2015
102828;HSBC Floating Rate Fund - Long Term - Regular - Dividend - Monthly;INF336L01669;INF336L01651;10.0216;10.0216;10.0216;10-Dec-2015
111759;HSBC Floating Rate Fund - Long Term - Regular - Dividend - weekly;;INF336L01644;10.0069;10.0069;10.0069;10-Dec-2015
102827;HSBC Floating Rate Fund - Long Term - Regular - Growth;INF336L01636;;21.7488;21.7488;21.7488;10-Dec-2015
122923;HSBC Floating Rate Fund - Long Term -Dividend -Daily;;INF336L01FQ1;10.3946;10.3946;10.3946;10-Dec-2015
120054;HSBC Floating Rate Fund - Long Term Plan - Growth Direct;INF336L01CX4;;23.3068;23.3068;23.3068;10-Dec-2015
120052;HSBC Floating Rate Fund - Long Term Plan - Monthly Dividend Direct;INF336L01CY2;INF336L01CZ9;10.0316;10.0316;10.0316;10-Dec-2015

Open Ended Schemes ( Fund of Funds - Domestic )


Aditya Birla Sun Life Mutual Fund
131902;Aditya Birla Sun Life 5 Star Multi Manager FoF Scheme - Direct Plan - Dividend Option;INF084M01DZ1;INF084M01EA2;9.5422;9.5422;9.5422;10-Dec-2015
131901;Aditya Birla Sun Life 5 Star Multi Manager FoF Scheme - Direct Plan - Growth Option;INF084M01DY4;;26.0338;26.0338;26.0338;10-Dec-2015
131900;Aditya Birla Sun Life 5 Star Multi Manager FoF Scheme - Regular Plan - Dividend Option;INF084M01AR4;INF084M01AS2;22.3050;22.3050;22.3050;10-Dec-2015
131899;Aditya Birla Sun Life 5 Star Multi Manager FoF Scheme - Regular Plan - Growth Option;INF084M01AQ6;;25.7907;25.7907;25.7907;10-Dec-2015
119492;Aditya Birla Sun Life Asset Allocation - Aggressive Plan - Dividend - Direct Plan;INF209K01S12;;47.1480;47.1480;47.1480;10-Dec-2015
119493;Aditya Birla Sun Life Asset Allocation - Aggressive Plan - Growth - Direct Plan;INF209K01YA7;;51.9336;51.9336;51.9336;10-Dec-2015
119491;Aditya Birla Sun Life Asset Allocation - Moderate Plan - Dividend - Direct Plan;INF209KA1LF7;;43.8160;43.8160;43.8160;10-Dec-2015
119495;Aditya Birla Sun Life Asset Allocation - Moderate Plan - Growth - Direct Plan;INF209K01YC3;;43.8415;43.8415;43.8415;10-Dec-2015
102184;Aditya Birla Sun Life Asset Allocation Fund-Aggressive Plan-Dividend Plan;INF209K01AR1;INF209K01DU9;47.1957;47.1957;47.1957;10-Dec-2015
102185;Aditya Birla Sun Life Asset Allocation Fund-Aggressive Plan-Growth Plan;INF209K01AS9;;51.9368;51.9368;51.9368;10-Dec-2015
102188;Aditya Birla Sun Life Asset Allocation Fund-Conservative Plan-Dividend Plan;INF209K01AV3;INF209K01DW5;30.7579;30.7579;30.7579;10-Dec-2015
102189;Aditya Birla Sun Life Asset Allocation Fund-Conservative Plan-Growth Plan;INF209K01AW1;;30.7579;30.7579;30.7579;10-Dec-2015
102186;Aditya Birla Sun Life Asset Allocation Fund-Moderate Plan-Dividend Plan;INF209K01AT7;INF209K01DV7;43.8164;43.8164;43.8164;10-Dec-2015
102187;Aditya Birla Sun Life Asset Allocation Fund-Moderate Plan-Growth Plan;INF209K01AU5;;43.8159;43.8159;43.8159;10-Dec-2015
119494;Aditya Birla Sun Life Asset Allocation-Conservative Plan - Dividend - Direct Plan;;INF209K01YD1;12.5332;12.5332;12.5332;10-Dec-2015
119490;Aditya Birla Sun Life Asset Allocation-Conservative Plan - Growth - Direct Plan;INF209K01YE9;;30.7543;30.7543;30.7543;10-Dec-2015

Open Ended Schemes ( GOLD ETFs )


Goldman Sachs Mutual Fund
115744;Goldman Sachs Gold Exchange Traded Scheme (GS Gold BeES);INF732E01102;;2354.4298;2354.4298;2354.4298;10-Dec-2015

Nippon India Mutual Fund
107015;R * Shares Gold ETF -Dividend Payout Option;INF733I01010;;2288.8084;2288.8084;2288.8084;10-Dec-2015

Open Ended Schemes ( Other ETFs )


Goldman Sachs Mutual Fund
128751;CPSE ETF;INF457M01133;;20.1718;20.1718;20.1718;10-Dec-2015
115731;Goldman Sachs Banking Index Exchange Traded Scheme (GS Bank BeES);INF732E01078;;1684.2848;1684.2848;1684.2848;10-Dec-2015
115750;Goldman Sachs CNX Nifty Shariah Exchange Traded Scheme (GS S&P Shariah BeES);INF732E01128;;177.5377;177.5377;177.5377;10-Dec-2015
115751;Goldman Sachs Hang Seng Exchange Traded Scheme (GS Hang Seng BeES);INF732E01227;;2151.8204;2151.8204;2151.8204;10-Dec-2015
115755;Goldman Sachs Infrastructure Exchange Traded Scheme (GS Infra BeES);INF732E01268;;267.5991;267.5991;267.5991;10-Dec-2015
115730;Goldman Sachs Liquid Exchange Traded Scheme (GS Liquid BeES);;INF732E01037;1000.0000;1000.0000;1000.0000;10-Dec-2015
115728;Goldman Sachs Nifty Exchange Traded Scheme (GS Nifty BeES);INF732E01011;;777.4784;777.4784;777.4784;10-Dec-2015
115729;Goldman Sachs Nifty Junior Exchange Traded Scheme (GS Junior BeES);INF732E01045;;192.6510;192.6510;192.6510;10-Dec-2015
115747;Goldman Sachs PSU Bank Exchange Traded Scheme (GS PSU Bank BeES);INF732E01110;;327.2473;327.2473;327.2473;10-Dec-2015

Nippon India Mutual Fund
108410;R * Shares Banking ETF -Dividend Payout Option;INF733I01028;;1808.9242;1808.9242;1808.9242;10-Dec-2015
125274;R*Shares Nifty ETF;INF204KA1EU6;;78.9867;78.9867;78.9867;10-Dec-2015

Open Ended Schemes ( Fund of Funds - Overseas )


Aditya Birla Sun Life Mutual Fund
132121;Aditya Birla Sun Life Latin America Equity Fund - Direct Plan - Dividend Option;INF084M01EL9;INF084M01EM7;7.28;7.21;7.28;10-Dec-2015
132120;Aditya Birla Sun Life Latin America Equity Fund - Direct Plan - Growth Option;INF084M01EK1;;7.27;7.20;7.27;10-Dec-2015
132117;Aditya Birla Sun Life Latin America Equity Fund - Regular Plan - Dividend Option;INF084M01BG5;INF084M01BH3;7.17;7.10;7.17;10-Dec-2015
132118;Aditya Birla Sun Life Latin America Equity Fund - Regular Plan - Growth Option;INF084M01BF7;;7.17;7.10;7.17;10-Dec-2015

Deutsche Mutual Fund
112854;DWS Global Agribusiness Fund - Dividend;INF223J01AS2;INF223J01AT0;13.22;13.09;13.22;10-Dec-2015
112853;DWS Global Agribusiness Fund - Growth;INF223J01AU8;;14.09;13.95;14.09;10-Dec-2015
114970;DWS Global Agribusiness Offshore Fund - Bonus;INF223J01AV6;;11.77;11.65;11.77;10-Dec-2015
118957;DWS Global Agribusiness Offshore Fund - Direct Plan - Dividend;INF223J01NG0;INF223J01NE5;14.41;14.27;14.41;10-Dec-2015
118958;DWS Global Agribusiness Offshore Fund - Direct Plan - Growth;INF223J01NF2;;14.41;14.27;14.41;10-Dec-2015
118952;DWS Top Euroland Offshore Fund - Direct Plan - Dividend;INF223J01NJ4;INF223J01NK2;10.02;9.92;10.02;10-Dec-2015
118951;DWS Top Euroland Offshore Fund - Direct Plan - Growth;INF223J01NL0;;12.97;12.84;12.97;10-Dec-2015
106668;DWS Top Euroland Offshore Fund - Dividend;INF223J01AW4;INF223J01AX2;11.63;11.51;11.63;10-Dec-2015
106667;DWS Top Euroland Offshore Fund - Growth;INF223J01AY0;;12.67;12.54;12.67;10-Dec-2015

JPMorgan Mutual Fund
119878;JPMorgan ASEAN Equity Off-shore Fund - Direct Plan - Growth Option;INF843K01AW7;;15.008;14.858;15.008;10-Dec-2015
115293;JPMorgan ASEAN Equity Off-shore Fund - Regular Plan - Growth Option;INF843K01609;;14.577;14.431;14.577;10-Dec-2015
130268;JPMorgan Emerging Markets Opportunities Equity Offshore Fund - Direct Plan - Growth Option;INF843K01IZ3;;8.6524;8.5659;8.6524;10-Dec-2015
130269;JPMorgan Emerging Markets Opportunities Equity Offshore Fund - Regular Plan - Growth Option;INF843K01IY6;;8.5832;8.4974;8.5832;10-Dec-2015
126619;JPMorgan Europe Dynamic Equity Offshore Fund - Growth Option - Direct Plan;INF843K01GI3;;10.3984;10.2944;10.3984;10-Dec-2015
126618;JPMorgan Europe Dynamic Equity Offshore Fund - Growth Option - Regular Plan;INF843K01GJ1;;10.2296;10.1273;10.2296;10-Dec-2015
119872;JPMorgan Greater China Equity Off-shore Fund - Direct Plan - Growth Option;INF843K01AU1;;19.585;19.389;19.585;10-Dec-2015
112084;JPMorgan Greater China Equity Off-shore Fund - Regular Plan - Growth Option;INF843K01138;;19.057;18.866;19.057;10-Dec-2015
123012;JPMorgan US Value Equity Offshore Fund - Direct Plan - Growth Option;INF843K01EC1;;12.34;12.2166;12.34;10-Dec-2015
123011;JPMorgan US Value Equity Offshore Fund - Regular Plan - Growth Option;INF843K01ED9;;12.0685;11.9478;12.0685;10-Dec-2015

L&T Mutual Fund
119419;L&T Global Real Assets Fund-Direct Plan-Dividend Option;INF917K01FM9;INF917K01FL1;17.985;17.805;17.985;10-Dec-2015
119420;L&T Global Real Assets Fund-Direct Plan-Growth Option;INF917K01FN7;;17.985;17.805;17.985;10-Dec-2015
118106;L&T Global Real Assets Fund-Regular Plan - Dividend Option;INF677K01197;INF677K01205;17.544;17.369;17.544;10-Dec-2015
118104;L&T Global Real Assets Fund-Regular Plan-Growth Option;INF677K01189;;17.544;17.369;17.544;10-Dec-2015

Mirae Asset Mutual Fund
118832;Mirae Asset China Advantage Fund - Direct Plan - Dividend;INF769K01BG5;INF769K01BH3;14.822;14.526;14.822;10-Dec-2015
118831;Mirae Asset China Advantage Fund - Direct Plan - Growth;INF769K01BF7;;14.872;14.575;14.872;10-Dec-2015
112147;Mirae Asset China Advantage Fund - Regular Plan Growth Option;INF769K01077;;14.560;14.269;14.560;10-Dec-2015
112148;Mirae Asset China Advatage Fund-Regular Plan Dividend;INF769K01093;INF769K01085;14.560;14.269;14.560;10-Dec-2015

Open Ended Schemes ( Equity Scheme - Multi Cap Fund )


Baroda BNP Paribas Mutual Fund
119354;Baroda BNP Paribas MULTI CAP FUND - Direct Plan - Growth Option;INF955L01AG0;;75.22;74.47;75.22;10-Dec-2015
119353;Baroda BNP Paribas MULTI CAP FUND - Direct Plan - IDCW Option;INF955L01AE5;;32.07;31.75;32.07;10-Dec-2015
102020;Baroda BNP Paribas MULTI CAP FUND - Regular Plan - Growth Option;INF955L01674;;73.22;72.49;73.22;10-Dec-2015
102021;Baroda BNP Paribas MULTI CAP FUND - Regular Plan - IDCW Option;INF955L01658;INF955L01666;32.80;32.47;32.80;10-Dec-2015

BNP Paribas Mutual Fund
119988;BNP Paribas MULTI CAP Fund - Direct Plan - Growth Option;INF251K01HK3;;34.5810;34.5810;34.5810;10-Dec-2015
119987;BNP Paribas MULTI CAP Fund - Direct Plan - Income Distribution cum Capital Withdrawal Option;INF251K01HI7;INF251K01HJ5;15.4620;15.4620;15.4620;10-Dec-2015
113460;BNP PARIBAS MULTI CAP Fund-Growth Option;INF251K01951;;33.2960;33.2960;33.2960;10-Dec-2015
113461;BNP PARIBAS MULTI CAP Fund-Income Distribution cum Capital Withdrawal Option;INF251K01977;INF251K01969;14.8500;14.8500;14.8500;10-Dec-2015

ICICI Prudential Mutual Fund
120599;ICICI Prudential Multicap Fund - Direct Plan -  Growth;INF109K014O9;;201.35;199.34;201.35;10-Dec-2015
120598;ICICI Prudential Multicap Fund - Direct Plan -  IDCW;INF109K012O3;INF109K013O1;25.97;25.71;25.97;10-Dec-2015
101228;ICICI Prudential Multicap Fund - Growth;INF109K01613;;197.73;195.75;197.73;10-Dec-2015
101706;ICICI Prudential Multicap Fund - IDCW;INF109K01FK7;INF109K01621;21.05;20.84;21.05;10-Dec-2015

Invesco Mutual Fund
120413;Invesco India Multicap Fund - Direct Plan - Growth Option;INF205K01MS2;;35.58;35.22;35.58;10-Dec-2015
120412;Invesco India Multicap Fund - Direct Plan - IDCW (Payout / Reinvestment);INF205K01MQ6;INF205K01MR4;32.25;31.93;32.25;10-Dec-2015
107353;Invesco India Multicap Fund - Growth Option;INF205K01DN2;;34.31;33.97;34.31;10-Dec-2015
107352;Invesco India Multicap Fund - IDCW (Payout / Reinvestment);INF205K01DO0;INF205K01DP7;31.11;30.80;31.11;10-Dec-2015

L&T Mutual Fund
119291;L&T Flexicap Fund-Direct Plan-Growth;INF917K01FC0;;59.172;58.580;59.172;10-Dec-2015
119290;L&T Flexicap Fund-Direct Plan-IDCW;INF917K01FB2;INF917K01FA4;31.179;30.867;31.179;10-Dec-2015
118043;L&T Flexicap Fund-Regular Plan-Growth;INF677K01031;;58.066;57.485;58.066;10-Dec-2015
118044;L&T Flexicap Fund-Regular Plan-IDCW;INF677K01049;INF677K01056;28.924;28.635;28.924;10-Dec-2015

Nippon India Mutual Fund
118652;NIPPON INDIA MULTI CAP FUND - DIRECT Plan - IDCW Option;INF204K01XD4;INF204K01XE2;37.5843;37.2085;37.5843;10-Dec-2015
118651;Nippon India Multi Cap Fund - Direct Plan Growth Plan - Bonus Option;INF204K01D55;;73.4778;72.7430;73.4778;10-Dec-2015
118650;Nippon India Multi Cap Fund - Direct Plan Growth Plan - Growth Option;INF204K01XF9;;73.4778;72.7430;73.4778;10-Dec-2015
101163;NIPPON INDIA MULTI CAP FUND - IDCW Option;INF204K01455;INF204K01463;32.3283;32.0050;32.3283;10-Dec-2015
106252;Nippon India Multi Cap Fund Institutional Dividend Plan;INF204K01414;INF204K01422;49.1094;48.6183;49.1094;10-Dec-2015
106253;Nippon India Multi Cap Fund Institutional Plan Growth Plan Growth Option;INF204K01448;;19.0868;18.8959;19.0868;10-Dec-2015
101162;Nippon India Multi Cap Fund-Growth Plan-Bonus Option;INF204K01471;;71.9025;71.1835;71.9025;10-Dec-2015
101161;Nippon India Multi Cap Fund-Growth Plan-Growth Option;INF204K01489;;71.9025;71.1835;71.9025;10-Dec-2015

Principal Mutual Fund
119451;Principal Multi Cap Growth Fund - Direct Plan -Half Yearly Income Distribution CUM Capital Withdrawal Option;INF173K01FN7;INF173K01FO5;39.95;39.55;39.95;10-Dec-2015
100966;Principal Multi Cap Growth Fund- Half Yearly Income Distribution CUM Capital Withdrawal Option;INF173K01957;INF173K01965;36.94;36.57;36.94;10-Dec-2015
119452;Principal Multi Cap Growth Fund-Direct Plan - Growth Option;INF173K01FQ0;;93.94;93.00;93.94;10-Dec-2015
100967;Principal Multi Cap Growth Fund-Growth Option;INF173K01940;;92.27;91.35;92.27;10-Dec-2015

quant Mutual Fund
100631;quant Multi Cap Fund-GROWTH OPTION - Regular Plan;INF966L01234;;127.4876;126.2127;127.4876;10-Dec-2015
120823;quant Multi Cap Fund-GROWTH OPTION-Direct Plan;INF966L01614;;128.0397;126.7593;128.0397;10-Dec-2015
120822;quant Multi Cap Fund-IDCW Option - Direct Plan;INF966L01598;INF966L01606;18.2331;18.0508;18.2331;10-Dec-2015
100630;quant Multi Cap Fund-IDCW Option - Regular Plan;INF966L01218;INF966L01226;18.0761;17.8953;18.0761;10-Dec-2015

Open Ended Schemes ( Equity Scheme - Large Cap Fund )


Aditya Birla Sun Life Mutual Fund
119528;Aditya Birla Sun Life Large Cap Fund - Growth - Direct Plan;INF209K01YY7;;158.13;155.76;158.13;10-Dec-2015
119527;Aditya Birla Sun Life Large Cap Fund-DIRECT - IDCW;INF209K01YX9;INF209K01YW1;35.28;34.75;35.28;10-Dec-2015
103174;Aditya Birla Sun Life Large Cap Fund-Growth;INF209K01BR9;;154.26;151.95;154.26;10-Dec-2015
103173;Aditya Birla Sun Life Large Cap Fund-Regular - IDCW;INF209K01BO6;INF209K01EC5;23.42;23.07;23.42;10-Dec-2015

Axis Mutual Fund
120465;Axis Large Cap Fund - Direct Plan - Growth;INF846K01DP8;;18.95;18.76;18.95;10-Dec-2015
120466;Axis Large Cap Fund - Direct Plan - IDCW;INF846K01DN3;INF846K01DO1;14.75;14.60;14.75;10-Dec-2015
112277;Axis Large Cap Fund - Regular Plan - Growth;INF846K01164;;18.34;18.16;18.34;10-Dec-2015
112278;Axis Large Cap Fund - Regular Plan - IDCW;INF846K01172;INF846K01180;14.31;14.17;14.31;10-Dec-2015

Bandhan Mutual Fund
108799;BANDHAN Large Cap Fund - Regular Plan - Growth;INF194K01516;;21.9854;21.9854;21.9854;10-Dec-2015
108800;BANDHAN Large Cap Fund - Regular Plan - IDCW;INF194K01490;INF194K01508;12.6697;12.6697;12.6697;10-Dec-2015
118479;BANDHAN Large Cap Fund-Direct Plan-Growth;INF194K01Z44;;22.5386;22.5386;22.5386;10-Dec-2015
118478;BANDHAN Large Cap Fund-Direct Plan-IDCW;INF194K01Z51;INF194K01Z69;14.7711;14.7711;14.7711;10-Dec-2015

Baroda BNP Paribas Mutual Fund
112943;Baroda Large cap Fund - Plan A - Growth Option;INF955L01633;;10.61;10.50;10.61;10-Dec-2015
112944;Baroda Large cap Fund - Plan A - IDCW Option;INF955L01617;INF955L01625;9.76;9.66;9.76;10-Dec-2015
119367;Baroda Large cap Fund - Plan B (Direct) - Growth Option;INF955L01AJ4;;10.80;10.69;10.80;10-Dec-2015
119366;Baroda Large cap Fund - Plan B (Direct) - IDCW Option;INF955L01AH8;;9.96;9.86;9.96;10-Dec-2015

BNP Paribas Mutual Fund
119893;BNP Paribas LARGE CAP Fund - Direct Plan - Growth Option;INF251K01HN7;;65.9100;65.9100;65.9100;10-Dec-2015
119894;BNP Paribas LARGE CAP Fund - Direct Plan - Income Distribution cum Capital Withdrawal Option;INF251K01HL1;INF251K01HM9;16.2600;16.2600;16.2600;10-Dec-2015
113544;BNP PARIBAS LARGE CAP Fund-Growth Option;INF251K01894;;64.2200;64.2200;64.2200;10-Dec-2015
113545;BNP PARIBAS LARGE CAP Fund-Income Distribution cum Capital Withdrawal Option;INF251K01910;INF251K01902;15.8300;15.8300;15.8300;10-Dec-2015

Canara Robeco Mutual Fund
118269;CANARA ROBECO LARGE CAP FUND - DIRECT PLAN - GROWTH OPTION;INF760K01FR2;;16.8800;16.8800;16.8800;10-Dec-2015
118270;CANARA ROBECO LARGE CAP FUND - DIRECT PLAN - IDCW (Payout/Reinvestment);INF760K01FP6;INF760K01FQ4;16.8400;16.8400;16.8400;10-Dec-2015
113221;CANARA ROBECO LARGE CAP FUND - REGULAR PLAN - GROWTH OPTION;INF760K01AR3;;16.5100;16.5100;16.5100;10-Dec-2015
113222;CANARA ROBECO LARGE CAP FUND - REGULAR PLAN - IDCW (Payout/Reinvestment);INF760K01AS1;INF760K01AT9;14.1700;14.1700;14.1700;10-Dec-2015

DSP Mutual Fund
119250;DSP Large Cap Fund - Direct Plan - Growth;INF740K01PR3;;151.677;150.160;151.677;10-Dec-2015
119249;DSP Large Cap Fund - Direct Plan - IDCW;INF740K01PS1;INF740K01PT9;23.488;23.253;23.488;10-Dec-2015
101635;DSP Large Cap Fund - Regular Plan - Growth;INF740K01243;;149.223;147.731;149.223;10-Dec-2015
101636;DSP Large Cap Fund - Regular Plan - IDCW;INF740K01227;INF740K01235;21.850;21.632;21.850;10-Dec-2015

Edelweiss Mutual Fund
118616;Edelweiss Large Cap Fund - Direct Plan - IDCW Option;INF754K01BT0;INF754K01BU8;17.82;17.64;17.82;10-Dec-2015
118617;Edelweiss Large Cap Fund - Direct Plan-Growth option;INF754K01BW4;;24.33;24.09;24.33;10-Dec-2015
111938;Edelweiss Large Cap Fund - Plan B - IDCW Option;INF754K01053;INF754K01061;24.39;24.15;24.39;10-Dec-2015
111939;Edelweiss Large Cap Fund - Plan C - IDCW Option;INF754K01095;INF754K01103;19.43;19.24;19.43;10-Dec-2015
111940;Edelweiss Large Cap Fund - Regular Plan - Growth Option;INF754K01046;;23.98;23.74;23.98;10-Dec-2015
111936;Edelweiss Large Cap Fund - Regular Plan - IDCW Option;INF754K01012;INF754K01020;16.16;16.00;16.16;10-Dec-2015
111935;Edelweiss Large Cap Fund -Plan B - Growth option;INF754K01087;;24.10;23.86;24.10;10-Dec-2015
111937;Edelweiss Large Cap Fund -Plan C - Growth option;INF754K01129;;23.78;23.54;23.78;10-Dec-2015

Franklin Templeton Mutual Fund
118462;Franklin India BLUECHIP FUND - Direct - IDCW ;INF090I01FO5;INF090I01FP2;40.5958;40.1898;40.5958;10-Dec-2015
100470;Franklin India BLUECHIP FUND - IDCW ;INF090I01155;INF090I01163;39.5268;39.1315;39.5268;10-Dec-2015
118531;Franklin India Bluechip Fund- Direct - Growth;INF090I01FN7;;345.5324;342.0771;345.5324;10-Dec-2015
100471;Franklin India Bluechip Fund-Growth;INF090I01171;;337.4060;334.0319;337.4060;10-Dec-2015

Groww Mutual Fund
119133;Groww Largecap Fund (formerly known as Indiabulls Blue Chip Fund) - Direct Plan - Growth Option;INF666M01600;;14.74;14.59;14.74;10-Dec-2015
116547;Groww Largecap Fund (formerly known as Indiabulls Blue Chip Fund) - Regular Plan- Growth Option;INF666M01162;;14.16;14.02;14.16;10-Dec-2015
119134;Groww Largecap Fund (formerly known as Indiabulls Bluechip Fund)- Direct Plan- - Income Distribution cum capital withdrawal Option (Payout & Reinvestment);INF666M01626;INF666M01618;14.74;14.59;14.74;10-Dec-2015
116548;Groww Largecap Fund (formerly known as Indiabulls Bluechip Fund)- Regular Plan- - Income Distribution cum capital withdrawal Option (Payout & Reinvestment);INF666M01188;INF666M01170;14.16;14.02;14.16;10-Dec-2015

HDFC Mutual Fund
119018;HDFC Large Cap Fund - Growth Option - Direct Plan;INF179K01YV8;;322.08;318.859;322.08;10-Dec-2015
102000;HDFC Large Cap Fund - Growth Option - Regular Plan;INF179K01BE2;;316.491;313.326;316.491;10-Dec-2015
119017;HDFC Large Cap Fund - IDCW Option - Direct Plan;INF179K01YT2;INF179K01YU0;47.744;47.267;47.744;10-Dec-2015
102001;HDFC Large Cap Fund - IDCW Option - Regular Plan;INF179K01BC6;INF179K01BD4;46.822;46.354;46.822;10-Dec-2015

HSBC Mutual Fund
120030;HSBC Large Cap Fund - Direct Growth;INF336L01CM7;;141.8252;141.8252;141.8252;10-Dec-2015
120029;HSBC Large Cap Fund - Direct IDCW;INF336L01CK1;INF336L01CL9;26.0646;26.0646;26.0646;10-Dec-2015
101594;HSBC Large Cap Fund - Regular Growth;INF336L01016;;138.7178;138.7178;138.7178;10-Dec-2015
101593;HSBC Large Cap Fund - Regular IDCW;INF336L01024;INF336L01032;25.3814;25.3814;25.3814;10-Dec-2015

ICICI Prudential Mutual Fund
108467;ICICI Prudential Bluechip Fund - Institutional Option - I - Growth;INF109K01BN0;;29.79;29.49;29.79;10-Dec-2015
120585;ICICI Prudential Large Cap Fund (erstwhile Bluechip Fund)  - Direct Plan - IDCW;INF109K014L5;INF109K015L2;25.12;24.87;25.12;10-Dec-2015
108466;ICICI Prudential Large Cap Fund (erstwhile Bluechip Fund)  - Growth;INF109K01BL4;;27.90;27.62;27.90;10-Dec-2015
108465;ICICI Prudential Large Cap Fund (erstwhile Bluechip Fund)  - IDCW;INF109K01EP9;INF109K01BM2;20.99;20.78;20.99;10-Dec-2015
120586;ICICI Prudential Large Cap Fund (erstwhile Bluechip Fund) - Direct Plan - Growth;INF109K016L0;;28.58;28.29;28.58;10-Dec-2015

IDBI Mutual Fund
117311;IDBI India Top 100 Equity Fund Growth;INF397L01869;;18.2800;18.1000;18.2800;10-Dec-2015
118344;IDBI India Top 100 Equity Fund Growth Direct;INF397L01BV2;;18.5900;18.4000;18.5900;10-Dec-2015
117310;IDBI India Top 100 Equity Fund IDCW;INF397L01836;INF397L01844;16.1100;15.9500;16.1100;10-Dec-2015
118448;IDBI India Top 100 Equity Fund IDCW Direct;INF397L01BW0;INF397L01BX8;16.4100;16.2500;16.4100;10-Dec-2015

Invesco Mutual Fund
120392;Invesco India Largecap Fund - Direct Plan - Growth;INF205K01LB0;;20.56;20.35;20.56;10-Dec-2015
120393;Invesco India Largecap Fund - Direct Plan - IDCW (Payout / Reinvestment);INF205K01KZ1;INF205K01LA2;16.51;16.34;16.51;10-Dec-2015
112098;Invesco India Largecap Fund - Growth;INF205K01304;;19.80;19.60;19.80;10-Dec-2015
112099;Invesco India Largecap Fund - IDCW (Payout / Reinvestment);INF205K01320;INF205K01312;16.05;15.89;16.05;10-Dec-2015

JM Financial Mutual Fund
134958;JM Large Cap Fund (Direct) - Annual IDCW;INF192K01JU4;INF192K01JV2;21.4440;21.4440;21.4440;10-Dec-2015
120490;JM Large Cap Fund (Direct) - Growth Option;INF192K01BZ0;;52.2722;52.2722;52.2722;10-Dec-2015
134957;JM Large Cap Fund (Direct) - Half Yearly IDCW ;INF192K01JR0;INF192K01JZ3;21.4440;21.4440;21.4440;10-Dec-2015
120489;JM Large Cap Fund (Direct) - IDCW;INF192K01BX5;INF192K01BY3;21.2429;21.2429;21.2429;10-Dec-2015
134956;JM Large Cap Fund (Direct) - Monthly IDCW ;INF192K01JJ7;INF192K01JK5;21.4440;21.4440;21.4440;10-Dec-2015
134960;JM Large Cap Fund (Direct) - Quarterly IDCW;INF192K01JN9;INF192K01JO7;21.4440;21.4440;21.4440;10-Dec-2015
134961;JM Large Cap Fund (Regular) - Annual IDCW;INF192K01JS8;INF192K01JT6;20.9455;20.9455;20.9455;10-Dec-2015
100219;JM Large Cap Fund (Regular) - Growth Option;INF192K01601;;50.9421;50.9421;50.9421;10-Dec-2015
134955;JM Large Cap Fund (Regular) - Half Yearly IDCW;INF192K01JP4;INF192K01JQ2;20.8942;20.8942;20.8942;10-Dec-2015
100218;JM Large Cap Fund (Regular) - IDCW ;INF192K01585;INF192K01593;20.7364;20.7364;20.7364;10-Dec-2015
134959;JM Large Cap Fund (Regular) - Monthly IDCW;INF192K01JH1;INF192K01JI9;20.9455;20.9455;20.9455;10-Dec-2015
134954;JM Large Cap Fund (Regular) - Quarterly IDCW;INF192K01JL3;INF192K01JM1;20.9455;20.9455;20.9455;10-Dec-2015

Kotak Mahindra Mutual Fund
120152;Kotak Large Cap  Fund - Growth - Direct;INF174K01KW6;;169.698;168.001;169.698;10-Dec-2015
114458;Kotak Large Cap Fund - Growth;INF174K01153;;165.745;164.088;165.745;10-Dec-2015
120153;Kotak Large Cap Fund - Payout of Income Distribution cum capital withdrawal option - Direct;INF174K01KY2;INF174K01KX4;33.703;33.366;33.703;10-Dec-2015
114457;Kotak Large Cap Fund - Payout of Income Distribution cumcapital withdrawal option;INF174K01179;INF174K01161;32.656;32.329;32.656;10-Dec-2015

L&T Mutual Fund
119308;L&T India Large Cap Fund - Direct Plan - Growth;INF917K01FQ0;;19.593;19.397;19.593;10-Dec-2015
119314;L&T India Large Cap Fund - Direct Plan- IDCW;INF917K01FP2;INF917K01FO5;17.245;17.073;17.245;10-Dec-2015
118069;L&T India Large Cap Fund - Regular Plan - Growth;INF677K01155;;19.224;19.032;19.224;10-Dec-2015
118070;L&T India Large Cap Fund - Regular Plan - IDCW;INF677K01163;INF677K01171;16.544;16.379;16.544;10-Dec-2015

LIC Mutual Fund
120267;LIC MF Large Cap Fund-Direct Plan-Growth;INF767K01EJ7;;19.4111;19.2170;19.4111;10-Dec-2015
120268;LIC MF Large Cap Fund-Direct Plan-IDCW;INF767K01EI9;INF767K01EK5;16.2718;16.1091;16.2718;10-Dec-2015
106871;LIC MF Large Cap Fund-Regular Plan-Growth;INF767K01105;;19.0214;18.8312;19.0214;10-Dec-2015
100332;LIC MF Large Cap Fund-Regular Plan-IDCW;INF767K01097;INF767K01089;15.9834;15.8236;15.9834;10-Dec-2015

Mirae Asset Mutual Fund
118825;Mirae Asset Large Cap Fund - Direct Plan - Growth;INF769K01AX2;;32.145;31.502;32.145;10-Dec-2015
107578;Mirae Asset Large Cap Fund - Growth Plan;INF769K01010;;31.272;30.647;31.272;10-Dec-2015
118826;Mirae Asset Large Cap Fund Direct IDCW;INF769K01AY0;INF769K01AZ7;23.939;23.460;23.939;10-Dec-2015
107579;Mirae Asset Large Cap Fund Regular IDCW;INF769K01036;INF769K01028;17.438;17.089;17.438;10-Dec-2015

Navi Mutual Fund
135660;Navi Large Cap Equity Fund - Annual IDCW Payout;INF959L01CB9;INF959L01CC7;15.0317;15.0317;15.0317;10-Dec-2015
119149;Navi Large Cap Equity Fund - Direct Plan Normal IDCW Payout;INF959L01601;INF959L01619;13.0563;13.0563;13.0563;10-Dec-2015
135656;Navi Large Cap Equity Fund - Direct Plan Quarterly IDCW;INF959L01BK2;INF959L01BO4;15.5274;15.5274;15.5274;10-Dec-2015
115790;Navi Large Cap Equity Fund - Growth Option;INF959L01080;;16.0640;16.0640;16.0640;10-Dec-2015
135657;Navi Large Cap Equity Fund - Half Yearly IDCW Payout;INF959L01BZ0;INF959L01CA1;15.0325;15.0325;15.0325;10-Dec-2015
115788;Navi Large Cap Equity Fund - Normal IDCW Payout;INF959L01064;INF959L01072;12.5628;12.5628;12.5628;10-Dec-2015
135661;Navi Large Cap Equity Fund - Quarterly IDCW;INF959L01BX5;INF959L01BY3;15.0324;15.0324;15.0324;10-Dec-2015
119148;Navi Large Cap Equity Fund-Direct Plan-Growth Option;INF959L01593;;16.6656;16.6656;16.6656;10-Dec-2015

Nippon India Mutual Fund
106235;Nippon India Large Cap  Fund- Growth Plan -Growth Option;INF204K01562;;22.8972;22.6682;22.8972;10-Dec-2015
118634;NIPPON INDIA LARGE CAP FUND - DIRECT Plan - IDCW Option;INF204K01XG7;INF204K01XH5;16.8109;16.6428;16.8109;10-Dec-2015
118633;Nippon India Large Cap Fund - Direct Plan Growth Plan - Bonus Option;INF204K01D30;;23.3611;23.1275;23.3611;10-Dec-2015
118632;Nippon India Large Cap Fund - Direct Plan Growth Plan - Growth Option;INF204K01XI3;;23.3611;23.1275;23.3611;10-Dec-2015
106236;NIPPON INDIA LARGE CAP FUND - IDCW Option;INF204K01539;INF204K01547;14.1678;14.0261;14.1678;10-Dec-2015
106240;Nippon India Large Cap Fund- Growth Plan Bonus Option;INF204K01554;;22.8972;22.6682;22.8972;10-Dec-2015
106238;Nippon India Large Cap Fund-Institutional Plan Growth Plan Bonus Option;INF204K01513;;23.5316;23.2963;23.5316;10-Dec-2015

SBI Mutual Fund
119585;SBI Large Cap Fund - Direct Plan - Income Distribution cum Capital Withdrawal Option (IDCW);INF200K01QV8;INF200K01QW6;19.2689;19.0762;19.2689;10-Dec-2015
103616;SBI Large Cap Fund - Regular Plan - Income Distribution cum Capital Withdrawal Option (IDCW);INF200K01164;INF200K01172;16.5424;16.377;16.5424;10-Dec-2015
119598;SBI Large Cap FUND-DIRECT PLAN -GROWTH;INF200K01QX4;;28.1379;27.8565;28.1379;10-Dec-2015
103504;SBI Large Cap FUND-REGULAR PLAN GROWTH;INF200K01180;;27.5849;27.3091;27.5849;10-Dec-2015

Tata Mutual Fund
119160;Tata Large Cap Fund -Direct Plan Growth Option;INF277K01QZ7;;160.1560;158.5544;160.1560;10-Dec-2015
100475;Tata Large Cap Fund -Regular Plan - Growth Option;INF277K01931;;155.7645;154.2069;155.7645;10-Dec-2015
119159;Tata Large Cap Fund- Direct Plan - Payout of IDCW Option;INF277K01QX2;INF277K01QY0;44.8746;44.4259;44.8746;10-Dec-2015
102036;Tata Large Cap Fund- Regular Plan - Payout of IDCW Option;INF277K01EG3;INF277K01923;43.5738;43.1381;43.5738;10-Dec-2015

Taurus Mutual Fund
118870;Taurus Large Cap Fund - Direct Plan - Growth;INF044D01BX3;;60.47;59.87;60.47;10-Dec-2015
118871;Taurus Large Cap Fund - Direct Plan - Payout of Income Distribution cum Capital Withdrawal option;INF044D01BY1;INF044D01BZ8;60.08;59.48;60.08;10-Dec-2015
101209;Taurus Large Cap Fund - Regular Plan - Growth;INF044D01773;;59.36;58.77;59.36;10-Dec-2015
108403;Taurus Large Cap Fund - Regular Plan - Payout of Income Distribution cum Capital Withdrawal option;INF044D01740;INF044D01757;59.36;58.77;59.36;10-Dec-2015

UTI Mutual Fund
120656;UTI Large Cap Fund - Direct Plan - Growth Option;INF789F01US8;;85.8477;85.8477;85.85;10-Dec-2015
120657;UTI Large Cap Fund - Direct Plan - IDCW;INF789F01UQ2;INF789F01UR0;30.3836;30.3836;30.38;10-Dec-2015
100651;UTI Large Cap Fund - Regular Plan - Growth Option;INF789F01976;;84.7989;84.7989;84.8;10-Dec-2015
100650;UTI Large Cap Fund - Regular Plan - IDCW;INF189A01038;INF789F01950;29.943;29.943;29.94;10-Dec-2015

Open Ended Schemes ( Equity Scheme - Large & Mid Cap Fund )


Aditya Birla Sun Life Mutual Fund
119436;Aditya Birla Sun Life Large & Mid Cap Fund - Growth - Direct Plan;INF209K01VH8;;284.47;281.63;284.47;10-Dec-2015
100033;Aditya Birla Sun Life Large & Mid Cap Fund - Regular Growth;INF209K01165;;280.41;277.61;280.41;10-Dec-2015
119433;Aditya Birla Sun Life Large & Mid Cap Fund -Direct - IDCW;INF209K01VG0;INF209K01VI6;93.53;92.59;93.53;10-Dec-2015
100034;Aditya Birla Sun Life Large & Mid Cap Fund -Regular - IDCW;INF209K01157;INF209K01CE5;82.31;81.49;82.31;10-Dec-2015

Bandhan Mutual Fund
118419;Bandhan Large & Mid Cap Fund - Direct Plan - Growth;INF194K01V89;;30.7044;30.7044;30.7044;10-Dec-2015
118420;Bandhan Large & Mid Cap Fund - Direct Plan - IDCW;INF194K01V97;INF194K01W05;14.0380;14.0380;14.0380;10-Dec-2015
108596;Bandhan Large & Mid Cap Fund - Regular Plan - Growth;INF194K01524;;29.9145;29.9145;29.9145;10-Dec-2015
108597;Bandhan Large & Mid Cap Fund - Regular Plan - IDCW;INF194K01532;INF194K01540;13.1083;13.1083;13.1083;10-Dec-2015
111864;IDFC Core Equity Fund-Plan B- Dividend;INF194K01185;INF194K01193;12.7877;12.7877;12.7877;10-Dec-2015
111863;IDFC Core Equity Fund-Plan B- Growth;INF194K01177;;23.8092;23.8092;23.8092;10-Dec-2015

Bank of India Mutual Fund
110598;BANK OF INDIA Large & Mid Cap  Equity Fund Regular Plan- Quarterly IDCW;INF761K01116;INF761K01124;10.20;10.10;10.20;10-Dec-2015
119349;BANK OF INDIA Large & Mid Cap Equity Fund Direct  Plan- Quarterly IDCW;INF761K01678;INF761K01660;11.02;10.91;11.02;10-Dec-2015
119300;BANK OF INDIA Large & Mid Cap Equity Fund Direct Plan- Bonus;INF761K01629;;13.97;13.83;13.97;10-Dec-2015
119350;BANK OF INDIA Large & Mid Cap Equity Fund Direct Plan-Growth;INF761K01652;;26.90;26.63;26.90;10-Dec-2015
119346;BANK OF INDIA Large & Mid Cap Equity Fund Direct Plan-Regular IDCW;INF761K01645;INF761K01637;13.42;13.29;13.42;10-Dec-2015
110599;BANK OF INDIA Large & Mid Cap Equity Fund Eco Plan- Growth;INF761K01041;;26.93;26.66;0.00;10-Dec-2015
110601;BANK OF INDIA Large & Mid Cap Equity Fund Eco Plan-Bonus;INF761K01017;;26.93;26.66;0.00;10-Dec-2015
110604;BANK OF INDIA Large & Mid Cap Equity Fund Eco Plan-Quarterly IDCW;INF761K01058;INF761K01066;9.85;9.75;0.00;10-Dec-2015
110608;BANK OF INDIA Large & Mid Cap Equity Fund Eco Plan-Regular IDCW;INF761K01025;INF761K01033;13.34;13.21;0.00;10-Dec-2015
110603;BANK OF INDIA Large & Mid Cap Equity Fund Regular Plan- Growth;INF761K01108;;26.11;25.85;26.11;10-Dec-2015
110607;BANK OF INDIA Large & Mid Cap Equity Fund Regular Plan- Regular IDCW;INF761K01082;INF761K01090;11.69;11.57;11.69;10-Dec-2015
110606;BANK OF INDIA Large & Mid Cap Equity Fund Regular Plan-Bonus;INF761K01074;;26.10;25.84;26.10;10-Dec-2015

Canara Robeco Mutual Fund
118278;CANARA ROBECO LARGE AND MID CAP FUND - DIRECT PLAN - GROWTH OPTION;INF760K01EI4;;61.8000;61.8000;61.8000;10-Dec-2015
118277;CANARA ROBECO LARGE AND MID CAP FUND - DIRECT PLAN - IDCW (Payout/Reinvestment);INF760K01EG8;INF760K01EH6;42.3400;42.3400;42.3400;10-Dec-2015
102920;CANARA ROBECO LARGE AND MID CAP FUND - REGULAR PLAN - GROWTH OPTION;INF760K01167;;60.3400;60.3400;60.3400;10-Dec-2015
102921;CANARA ROBECO LARGE AND MID CAP FUND - REGULAR PLAN - IDCW (Payout/Reinvestment);INF760K01175;INF760K01183;34.1000;34.1000;34.1000;10-Dec-2015

DSP Mutual Fund
119218;DSP Large & Mid Cap Fund - Direct Plan - Growth;INF740K01PL6;;147.110;145.639;147.110;10-Dec-2015
119219;DSP Large & Mid Cap Fund - Direct Plan - IDCW;INF740K01PM4;INF740K01PN2;41.600;41.184;41.600;10-Dec-2015
103819;DSP Large & Mid Cap Fund - Regular Plan - Growth;INF740K01094;;144.775;143.327;144.775;10-Dec-2015
103820;DSP Large & Mid Cap Fund - Regular Plan - IDCW;INF740K01078;INF740K01086;25.467;25.212;25.467;10-Dec-2015

Franklin Templeton Mutual Fund
118510;Franklin India Equity Advantage Fund - Direct - Growth;INF090I01IN1;;60.7676;60.1599;60.7676;10-Dec-2015
118509;Franklin India Equity Advantage Fund - Direct - IDCW ;INF090I01IL5;INF090I01IM3;17.1653;16.9936;17.1653;10-Dec-2015
102883;Franklin India Equity Advantage Fund - Growth Plan;INF090I01205;;59.5865;58.9906;59.5865;10-Dec-2015
102884;Franklin India Equity Advantage Fund - IDCW ;INF090I01189;INF090I01197;16.7932;16.6253;16.7932;10-Dec-2015

HDFC Mutual Fund
130496;HDFC Large and Mid Cap Fund - Growth Option;INF179KA1RT1;;82.884;82.055;82.884;10-Dec-2015
130498;HDFC Large and Mid Cap Fund - Growth Option - Direct Plan;INF179KA1RQ7;;83.41;82.576;83.41;10-Dec-2015
130497;HDFC Large and Mid Cap Fund - IDCW Option;INF179KA1RU9;;21.304;21.091;21.304;10-Dec-2015
130499;HDFC Large and Mid Cap Fund - IDCW Option - Direct Plan;INF179KA1RR5;;21.529;21.314;21.529;10-Dec-2015

ICICI Prudential Mutual Fund
120596;ICICI Prudential Large & Mid Cap Fund - Direct Plan - Growth;INF109K011O5;;229.13;226.84;229.13;10-Dec-2015
120597;ICICI Prudential Large & Mid Cap Fund - Direct Plan - IDCW;INF109K019N0;INF109K010O7;19.71;19.51;19.71;10-Dec-2015
100349;ICICI Prudential Large & Mid Cap Fund - Growth;INF109K01431;;224.01;221.77;224.01;10-Dec-2015
100348;ICICI Prudential Large & Mid Cap Fund - IDCW;INF109K01EQ7;INF109K01449;16.33;16.17;16.33;10-Dec-2015

Invesco Mutual Fund
120357;Invesco India Large & Mid Cap Fund - Direct Plan - Growth;INF205K01MA0;;22.83;22.60;22.83;10-Dec-2015
120356;Invesco India Large & Mid Cap Fund - Direct Plan - IDCW (Payout / Reinvestment);INF205K01LY2;INF205K01LZ9;12.60;12.47;12.60;10-Dec-2015
106144;Invesco India Large & Mid Cap Fund - Growth;INF205K01247;;21.97;21.75;21.97;10-Dec-2015
106143;Invesco India Large & Mid Cap Fund - IDCW (Payout / Reinvestment);INF205K01262;INF205K01254;11.98;11.86;11.98;10-Dec-2015

Kotak Mahindra Mutual Fund
120158;Kotak Large & Midcap Fund - Direct- Growth;INF174K01LF9;;80.669;79.862;80.669;10-Dec-2015
103234;Kotak Large & Midcap Fund - Growth-Regular;INF174K01187;;78.795;78.007;78.795;10-Dec-2015
120157;Kotak Large & Midcap Fund - IDCW-Direct;INF174K01LG7;INF174K01LH5;22.44;22.216;22.44;10-Dec-2015
103233;Kotak Large & Midcap Fund - IDCW-Regular;INF174K01203;INF174K01195;21.877;21.658;21.877;10-Dec-2015

L&T Mutual Fund
119398;L&T Large and Midcap Fund- Direct Plan -IDCW;INF917K01FS6;INF917K01FR8;26.207;25.945;26.207;10-Dec-2015
119397;L&T Large and Midcap Fund-Direct Plan-Growth;INF917K01FT4;;34.507;34.162;34.507;10-Dec-2015
118049;L&T Large and Midcap Fund-Regular Plan-Growth;INF677K01098;;33.832;33.494;33.832;10-Dec-2015
118050;L&T Large and Midcap Fund-Regular Plan-IDCW;INF677K01106;INF677K01114;25.632;25.376;25.632;10-Dec-2015

LIC Mutual Fund
133710;LIC MF Large & Mid Cap Fund-Direct Plan-Growth;INF767K01NE9;;9.3824;9.1948;9.3824;10-Dec-2015
133709;LIC MF Large & Mid Cap Fund-Direct Plan-IDCW;INF767K01ND1;INF767K01NF6;9.3804;9.1928;9.3804;10-Dec-2015
133711;LIC MF Large & Mid Cap Fund-Regular Plan-Growth;INF767K01NB5;;9.3459;9.1590;9.3459;10-Dec-2015
133712;LIC MF Large & Mid Cap Fund-Regular Plan-IDCW;INF767K01NA7;INF767K01NC3;9.3459;9.1590;9.3459;10-Dec-2015

Mirae Asset Mutual Fund
118834;Mirae Asset Large & Midcap Fund - Direct Plan - Growth;INF769K01BI1;;31.518;30.888;31.518;10-Dec-2015
118835;Mirae Asset Large & Midcap Fund - Direct Plan - IDCW;INF769K01BJ9;INF769K01BK7;28.795;28.219;28.795;10-Dec-2015
112932;Mirae Asset Large & Midcap Fund - Regular Plan - Growth;INF769K01101;;30.586;29.974;30.586;10-Dec-2015
112931;Mirae Asset Large & Midcap Fund - Regular Plan - IDCW;INF769K01127;INF769K01119;23.676;23.202;23.676;10-Dec-2015

Navi Mutual Fund
135679;Navi Large & Midcap Fund - Direct Normal IDCW Payout;INF959L01CI4;INF959L01CJ2;10.0140;10.0140;10.0140;10-Dec-2015
135680;Navi Large & Midcap Fund - Regular Normal IDCW Payout;INF959L01CL8;INF959L01CM6;10.0126;10.0126;10.0126;10-Dec-2015
135677;Navi Large & Midcap Fund- Direct Plan- Growth Option;INF959L01CH6;;10.0146;10.0146;10.0146;10-Dec-2015
135678;Navi Large & Midcap Fund- Regular Plan- Growth Option;INF959L01CK0;;10.0126;10.0126;10.0126;10-Dec-2015

Nippon India Mutual Fund
100378;NIPPON INDIA VISION FUND - IDCW Option;INF204K01372;INF204K01380;43.6173;43.1811;43.6173;10-Dec-2015
100379;Nippon India Vision Fund-GROWTH PLAN-Bonus Option;INF204K01398;;68.8813;68.1925;68.8813;10-Dec-2015
100380;Nippon India Vision Fund-GROWTH PLAN-Growth Option;INF204K01406;;408.9819;404.8921;408.9819;10-Dec-2015
118676;NIPPON INDIA VISION LARGE & MID CAP  FUND - DIRECT Plan - IDCW Option;INF204K01F04;INF204K01F12;44.5272;44.0819;44.5272;10-Dec-2015
118675;Nippon India Vision Large & Mid Cap Fund - Direct Plan Growth Plan - Bonus Option;INF204K01E96;;70.5811;69.8753;70.5811;10-Dec-2015
118678;Nippon India Vision Large & Mid Cap Fund - Direct Plan Growth Plan - Growth Option;INF204K01F20;;416.2754;412.1126;416.2754;10-Dec-2015
106255;Nippon India Vision Large & Mid Cap Fund Institutional Dividend Plan;INF204K01331;INF204K01349;281.9676;279.1479;281.9676;10-Dec-2015

Principal Mutual Fund
119441;Principal Emerging Bluechip Fund - Direct Plan - Growth Option;INF173K01EG4;;67.00;66.33;67.00;10-Dec-2015
119440;Principal Emerging Bluechip Fund - Direct Plan - Half Yearly Income Distribution CUM Capital Withdrawal Option;INF173K01EI0;INF173K01EH2;51.01;50.50;51.01;10-Dec-2015
111381;Principal Emerging Bluechip Fund - Growth Option;INF173K01155;;65.55;64.89;65.55;10-Dec-2015
111382;Principal Emerging Bluechip Fund - Half Yearly Income Distribution CUM Capital Withdrawal Option;INF173K01163;INF173K01171;42.48;42.06;42.48;10-Dec-2015

quant Mutual Fund
104515;quant Large & Mid Cap Fund - Bonus Option - Regular Plan;INF966L01424;;25.3047;25.0517;25.3047;10-Dec-2015
120824;quant Large & Mid Cap Fund - Bonus Option-Direct Plan;INF966L01655;;25.3047;25.0517;25.3047;10-Dec-2015
104513;quant Large & Mid Cap Fund - Growth Option;INF966L01341;;25.2670;25.0143;25.2670;10-Dec-2015
120826;quant Large & Mid Cap Fund - Growth Option-Direct Plan;INF966L01648;;25.5599;25.3043;25.5599;10-Dec-2015
120825;quant Large & Mid Cap Fund - IDCW Option - Direct Plan;INF966L01622;INF966L01630;15.5061;15.3510;15.5061;10-Dec-2015
104514;quant Large & Mid Cap Fund - IDCW Option - Regular Plan;INF966L01325;INF966L01333;19.0267;18.8364;19.0267;10-Dec-2015

SBI Mutual Fund
119720;SBI Large & Midcap Fund - Direct Plan - Income Distribution cum Capital Withdrawal Option (IDCW);INF200K01UH9;INF200K01UI7;98.022;97.0418;98.022;10-Dec-2015
101530;SBI Large & Midcap Fund - Regular Plan - Income Distribution cum Capital Withdrawal Option (IDCW);INF200K01289;INF200K01297;84.007;83.1669;84.007;10-Dec-2015
119721;SBI LARGE & MIDCAP FUND -DIRECT PLAN -Growth;INF200K01UJ5;;154.8186;153.2704;154.8186;10-Dec-2015
103024;SBI LARGE & MIDCAP FUND- REGULAR PLAN -Growth;INF200K01305;;153.1787;151.6469;153.1787;10-Dec-2015

Sundaram Mutual Fund
119565;Sundaram Large and Midcap Direct Plan - Income Distribution cum Capital Withdrawal (IDCW);INF903J01PP3;INF903J01PQ1;16.8432;16.6748;16.8432;10-Dec-2015
119566;Sundaram Large and Midcap Fund Direct Plan - Growth;INF903J01PR9;;22.4507;22.2262;22.4507;10-Dec-2015
105001;Sundaram Large and Midcap Fund Regular Plan - Growth;INF903J01DT1;;22.0598;21.8392;22.0598;10-Dec-2015
105000;Sundaram Large and Midcap Regular Plan - Income Distribution cum Capital Withdrawal (IDCW);INF903J01DU9;INF903J01DV7;16.5647;16.3991;16.5647;10-Dec-2015

Tata Mutual Fund
119202;Tata Large & MId Cap Fund -Direct Plan- Growth Option;INF277K01MK8;;150.3899;148.8860;150.3899;10-Dec-2015
119201;Tata Large & Mid Cap Fund Direct Plan - Payout of IDCW Option;INF277K01MI2;INF277K01MJ0;32.0949;31.7740;32.0949;10-Dec-2015
101823;Tata Large & Mid Cap Fund Regular Plan - Payout of IDCW Option;INF277K01DH3;INF277K01410;31.2166;30.9044;31.2166;10-Dec-2015
101824;Tata Large & Mid Cap Fund- Regular Plan - Growth Option;INF277K01428;;146.5307;145.0654;146.5307;10-Dec-2015

UTI Mutual Fund
120665;UTI Large & Mid Cap Fund - Direct Plan - Growth Option;INF789F01UG3;;46.734;46.734;46.73;10-Dec-2015
120664;UTI Large & Mid Cap Fund - Direct Plan - IDCW;INF789F01UE8;INF789F01UF5;31.1912;31.1912;31.19;10-Dec-2015
100664;UTI Large & Mid Cap Fund - Regular Plan - Growth Option;INF789F01869;;46.2669;46.2669;46.27;10-Dec-2015
100663;UTI Large & Mid Cap Fund - Regular Plan - IDCW;INF189A01046;INF789F01851;30.8582;30.8582;30.86;10-Dec-2015

Open Ended Schemes ( Equity Scheme - Mid Cap Fund )


Aditya Birla Sun Life Mutual Fund
119620;Aditya Birla Sun Life Midcap Fund - Growth - Direct Plan;INF209K01Q30;;219.63;216.34;219.63;10-Dec-2015
119619;Aditya Birla Sun Life Midcap Fund -DIRECT - IDCW;INF209K01Q22;;41.24;40.62;41.24;10-Dec-2015
101591;Aditya Birla Sun Life Midcap Fund -REGULAR - IDCW;INF209K01355;INF209K01CN6;30.24;29.79;30.24;10-Dec-2015
101592;Aditya Birla Sun Life MIDCAP Fund-Growth;INF209K01363;;214.70;211.48;214.70;10-Dec-2015

Axis Mutual Fund
120505;Axis Midcap Fund - Direct Plan - Growth;INF846K01EH3;;25.20;24.95;25.20;10-Dec-2015
120504;Axis Midcap Fund - Direct Plan - IDCW;INF846K01EF7;INF846K01EG5;23.49;23.26;23.49;10-Dec-2015
114564;Axis Midcap Fund - Regular Plan - Growth;INF846K01859;;24.32;24.08;24.32;10-Dec-2015
114565;Axis Midcap Fund - Regular Plan - IDCW;INF846K01867;INF846K01875;20.78;20.57;20.78;10-Dec-2015

Baroda BNP Paribas Mutual Fund
113327;Baroda Mid-cap Fund- Plan A - Growth Option;INF955L01609;;7.32;7.25;7.32;10-Dec-2015
113328;Baroda Mid-cap Fund- Plan A - IDCW Option;INF955L01583;INF955L01591;7.32;7.25;7.32;10-Dec-2015
119392;Baroda Mid-cap Fund- Plan B (Direct) - Growth Option;INF955L01AV9;;7.49;7.42;7.49;10-Dec-2015
119313;Baroda Mid-cap Fund-Plan B (Direct)-IDCW Option;INF955L01AT3;;7.49;7.42;7.49;10-Dec-2015

BNP Paribas Mutual Fund
120002;BNP Paribas Mid Cap Fund - Direct Plan - Growth Option;INF251K01HQ0;;25.3350;25.3350;25.3350;10-Dec-2015
120001;BNP Paribas Mid Cap Fund - Direct Plan - Income Distribution cum Capital Withdrawal Option;INF251K01HO5;INF251K01HP2;25.2170;25.2170;25.2170;10-Dec-2015
113566;BNP Paribas Mid Cap Fund-Growth Option;INF251K01AW3;;24.5970;24.5970;24.5970;10-Dec-2015
113567;BNP Paribas Mid Cap Fund-Income Distribution cum Capital Withdrawal Option;INF251K01AX1;INF251K01AY9;24.4970;24.4970;24.4970;10-Dec-2015

DSP Mutual Fund
119071;DSP Midcap Fund - Direct Plan - Growth;INF740K01PX1;;36.698;36.331;36.698;10-Dec-2015
119070;DSP Midcap Fund - Direct Plan - IDCW;INF740K01PY9;INF740K01PZ6;28.592;28.306;28.592;10-Dec-2015
104481;DSP Midcap Fund - Regular Plan - Growth;INF740K01128;;36.022;35.662;36.022;10-Dec-2015
104482;DSP Midcap Fund - Regular Plan - IDCW;INF740K01102;INF740K01110;20.555;20.349;20.555;10-Dec-2015

Franklin Templeton Mutual Fund
118533;Franklin India Prima Fund - Direct - Growth;INF090I01FH9;;675.0522;668.3017;675.0522;10-Dec-2015
118532;Franklin India PRIMA FUND - Direct - IDCW ;INF090I01FI7;INF090I01FJ5;57.3654;56.7917;57.3654;10-Dec-2015
100472;Franklin India PRIMA FUND - IDCW ;INF090I01726;INF090I01734;55.3665;54.8128;55.3665;10-Dec-2015
100473;Franklin India Prima Fund-Growth;INF090I01809;;654.2264;647.6841;654.2264;10-Dec-2015

HDFC Mutual Fund
118989;HDFC Mid Cap Fund - Growth Option - Direct Plan;INF179K01XQ0;;37.61;37.234;37.61;10-Dec-2015
105758;HDFC Mid Cap Fund - Growth Plan;INF179K01CR2;;36.838;36.47;36.838;10-Dec-2015
118988;HDFC Mid Cap Fund - IDCW Option - Direct Plan;INF179K01XO5;INF179K01XP2;29.311;29.018;29.311;10-Dec-2015
105757;HDFC Mid Cap Fund - IDCW Plan;INF179K01CS0;INF179K01CT8;25.843;25.585;25.843;10-Dec-2015

ICICI Prudential Mutual Fund
120381;ICICI Prudential MidCap Fund - Direct Plan -  Growth;INF109K011N7;;70.13;69.43;70.13;10-Dec-2015
120380;ICICI Prudential MidCap Fund - Direct Plan -  IDCW;INF109K019M2;INF109K010N9;28.34;28.06;28.34;10-Dec-2015
102528;ICICI Prudential MidCap Fund - Growth;INF109K01AN2;;68.55;67.86;68.55;10-Dec-2015
102529;ICICI Prudential MidCap Fund - IDCW;INF109K01EH6;INF109K01AL6;24.55;24.30;24.55;10-Dec-2015

Invesco Mutual Fund
120403;Invesco India Midcap Fund - Direct Plan - Growth Option;INF205K01MV6;;34.71;34.36;34.71;10-Dec-2015
120402;Invesco India Midcap Fund - Direct Plan - IDCW (Payout / Reinvestment);INF205K01MT0;INF205K01MU8;25.82;25.56;25.82;10-Dec-2015
105503;Invesco India Midcap Fund - Growth Option;INF205K01BC9;;33.35;33.02;33.35;10-Dec-2015
105504;Invesco India Midcap Fund - IDCW (Payout / Reinvestment);INF205K01BD7;INF205K01BE5;24.75;24.50;24.75;10-Dec-2015

Kotak Mahindra Mutual Fund
119774;Kotak Midcap Fund  - Direct Plan - IDCW - Payout & Re-investment of Income Distribution cum capital withdrawal option;INF174K01LU8;INF174K01LV6;20.474;20.269;20.474;10-Dec-2015
119775;Kotak Midcap Fund - Direct Plan - Growth;INF174K01LT0;;26.336;26.073;26.336;10-Dec-2015
104908;Kotak Midcap Fund - Regular Plan - Growth;INF174K01DS9;;25.631;25.375;25.631;10-Dec-2015
104907;Kotak Midcap Fund - Regular Plan - IDCW -Payout & Re-investment of Income Distribution cum capital withdrawal option;INF174K01DU5;INF174K01DT7;19.878;19.679;19.878;10-Dec-2015

L&T Mutual Fund
119806;L&T Mid Cap Fund-Direct Plan -IDCW;INF917K01FX6;;37.12;36.75;37.12;10-Dec-2015
119807;L&T Mid Cap Fund-Direct Plan-Growth;INF917K01FZ1;;89.85;88.95;89.85;10-Dec-2015
112496;L&T Mid Cap Fund-Regular Plan-Growth;INF917K01254;;87.84;86.96;87.84;10-Dec-2015
112495;L&T Mid Cap Fund-Regular Plan-IDCW;INF917K01239;INF917K01247;36.27;35.91;36.27;10-Dec-2015

Motilal Oswal Mutual Fund
127044;Motilal Oswal Midcap Fund-Direct - IDCW Payout/Reinvestment;INF247L01460;INF247L01452;18.8983;18.8983;18.8983;10-Dec-2015
127042;Motilal Oswal Midcap Fund-Direct Plan-Growth Option;INF247L01445;;19.8648;19.8648;19.8648;10-Dec-2015
127040;Motilal Oswal Midcap Fund-Regular - IDCW Payout/Reinvestment;INF247L01437;INF247L01429;18.4851;18.4851;18.4851;10-Dec-2015
127039;Motilal Oswal Midcap Fund-Regular Plan-Growth Option;INF247L01411;;19.4434;19.4434;19.4434;10-Dec-2015

Nippon India Mutual Fund
100375;NIPPON INDIA GROWTH FUND - IDCW Option;INF204K01299;INF204K01307;63.3992;62.7652;63.3992;10-Dec-2015
100376;Nippon India Growth Fund-Growth Plan-Bonus Option;INF204K01315;;129.2689;127.9762;129.2689;10-Dec-2015
100377;Nippon India Growth Fund-Growth Plan-Growth Option;INF204K01323;;777.0663;769.2956;777.0663;10-Dec-2015
118666;NIPPON INDIA GROWTH MID CAP FUND - DIRECT Plan - IDCW Option;INF204K01E39;INF204K01E47;73.7259;72.9886;73.7259;10-Dec-2015
118665;Nippon India Growth Mid Cap Fund - Direct Plan Growth Plan - Bonus Option;INF204K01E21;;131.5644;130.2488;131.5644;10-Dec-2015
118668;Nippon India Growth Mid Cap Fund - Direct Plan Growth Plan - Growth Option;INF204K01E54;;791.9005;783.9815;791.9005;10-Dec-2015
106260;NIPPON INDIA GROWTH MID CAP FUND - INSTITUTIONAL Plan - IDCW Option;INF204K01257;INF204K01265;568.7989;563.1109;568.7989;10-Dec-2015

PGIM India Mutual Fund
125301;PGIM India Midcap Fund - Direct Plan - Dividend Option - Payout;INF663L01DW1;INF663L01DX9;13.91;13.77;13.91;10-Dec-2015
125307;PGIM India Midcap Fund - Direct Plan - Growth Option;INF663L01DV3;;15.23;15.08;15.23;10-Dec-2015
125306;PGIM India Midcap Fund - Regular Plan - Dividend Option - Payout;INF663L01EA5;INF663L01EB3;13.78;13.64;13.78;10-Dec-2015
125305;PGIM India Midcap Fund - Regular Plan - Growth Option;INF663L01DZ4;;15.09;14.94;15.09;10-Dec-2015

quant Mutual Fund
120841;quant Mid Cap Fund - Growth Option - Direct Plan;INF966L01887;;44.3488;43.9053;44.3488;10-Dec-2015
101065;quant Mid Cap Fund - Growth Option - Regular Plan;INF966L01176;;44.1125;43.6714;44.1125;10-Dec-2015
120840;quant Mid Cap Fund - IDCW Option - Direct Plan;INF966L01861;INF966L01879;15.6133;15.4572;15.6133;10-Dec-2015
101066;quant Mid Cap Fund - IDCW Option - Regular Plan;INF966L01150;INF966L01168;15.6132;15.4571;15.6132;10-Dec-2015

SBI Mutual Fund
119716;SBI MIDCAP FUND - DIRECT PLAN - GROWTH;INF200K01TP4;;60.7074;60.1003;60.7074;10-Dec-2015
119715;SBI Midcap Fund - Direct Plan - Income Distribution cum Capital Withdrawal Option (IDCW);INF200K01TN9;INF200K01TO7;39.444;39.0496;39.444;10-Dec-2015
102941;SBI MIDCAP FUND - REGULAR PLAN - GROWTH;INF200K01560;;59.4135;58.8194;59.4135;10-Dec-2015
102942;SBI Midcap Fund - Regular Plan - Income Distribution cum Capital Withdrawal Option (IDCW);INF200K01578;INF200K01586;27.888;27.6091;27.888;10-Dec-2015

Sundaram Mutual Fund
119581;Sundaram Mid Cap Fund Direct Plan - Growth;INF903J01MJ3;;339.0657;335.6750;339.0657;10-Dec-2015
119582;Sundaram Mid Cap Fund Direct Plan - Income Distribution cum Capital Withdrawal (IDCW);INF903J01MH7;INF903J01MI5;32.1654;31.8437;32.1654;10-Dec-2015
111941;Sundaram Mid Cap Fund Institutional Plan - Growth;INF903J01207;;346.1168;342.6556;346.1168;10-Dec-2015
111942;Sundaram Mid Cap Fund Institutional Plan - Income Distribution cum Capital Withdrawal (IDCW);INF903J01215;INF903J01223;29.0208;28.7306;29.0208;10-Dec-2015
101539;Sundaram Mid Cap Fund Regular Plan - Growth;INF903J01173;;333.7063;330.3692;333.7063;10-Dec-2015
101538;Sundaram Mid Cap Fund Regular Plan - Income Distribution cum Capital Withdrawal (IDCW);INF903J01181;INF903J01199;31.5891;31.2732;31.5891;10-Dec-2015

Tata Mutual Fund
119182;Tata Mid Cap Growth Fund - Direct Plan Bonus(Growth);INF277K01PV8;;93.4033;92.4693;93.4033;10-Dec-2015
119178;Tata Mid Cap Growth Fund - Direct Plan- Growth Option;INF277K01PY2;;101.7843;100.7665;101.7843;10-Dec-2015
119177;Tata Mid Cap Growth Fund - Direct Plan- IDCW Option;INF277K01PW6;INF277K01PX4;38.7761;38.3883;38.7761;10-Dec-2015
102328;Tata Mid Cap Growth Fund Regular Plan- Growth Option;INF277K01626;;99.4745;98.4798;99.4745;10-Dec-2015
102326;Tata Mid Cap Growth Fund-Regular Plan - IDCW Option;INF277K01DS0;INF277K01642;34.8953;34.5463;34.8953;10-Dec-2015
102329;Tata Mid Cap Growth Fund Regular Plan  - Bonus (Growth);INF277K01634;;92.6007;91.6747;92.6007;10-Dec-2015

Taurus Mutual Fund
118872;Taurus Mid Cap Fund - Direct Plan - Growth;INF044D01CA9;;29.89;29.59;29.89;10-Dec-2015
118873;Taurus Mid Cap Fund - Direct Plan - Payout of Income Distribution cum Capital Withdrawal option;INF044D01CB7;INF044D01CC5;29.85;29.55;29.85;10-Dec-2015
100477;Taurus Mid Cap Fund - Regular Plan - Growth;INF044D01815;;29.48;29.19;29.48;10-Dec-2015
111642;Taurus Mid Cap Fund - Regular Plan - Payout of Income Distribution cum Capital Withdrawal option;INF044D01781;INF044D01799;29.48;29.19;29.48;10-Dec-2015

UTI Mutual Fund
120727;UTI Mid Cap Fund - Direct Plan - IDCW;INF789F01TY8;INF789F01TZ5;46.4606;46.4606;46.46;10-Dec-2015
102393;UTI Mid Cap Fund - Regular Plan - IDCW;INF789F01794;INF789F01802;44.3997;44.3997;44.4;10-Dec-2015
102394;UTI Mid Cap Fund-Growth Option;INF789F01810;;77.7696;77.7696;77.77;10-Dec-2015
120726;UTI Mid Cap Fund-Growth Option- Direct;INF789F01UA6;;79.3515;79.3515;79.35;10-Dec-2015

Open Ended Schemes ( Equity Scheme - Small Cap Fund )


Aditya Birla Sun Life Mutual Fund
105804;Aditya Birla Sun Life Small Cap Fund - GROWTH;INF209K01EN2;;24.5810;24.3352;24.5810;10-Dec-2015
119556;Aditya Birla Sun Life Small Cap Fund - Growth - Direct Plan;INF209K01WN4;;25.1844;24.9326;25.1844;10-Dec-2015
119557;Aditya Birla Sun Life Small Cap Fund -Direct - IDCW;INF209K01WM6;;24.3983;24.1543;24.3983;10-Dec-2015
105805;Aditya Birla Sun Life Small Cap Fund -Regular - IDCW;INF209K01EO0;INF209K01EP7;18.8753;18.6865;18.8753;10-Dec-2015

Axis Mutual Fund
125354;Axis Small Cap Fund - Direct Plan - Growth;INF846K01K35;;19.85;19.85;19.85;10-Dec-2015
125351;Axis Small Cap Fund - Direct Plan - IDCW;INF846K01K43;INF846K01K50;17.87;17.87;17.87;10-Dec-2015
125350;Axis Small Cap Fund - Regular Plan - Growth;INF846K01K01;;19.40;19.40;19.40;10-Dec-2015
125352;Axis Small Cap Fund - Regular Plan - IDCW;INF846K01K19;INF846K01K27;17.43;17.43;17.43;10-Dec-2015

DSP Mutual Fund
119212;DSP Small Cap Fund - Direct Plan - Growth;INF740K01QD1;;42.305;41.882;42.305;10-Dec-2015
119213;DSP Small Cap Fund - Direct Plan - IDCW;INF740K01QE9;INF740K01QF6;25.685;25.428;25.685;10-Dec-2015
105989;DSP Small Cap Fund - Regular - Growth;INF740K01797;;41.478;41.063;41.478;10-Dec-2015
113153;DSP Small Cap Fund - Regular - IDCW;INF740K01805;INF740K01AM6;25.185;24.933;25.185;10-Dec-2015

Franklin Templeton Mutual Fund
118525;Franklin India Smaller Companies Fund - Direct - Growth;INF090I01IQ4;;39.8585;39.4599;39.8585;10-Dec-2015
118524;Franklin India Smaller Companies Fund - Direct - IDCW ;INF090I01IO9;INF090I01IP6;25.6249;25.3687;25.6249;10-Dec-2015
103361;Franklin India Smaller Companies Fund - IDCW ;INF090I01544;INF090I01551;24.8188;24.5706;24.8188;10-Dec-2015
103360;Franklin India Smaller Companies Fund-Growth;INF090I01569;;38.6919;38.3050;38.6919;10-Dec-2015

HDFC Mutual Fund
130502;HDFC Small Cap Fund - Growth Option;INF179KA1RZ8;;26.215;25.953;26.215;10-Dec-2015
130503;HDFC Small Cap Fund - Growth Option - Direct Plan;INF179KA1RW5;;26.863;26.594;26.863;10-Dec-2015
130501;HDFC Small Cap Fund - IDCW Option;INF179KA1SA9;INF179KA1SB7;21.132;20.921;21.132;10-Dec-2015
130504;HDFC Small Cap Fund - IDCW Option - Direct Plan;INF179KA1RX3;INF179KA1RY1;21.754;21.536;21.754;10-Dec-2015

ICICI Prudential Mutual Fund
120591;ICICI Prudential Smallcap Fund - Direct Plan - Growth;INF109K015M0;;19.89;19.69;19.89;10-Dec-2015
120870;ICICI Prudential Smallcap Fund - Direct Plan - IDCW;INF109K013M5;INF109K014M3;19.90;19.70;19.90;10-Dec-2015
106823;ICICI Prudential Smallcap Fund - Growth;INF109K01BI0;;19.57;19.37;19.57;10-Dec-2015
106822;ICICI Prudential Smallcap Fund - IDCW;INF109K01FA8;INF109K01BJ8;15.11;14.96;15.11;10-Dec-2015
106821;ICICI Prudential Smallcap Fund - Institutional Growth;INF109K01BK6;;19.58;19.38;19.58;10-Dec-2015

Kotak Mahindra Mutual Fund
102875;Kotak-Small Cap Fund - Growth;INF174K01211;;51.86;51.341;51.86;10-Dec-2015
120164;Kotak-Small Cap Fund - Growth - Direct;INF174K01KT2;;53.403;52.869;53.403;10-Dec-2015
102874;Kotak-Small Cap Fund - Payout of Income Distribution cum capital withdrawal option;INF174K01237;INF174K01229;29.875;29.576;29.875;10-Dec-2015
120163;Kotak-Small Cap Fund - Payout of Income Distribution cum capital withdrawal option - Direct;INF174K01KU0;INF174K01KV8;30.803;30.495;30.803;10-Dec-2015

L&T Mutual Fund
129220;L&T Emerging Businesses Fund - Direct Plan - Growth;INF917K01QA1;;15.248;15.096;15.248;10-Dec-2015
129222;L&T Emerging Businesses Fund - Direct Plan - IDCW;INF917K01PZ0;INF917K01XP5;15.248;15.096;15.248;10-Dec-2015
129223;L&T Emerging Businesses Fund - Regular Plan - Growth;INF917K01QC7;;15.089;14.938;15.089;10-Dec-2015
129221;L&T Emerging Businesses Fund - Regular Plan - IDCW;INF917K01QB9;INF917K01XQ3;15.089;14.938;15.089;10-Dec-2015

Nippon India Mutual Fund
118775;NIPPON INDIA SMALL CAP FUND - Direct Plan - IDCW Option;INF204K01J91;INF204K01K07;22.5305;22.3052;22.5305;10-Dec-2015
118777;Nippon India Small Cap Fund - Direct Plan Growth Plan - Bonus Option;INF204K01J83;;27.0898;26.8189;27.0898;10-Dec-2015
118778;Nippon India Small Cap Fund - Direct Plan Growth Plan - Growth Option;INF204K01K15;;27.0898;26.8189;27.0898;10-Dec-2015
113178;Nippon India Small Cap Fund - Growth Plan - Bonus Option;INF204K01HZ0;;26.4993;26.2343;26.4993;10-Dec-2015
113177;Nippon India Small Cap Fund - Growth Plan - Growth Option;INF204K01HY3;;26.4993;26.2343;26.4993;10-Dec-2015
113179;NIPPON INDIA SMALL CAP FUND - IDCW Option;INF204K01IA1;INF204K01IB9;21.9601;21.7405;21.9601;10-Dec-2015

quant Mutual Fund
100177;quant Small Cap Fund - Growth - Regular Plan;INF966L01AA0;;43.9540;43.7342;43.9540;10-Dec-2015
120828;quant Small Cap Fund - Growth Option - Direct Plan;INF966L01689;;44.3308;44.1091;44.3308;10-Dec-2015
120827;quant Small Cap Fund - IDCW Option - Direct Plan;INF966L01663;INF966L01671;37.5895;37.4016;37.5895;10-Dec-2015
100176;quant Small Cap Fund - IDCW Option - Regular Plan;INF206A01022;INF966L01044;37.2551;37.0688;37.2551;10-Dec-2015

SBI Mutual Fund
125497;SBI Small Cap Fund - Direct Plan - Growth;INF200K01T51;;33.2474;32.9149;33.2474;10-Dec-2015
125496;SBI Small Cap Fund - Direct Plan - Income Distribution cum Capital Withdrawal Option (IDCW);INF200K01T69;INF200K01T77;28.8792;28.5904;28.8792;10-Dec-2015
125494;SBI Small Cap Fund - Regular Plan - Growth;INF200K01T28;;32.2831;31.9603;32.2831;10-Dec-2015
125495;SBI Small Cap Fund - Regular Plan - Income Distribution cum Capital Withdrawal Option (IDCW);INF200K01T36;INF200K01T44;24.2804;24.0376;24.2804;10-Dec-2015

Sundaram Mutual Fund
119589;Sundaram Small Cap Fund Direct Plan - Growth;INF903J01NK9;;72.1591;71.4375;72.1591;10-Dec-2015
119588;Sundaram Small Cap Fund Direct Plan - Income Distribution cum Capital Withdrawal (IDCW);INF903J01NI3;INF903J01NJ1;21.6266;21.4103;21.6266;10-Dec-2015
112064;Sundaram Small Cap Fund Institutional Plan - Growth;INF903J01504;;73.6741;72.9374;73.6741;10-Dec-2015
112207;Sundaram Small Cap Fund Institutional Plan - Income Distribution cum Capital Withdrawal (IDCW);INF903J01488;INF903J01496;22.1207;21.8995;22.1207;10-Dec-2015
100795;Sundaram Small Cap Fund Regular Plan - Growth;INF903J01470;;71.1067;70.3956;71.1067;10-Dec-2015
100794;Sundaram Small Cap Fund Regular Plan - Income Distribution cum Capital Withdrawal (IDCW);INF903J01454;INF903J01462;21.2515;21.0390;21.2515;10-Dec-2015

Union Mutual Fund
129649;Union Small Cap Fund - Direct Plan - Growth Option;INF582M01BU9;;12.01;11.89;12.01;10-Dec-2015
129646;Union Small Cap Fund - Direct Plan - IDCW Option;INF582M01BW5;INF582M01BV7;12.01;11.89;12.01;10-Dec-2015
129647;Union Small Cap Fund - Regular Plan - Growth Option;INF582M01BY1;;11.88;11.76;11.88;10-Dec-2015
129648;Union Small Cap Fund - Regular Plan - IDCW Option;INF582M01CA9;INF582M01BZ8;11.88;11.76;11.88;10-Dec-2015

Open Ended Schemes ( Equity Scheme - Dividend Yield Fund )


Aditya Birla Sun Life Mutual Fund
119507;Aditya Birla Sun Life Dividend Yield Fund - Growth - Direct Plan;INF209K01WA1;;134.26;132.92;134.26;10-Dec-2015
101738;Aditya Birla Sun Life Dividend Yield Fund - Growth - Regular Plan;INF209K01405;;131.31;130.00;131.31;10-Dec-2015
119506;Aditya Birla Sun Life Dividend Yield Fund -DIRECT - IDCW;INF209K01Q55;INF209K01WB9;19.31;19.12;19.31;10-Dec-2015
101737;Aditya Birla Sun Life Dividend Yield Fund -REGULAR - IDCW;INF209K01397;INF209K01CP1;14.74;14.59;14.74;10-Dec-2015

Franklin Templeton Mutual Fund
118527;Templeton India Equity Income Fund - Direct - Growth;INF090I01IT8;;33.4043;33.0703;33.4043;10-Dec-2015
118526;Templeton India EQUITY INCOME FUND - Direct - IDCW ;INF090I01IR2;INF090I01IS0;14.8745;14.7258;14.8745;10-Dec-2015
103679;Templeton India EQUITY INCOME FUND - IDCW ;INF090I01932;INF090I01940;14.6083;14.4622;14.6083;10-Dec-2015
103678;Templeton India Equity Income Fund-Growth Plan;INF090I01957;;32.8767;32.5479;32.8767;10-Dec-2015

ICICI Prudential Mutual Fund
129312;ICICI Prudential Dividend Yield Equity Fund Direct Plan Growth Option;INF109KA1UA0;;11.86;11.74;11.86;10-Dec-2015
129309;ICICI Prudential Dividend Yield Equity Fund Direct Plan IDCW Option;INF109KA1UB8;INF109KA1UC6;11.47;11.36;11.47;10-Dec-2015
129310;ICICI Prudential Dividend Yield Equity Fund Growth Option;INF109KA1TX4;;11.73;11.61;11.73;10-Dec-2015
129311;ICICI Prudential Dividend Yield Equity Fund IDCW Option;INF109KA1TY2;INF109KA1TZ9;11.34;11.23;11.34;10-Dec-2015

Principal Mutual Fund
119438;Principal Dividend Yield Fund - Direct Plan - Growth Option;INF173K01EV3;;34.34;34.00;34.34;10-Dec-2015
119437;Principal Dividend Yield Fund- Direct Plan - Half Yearly Income Distribution CUM Capital Withdrawal Option;INF173K01ES9;INF173K01ET7;22.76;22.53;22.76;10-Dec-2015
102808;Principal Dividend Yield Fund- Half Yearly Income Distribution CUM Capital Withdrawal Plan;INF173K01AD9;INF173K01AE7;21.92;21.70;21.92;10-Dec-2015
102807;Principal Dividend Yield Fund-Growth Plan;INF173K01AC1;;33.78;33.44;33.78;10-Dec-2015

Tata Mutual Fund
102858;Tata Dividend Yield Fund  Regular Plan -( Div);INF277K01DD2;INF277K01337;25.7870;25.5291;25.7870;10-Dec-2015
102859;Tata Dividend Yield Fund Regular Plan;INF277K01345;;57.0718;56.5011;57.0718;10-Dec-2015
119235;Tata Dividend Yield Fund-Direct Plan Dividend;INF277K01MQ5;INF277K01MR3;26.3396;26.0762;26.3396;10-Dec-2015
119234;Tata Dividend Yield Fund-Direct Plan Growth;INF277K01MS1;;58.2265;57.6442;58.2265;10-Dec-2015

UTI Mutual Fund
120750;UTI Dividend Yield Fund - Direct Plan - IDCW;INF789F01SU8;INF789F01SV6;15.8947;15.8947;15.89;10-Dec-2015
103025;UTI Dividend Yield Fund - Regular Plan - IDCW;INF789F01448;INF789F01455;14.8782;14.8782;14.88;10-Dec-2015
103026;UTI-Dividend Yield Fund.-Growth;INF789F01463;;44.9231;44.9231;44.92;10-Dec-2015
120749;UTI-Dividend Yield Fund.-Growth-Direct;INF789F01SW4;;45.7419;45.7419;45.74;10-Dec-2015

Open Ended Schemes ( Equity Scheme - Value Fund )


Aditya Birla Sun Life Mutual Fund
119658;Aditya Birla Sun Life Value Fund - Direct - IDCW;INF209K01WP9;INF209K01WR5;34.3342;33.6475;34.3342;10-Dec-2015
119659;Aditya Birla Sun Life Value Fund - Growth - Direct Plan;INF209K01WQ7;;39.2266;38.4421;39.2266;10-Dec-2015
108167;Aditya Birla Sun Life Value Fund - Growth Option;INF209K01LF3;;38.3793;37.6117;38.3793;10-Dec-2015
108166;Aditya Birla Sun Life Value Fund - Regular - IDCW;INF209K01LE6;INF209K01LG1;24.8241;24.3276;24.8241;10-Dec-2015

Bandhan Mutual Fund
118481;Bandhan Value Fund - Direct Plan - Growth;INF194K01Z85;;35.1249;35.1249;35.1249;10-Dec-2015
118480;Bandhan Value Fund - Direct Plan - IDCW;INF194K01Z93;INF194K010A2;17.4174;17.4174;17.4174;10-Dec-2015
108909;Bandhan Value Fund - Regular Plan - Growth;INF194K01342;;34.2861;34.2861;34.2861;10-Dec-2015
108908;Bandhan Value Fund - Regular Plan - IDCW;INF194K01359;INF194K01367;16.9414;16.9414;16.9414;10-Dec-2015

Franklin Templeton Mutual Fund
118494;Templeton India Value Fund - Direct - Growth;INF090I01GY2;;185.1082;183.2571;185.1082;10-Dec-2015
118493;Templeton India Value Fund - Direct - IDCW ;INF090I01GW6;INF090I01GX4;63.4376;62.8032;63.4376;10-Dec-2015
100496;Templeton India Value Fund - Growth Plan;INF090I01296;;181.7043;179.8873;181.7043;10-Dec-2015
100497;Templeton India Value Fund - IDCW ;INF090I01270;INF090I01288;62.1778;61.5560;62.1778;10-Dec-2015

Groww Mutual Fund
135341;Groww Value Fund (formerly known as Indiabulls Value Fund) - Direct Plan - Growth Option;INF666M01BE4;;9.9991;9.8991;9.9991;10-Dec-2015
135343;Groww Value Fund (formerly known as Indiabulls Value Fund) - Regular Plan - Growth Option;INF666M01BH7;;9.9417;9.8423;9.9417;10-Dec-2015
135342;Groww Value Fund (formerly known as Indiabulls Value Fund)- Direct Plan- - Income Distribution cum capital withdrawal Option (Payout & Reinvestment);INF666M01BF1;INF666M01BG9;9.9991;9.8991;9.9991;10-Dec-2015
135344;Groww Value Fund (formerly known as Indiabulls Value Fund)- Regular Plan - Income Distribution cum capital withdrawal Option (Payout & Reinvestment);INF666M01BI5;INF666M01BJ3;9.9417;9.8423;9.9417;10-Dec-2015

HDFC Mutual Fund
118935;HDFC Value Fund - Growth Option - Direct Plan;INF179K01VC4;;200.29;198.287;200.29;10-Dec-2015
101764;HDFC Value Fund - Growth Plan;INF179K01426;;197.214;195.242;197.214;10-Dec-2015
118934;HDFC Value Fund - IDCW Option - Direct Plan;INF179K01VA8;INF179K01VB6;27.73;27.453;27.73;10-Dec-2015
101765;HDFC Value Fund - IDCW Plan;INF179K01400;INF179K01418;27.216;26.944;27.216;10-Dec-2015

ICICI Prudential Mutual Fund
120323;ICICI Prudential Value Fund (erstwhile Value Discovery Fund) - Direct Plan - Growth;INF109K012K1;;113.91;112.77;113.91;10-Dec-2015
120322;ICICI Prudential Value Fund (erstwhile Value Discovery Fund) - Direct Plan - IDCW;INF109K011K3;INF109K010K5;42.48;42.06;42.48;10-Dec-2015
102594;ICICI Prudential Value Fund (erstwhile Value Discovery Fund) - Growth;INF109K01AF8;;111.14;110.03;111.14;10-Dec-2015
102595;ICICI Prudential Value Fund (erstwhile Value Discovery Fund) - IDCW;INF109K01EC7;INF109K01AD3;31.50;31.19;31.50;10-Dec-2015

JM Financial Mutual Fund
120486;JM Value Fund (Direct) - Growth Option;INF192K01BT3;;20.8482;20.8482;20.8482;10-Dec-2015
120485;JM Value Fund (Direct) - IDCW;INF192K01BR7;INF192K01BS5;14.4479;14.4479;14.4479;10-Dec-2015
100254;JM Value Fund (Regular) - Growth Option;INF137A01037;;20.3124;20.3124;20.3124;10-Dec-2015
106168;JM Value Fund (Regular) - IDCW;INF137A01011;INF137A01029;14.1838;14.1838;14.1838;10-Dec-2015

L&T Mutual Fund
119404;L&T India Value Fund-Direct Plan-Growth;INF917K01HD4;;24.916;24.667;24.916;10-Dec-2015
119403;L&T India Value Fund-Direct Plan-IDCW;INF917K01HC6;INF917K01HB8;21.521;21.306;21.521;10-Dec-2015
118102;L&T India Value Fund-Regular Plan-Growth;INF677K01023;;24.402;24.158;24.402;10-Dec-2015
118103;L&T India Value Fund-Regular Plan-IDCW;INF677K01213;INF677K01015;21.021;20.811;21.021;10-Dec-2015

Nippon India Mutual Fund
118782;NIPPON INDIA VALUE FUND - DIRECT Plan - IDCW Option;INF204K01K23;INF204K01K31;29.7882;29.4903;29.7882;10-Dec-2015
118784;Nippon India Value Fund - Direct Plan Growth Plan;INF204K01K49;;53.5454;53.0099;53.5454;10-Dec-2015
103086;NIPPON INDIA VALUE FUND - IDCW Option;INF204K01GC1;INF204K01GD9;25.0319;24.7816;25.0319;10-Dec-2015
103085;Nippon India Value Fund- Growth Plan;INF204K01GB3;;52.3974;51.8734;52.3974;10-Dec-2015

Quantum Mutual Fund
103490;Quantum Value Fund - Direct Plan Growth Option;INF082J01036;;37.63;36.12;37.63;10-Dec-2015
103491;Quantum Value Fund - Direct Plan IDCW;INF082J01044;INF082J01051;37.95;36.43;37.95;10-Dec-2015

Tata Mutual Fund
112218;Tata Equity P/E Fund - Regular Plan - Payout of IDCW-Option A(5%);INF277K01DI1;INF277K01436;42.9605;42.5309;42.9605;10-Dec-2015
101672;Tata Equity P/E Fund - Regular Plan -Growth Option;INF277K01451;;83.2853;82.4524;83.2853;10-Dec-2015
119231;Tata Equity P/E Fund -Direct Plan Growth Option;INF277K01ND1;;84.7173;83.8701;84.7173;10-Dec-2015
102428;Tata Equity P/E Fund Regular Plan - Payout of IDCW-Option B(10%);INF277K01DJ9;INF277K01444;42.8545;42.4260;42.8545;10-Dec-2015
119233;Tata Equity P/E Fund- Direct Plan - Payout of IDCW -Option B(10%);INF277K01NB5;INF277K01NC3;43.6772;43.2404;43.6772;10-Dec-2015
119232;Tata Equity P/E Fund- Direct Plan -Payout of IDCW-Option A(5%);INF277K01MZ6;INF277K01NA7;43.8582;43.4196;43.8582;10-Dec-2015

UTI Mutual Fund
120751;UTI Value Fund - Direct Plan - Growth Option;INF789F01VB2;;45.0979;45.0979;45.1;10-Dec-2015
120752;UTI Value Fund - Direct Plan - IDCW;INF789F01UZ3;INF789F01VA4;18.436;18.436;18.44;10-Dec-2015
103098;UTI Value Fund - Regular Plan - Growth Option;INF789F01AG5;;44.1112;44.1112;44.11;10-Dec-2015
103097;UTI Value Fund - Regular Plan - IDCW;INF789F01AE0;INF789F01AF7;16.6357;16.6357;16.64;10-Dec-2015

Open Ended Schemes ( Equity Scheme - Contra Fund )


Invesco Mutual Fund
120348;Invesco India Contra Fund - Direct Plan - Growth;INF205K01LE4;;30.82;30.51;30.82;10-Dec-2015
120349;Invesco India Contra Fund - Direct Plan - IDCW (Payout / Reinvestment);INF205K01LC8;INF205K01LD6;23.81;23.57;23.81;10-Dec-2015
105460;Invesco India Contra Fund - Growth;INF205K01189;;29.80;29.50;29.80;10-Dec-2015
105459;Invesco India Contra Fund - IDCW (Payout / Reinvestment);INF205K01205;INF205K01197;23.04;22.81;23.04;10-Dec-2015

Kotak Mahindra Mutual Fund
119769;Kotak Contra Fund - Direct Plan - Growth;INF174K01KZ9;;33.528;33.528;33.528;10-Dec-2015
119768;Kotak Contra Fund - Direct Plan - IDCW -Payout & Re-investment of Income Distribution cum capital withdrawal option- Direct;INF174K01LA0;INF174K01LB8;18.233;18.233;18.233;10-Dec-2015
103040;Kotak Contra Fund - Regular Plan - Growth;INF174K01245;;32.569;32.569;32.569;10-Dec-2015
103039;Kotak Contra Fund - Regular Plan - IDCW - Payout & Re-investment of Income Distribution cum capital withdrawal option;INF174K01260;INF174K01252;17.558;17.558;17.558;10-Dec-2015

SBI Mutual Fund
119835;SBI CONTRA FUND - DIRECT PLAN - GROWTH;INF200K01RA0;;84.9346;84.0853;84.9346;10-Dec-2015
119724;SBI Contra Fund - Direct Plan - Income Distribution cum Capital Withdrawal Option (IDCW);INF200K01QY2;INF200K01QZ9;24.8345;24.5862;24.8345;10-Dec-2015
100915;SBI Contra Fund - Regular Plan - Income Distribution cum Capital Withdrawal Option (IDCW);INF200K01347;INF200K01354;20.1853;19.9834;20.1853;10-Dec-2015
102414;SBI CONTRA FUND - REGULAR PLAN -GROWTH;INF200K01362;;83.4483;82.6138;83.4483;10-Dec-2015

Open Ended Schemes ( Equity Scheme - Focused Fund )


360 ONE Mutual Fund
131581;360 ONE Focused Fund - Direct Plan - Dividend;INF579M01910;INF579M01928;10.5696;10.5696;10.5696;10-Dec-2015
131579;360 ONE Focused Fund - Regular Plan - Dividend;INF579M01886;INF579M01894;10.4236;10.4236;10.4236;10-Dec-2015
131578;360 ONE Focused Fund -Regular Plan - Growth;INF579M01878;;10.4236;10.4236;10.4236;10-Dec-2015
131580;360 ONE Focused Fund-Direct Plan-Growth;INF579M01902;;10.5696;10.5696;10.5696;10-Dec-2015

Aditya Birla Sun Life Mutual Fund
119564;Aditya Birla Sun Life Focused Fund - Growth - Direct Plan;INF209K01WE3;;41.9627;41.3333;41.9627;10-Dec-2015
119563;Aditya Birla Sun Life Focused Fund -Direct - IDCW;INF209K01Q71;INF209K01WF0;23.9049;23.5463;23.9049;10-Dec-2015
103309;Aditya Birla Sun Life Focused Fund -Growth Option;INF209K01462;;41.0000;40.3850;41.0000;10-Dec-2015
103308;Aditya Birla Sun Life Focused Fund -Regular - IDCW;INF209K01454;INF209K01CS5;15.4238;15.1924;15.4238;10-Dec-2015

Axis Mutual Fund
120468;Axis Focused Fund - Direct Plan - Growth Option;INF846K01CQ8;;17.49;17.32;17.49;10-Dec-2015
120467;Axis Focused Fund - Direct Plan - IDCW;INF846K01CO3;INF846K01CP0;17.31;17.14;17.31;10-Dec-2015
117560;Axis Focused Fund - Regular Plan - Growth Option;INF846K01CH7;;16.88;16.71;16.88;10-Dec-2015
117559;Axis Focused Fund - Regular Plan - IDCW;INF846K01CI5;INF846K01CJ3;15.24;15.09;15.24;10-Dec-2015

Bandhan Mutual Fund
118421;Bandhan Focused Fund - Direct Plan - Growth;INF194K01W21;;25.5918;25.5918;25.5918;10-Dec-2015
118422;Bandhan Focused Fund - Direct Plan - IDCW;INF194K01W39;INF194K01W47;14.1301;14.1301;14.1301;10-Dec-2015
108592;Bandhan Focused Fund - Regular Plan - Growth;INF194K01466;;24.9373;24.9373;24.9373;10-Dec-2015
108593;Bandhan Focused Fund - Regular Plan - IDCW;INF194K01474;INF194K01482;12.0806;12.0806;12.0806;10-Dec-2015

DSP Mutual Fund
119096;DSP Focused Fund - Direct Plan - Growth;INF740K01OB0;;16.969;16.799;16.969;10-Dec-2015
119095;DSP Focused Fund - Direct Plan - IDCW;INF740K01OC8;INF740K01OD6;16.969;16.799;16.969;10-Dec-2015
112901;DSP Focused Fund - Regular Plan - Growth;INF740K01532;;16.672;16.505;16.672;10-Dec-2015
113032;DSP Focused Fund - Regular Plan - IDCW;INF740K01540;INF740K01AC7;14.964;14.814;14.964;10-Dec-2015

Franklin Templeton Mutual Fund
118564;Franklin India Focused Equity Fund - Direct - Growth;INF090I01IW2;;29.3588;29.0652;29.3588;10-Dec-2015
118563;Franklin India Focused Equity Fund - Direct - IDCW ;INF090I01IU6;INF090I01IV4;22.4324;22.2081;22.4324;10-Dec-2015
105817;Franklin India Focused Equity Fund - Growth Plan;INF090I01981;;28.5268;28.2415;28.5268;10-Dec-2015
105816;Franklin India Focused Equity Fund - IDCW ;INF090I01965;INF090I01973;21.7312;21.5139;21.7312;10-Dec-2015

HDFC Mutual Fund
118950;HDFC Focused Fund - Growth Option - Direct Plan;INF179K01VK7;;61.169;60.557;61.169;10-Dec-2015
102760;HDFC Focused Fund - GROWTH PLAN;INF179K01574;;60.152;59.55;60.152;10-Dec-2015
118949;HDFC Focused Fund - IDCW Option - Direct Plan;INF179K01VI1;INF179K01VJ9;20.804;20.596;20.804;10-Dec-2015
102761;HDFC Focused Fund - IDCW PLAN;INF179K01558;INF179K01566;20.349;20.146;20.349;10-Dec-2015

ICICI Prudential Mutual Fund
120722;ICICI Prudential Focused Equity Fund - Direct Plan - Growth;INF109K018N2;;21.84;21.62;21.84;10-Dec-2015
120723;ICICI Prudential Focused Equity Fund - Direct Plan - IDCW;INF109K016N6;INF109K017N4;21.85;21.63;21.85;10-Dec-2015
111957;ICICI Prudential Focused Equity Fund - Growth;INF109K01BZ4;;21.34;21.13;21.34;10-Dec-2015
111958;ICICI Prudential Focused Equity Fund - IDCW;INF109K01FM3;INF109K01CA5;16.44;16.28;16.44;10-Dec-2015

JM Financial Mutual Fund
120488;JM Focused Fund (Direct)  - Growth Option;INF192K01BW7;;5.6471;5.6471;5.6471;10-Dec-2015
120487;JM Focused Fund (Direct) -  IDCW;INF192K01BU1;INF192K01BV9;5.6047;5.6047;5.6047;10-Dec-2015
107410;JM Focused Fund (Regular) - Growth Option;INF192K01577;;5.4831;5.4831;5.4831;10-Dec-2015
107409;JM Focused Fund (Regular) - IDCW;INF192K01551;INF192K01569;5.4829;5.4829;5.4829;10-Dec-2015

Motilal Oswal Mutual Fund
122389;Motilal Oswal Focused 25 Fund (MOF25)- Direct Plan Growth Option;INF247L01189;;15.7613;15.7613;15.7613;10-Dec-2015
122387;Motilal Oswal Focused 25 Fund (MOF25)- Regular Plan Growth Option;INF247L01155;;15.1842;15.1842;15.1842;10-Dec-2015
122390;Motilal Oswal Focused 25 Fund Direct - IDCW Payout/Reinvestment;INF247L01205;INF247L01197;14.6042;14.6042;14.6042;10-Dec-2015
122388;Motilal Oswal Focused 25 Fund Regular - IDCW Payout/Reinvestment;INF247L01171;INF247L01163;14.0626;14.0626;14.0626;10-Dec-2015

Nippon India Mutual Fund
118693;NIPPON INDIA FOCUSED  FUND - DIRECT Plan - IDCW Option;INF204K01F79;INF204K01F87;22.9146;22.9146;22.9146;10-Dec-2015
104638;NIPPON INDIA FOCUSED  FUND - IDCW OPTION;INF204K01GF4;INF204K01GG2;20.3786;20.3786;20.3786;10-Dec-2015
118692;Nippon India Focused Fund - Direct Plan Growth Plan - Growth Option;INF204K01F95;;33.9053;33.9053;33.9053;10-Dec-2015
104637;Nippon India Focused Fund -Growth Plan -Growth Option;INF204K01GE7;;33.2120;33.2120;33.2120;10-Dec-2015

Principal Mutual Fund
119464;Principal Focused Multicap Fund- Direct Plan - Growth Option;INF173K01EK6;;45.16;44.71;45.16;10-Dec-2015
119465;Principal Focused Multicap Fund- Direct Plan - Half Yearly Income Distribution CUM Capital Withdrawal Option;INF173K01EM2;INF173K01EL4;27.28;27.01;27.28;10-Dec-2015
103335;Principal Focused Multicap Fund-Growth Option;INF173K01189;;44.35;43.91;44.35;10-Dec-2015
103334;Principal Focused Multicap Fund-Half Yearly Income Distribution CUM Capital Withdrawal Option;INF173K01197;INF173K01205;26.86;26.59;26.86;10-Dec-2015

quant Mutual Fund
109275;quant Focused Fund - Growth Option - Regular Plan;INF966L01374;;22.7199;22.4927;22.7199;10-Dec-2015
120834;quant Focused Fund - Growth Option-Direct Plan;INF966L01853;;22.4774;22.2526;22.4774;10-Dec-2015
120835;quant Focused Fund - IDCW Option - Direct Plan;INF966L01838;INF966L01846;18.7127;18.5256;18.7127;10-Dec-2015
109274;quant Focused Fund - IDCW Option - Regular Plan;INF966L01358;INF966L01366;22.5181;22.2929;22.5181;10-Dec-2015

SBI Mutual Fund
119834;SBI Focused Fund - Direct Plan - Income Distribution cum Capital Withdrawal Option (IDCW);INF200K01RH5;INF200K01RI3;29.8015;29.5035;29.8015;10-Dec-2015
119727;SBI FOCUSED FUND - DIRECT PLAN -GROWTH;INF200K01RJ1;;91.8566;90.938;91.8566;10-Dec-2015
102765;SBI Focused Fund - Regular Plan - Income Distribution cum Capital Withdrawal Option (IDCW);INF200K01388;INF200K01396;22.0677;21.847;22.0677;10-Dec-2015
102756;SBI FOCUSED FUND - REGULAR PLAN -GROWTH;INF200K01370;;89.6501;88.7536;89.6501;10-Dec-2015

Sundaram Mutual Fund
119578;Sundaram Select Focus Direct Plan - Growth;INF903J01MV8;;119.6799;119.6799;119.6799;10-Dec-2015
119577;Sundaram Select Focus Direct Plan - Income Distribution cum Capital Withdrawal (IDCW);INF903J01MT2;INF903J01MU0;12.9329;12.9329;12.9329;10-Dec-2015
108305;Sundaram Select Focus Institutional Plan - Growth;INF903J01140;;122.3306;122.3306;122.3306;10-Dec-2015
103953;Sundaram Select Focus Institutional Plan - Income Distribution cum Capital Withdrawal (IDCW);INF903J01157;INF903J01165;13.0795;13.0795;13.0795;10-Dec-2015
101537;Sundaram Select Focus Regular Plan - Growth;INF903J01116;;118.0308;118.0308;118.0308;10-Dec-2015
101536;Sundaram Select Focus Regular Plan - Income Distribution cum Capital Withdrawal (IDCW);INF903J01124;INF903J01132;12.7698;12.7698;12.7698;10-Dec-2015

Open Ended Schemes ( Equity Scheme - Sectoral/ Thematic )


Aditya Birla Sun Life Mutual Fund
125598;Aditya Birla Sun Life Banking and Financial Services Fund - DIRECT - IDCW;INF209K013W3;INF209K015W8;13.62;13.35;13.62;10-Dec-2015
125597;Aditya Birla Sun Life Banking and Financial Services Fund - Direct Plan - Growth;INF209K014W1;;16.08;15.76;16.08;10-Dec-2015
125596;Aditya Birla Sun Life Banking and Financial Services Fund - REGULAR - IDCW;INF209K010W9;INF209K012W5;13.37;13.10;13.37;10-Dec-2015
125595;Aditya Birla Sun Life Banking and Financial Services Fund - Regular Plan - Growth;INF209K011W7;;15.79;15.47;15.79;10-Dec-2015
119576;Aditya Birla Sun Life Commodity Equities Fund - Global Agri Plan - Growth - Direct Plan;INF209K01VL0;;20.3933;19.7815;20.3933;10-Dec-2015
111349;Aditya Birla Sun Life Commodity Equities Fund - Global Agri Plan - Growth - Regular Plan;INF209K01207;;20.1461;19.5417;20.1461;10-Dec-2015
119575;Aditya Birla Sun Life Commodity Equities Fund - Global Agri Plan -Direct - IDCW;INF209K01P64;INF209K01VM8;15.7369;15.2648;15.7369;10-Dec-2015
111348;Aditya Birla Sun Life Commodity Equities Fund - Global Agri Plan -Regular - IDCW;INF209K01199;INF209K01CG0;15.5140;15.0486;15.5140;10-Dec-2015
120539;Aditya Birla Sun Life Digital India Fund - Growth - Direct Plan;INF209K01VF2;;36.39;36.03;36.39;10-Dec-2015
103168;Aditya Birla Sun Life Digital India Fund - Growth - Regular Plan;INF209K01140;;35.63;35.27;35.63;10-Dec-2015
120538;Aditya Birla Sun Life Digital India Fund -DIRECT - IDCW;INF209K01P49;INF209K01VE5;18.65;18.46;18.65;10-Dec-2015
103167;Aditya Birla Sun Life Digital India Fund -Regular - IDCW;INF209K01132;INF209K01CD7;18.17;17.99;18.17;10-Dec-2015
119591;Aditya Birla Sun Life India Gennext Fund - Growth - Direct Plan;INF209K01WC7;;52.99;52.46;52.99;10-Dec-2015
119590;Aditya Birla Sun Life India Gennext Fund -DIRECT - IDCW;INF209K01Q63;;22.56;22.33;22.56;10-Dec-2015
103110;Aditya Birla Sun Life India Gennext Fund -Regular - IDCW;INF209K01439;INF209K01CR7;20.30;20.10;20.30;10-Dec-2015
103111;Aditya Birla Sun Life India Gennext Fund-Growth Option;INF209K01447;;51.69;51.17;51.69;10-Dec-2015
119515;Aditya Birla Sun Life Infrastructure Fund -  Direct - IDCW;INF209K01WG8;;17.29;17.12;17.29;10-Dec-2015
103475;Aditya Birla Sun Life Infrastructure Fund -  Regular - IDCW;INF209K01470;INF209K01CT3;13.49;13.36;13.49;10-Dec-2015
119514;Aditya Birla Sun Life Infrastructure Fund - Growth - Direct Plan;INF209K01WH6;;25.19;24.94;25.19;10-Dec-2015
103476;Aditya Birla Sun Life Infrastructure Fund-Growth;INF209K01504;;24.65;24.40;24.65;10-Dec-2015
119516;Aditya Birla Sun Life International Equity Fund - Direct - IDCW;INF209K01Q89;INF209K01WT1;16.6682;16.5015;16.6682;10-Dec-2015
119517;Aditya Birla Sun Life International Equity Fund - Growth - Direct Plan;INF209K01WS3;;16.6562;16.4896;16.6562;10-Dec-2015
106873;Aditya Birla Sun Life International Equity Fund - Growth - Regular Plan;INF209K01520;;16.3915;16.2276;16.3915;10-Dec-2015
106872;Aditya Birla Sun Life International Equity Fund - Regular - IDCW;INF209K01512;INF209K01CV9;15.0813;14.9305;15.0813;10-Dec-2015
119519;Aditya Birla Sun Life International Equity Fund - Plan B - Direct - IDCW;INF209K01Q97;INF209K01WV7;13.7126;13.5755;13.7126;10-Dec-2015
119518;Aditya Birla Sun Life International Equity Fund - Plan B - Growth - Direct Plan;INF209K01WU9;;13.7198;13.5826;13.7198;10-Dec-2015
106876;Aditya Birla Sun Life International Equity Fund - Plan B - Growth - Regular Plan;INF209K01546;;13.5041;13.3691;13.5041;10-Dec-2015
106875;Aditya Birla Sun Life International Equity Fund - Plan B - Regular - IDCW;INF209K01538;INF209K01CW7;13.5038;13.3688;13.5038;10-Dec-2015
133514;Aditya Birla Sun Life Manufacturing Equity Fund - Direct - IDCW;INF209KA1YL8;INF209KA1YM6;9.62;9.62;9.62;10-Dec-2015
133516;Aditya Birla Sun Life Manufacturing Equity Fund - Direct Plan - Growth;INF209KA1YK0;;9.62;9.62;9.62;10-Dec-2015
133515;Aditya Birla Sun Life Manufacturing Equity Fund - Regular - IDCW;INF209KA1YI4;INF209KA1YJ2;9.55;9.55;9.55;10-Dec-2015
133513;Aditya Birla Sun Life Manufacturing Equity Fund - Regular Plan - Growth;INF209KA1YH6;;9.55;9.55;9.55;10-Dec-2015
119647;Aditya Birla Sun Life MNC Fund - DIRECT - IDCW;INF209K01Q06;INF209K01VU1;198.38;196.40;198.38;10-Dec-2015
119646;Aditya Birla Sun Life MNC Fund - Growth - Direct Plan;INF209K01VT3;;585.22;579.37;585.22;10-Dec-2015
100064;Aditya Birla Sun Life MNC Fund - Growth - Regular Plan;INF209K01322;;572.37;566.65;572.37;10-Dec-2015
100063;Aditya Birla Sun Life MNC Fund - Regular - IDCW;INF209K01314;INF209K01CL0;142.88;141.45;142.88;10-Dec-2015

Bandhan Mutual Fund
114476;BANDHAN Infrastructure Fund - Regular Plan - Growth;INF194K01BY9;;10.8069;10.8069;10.8069;10-Dec-2015
114477;BANDHAN Infrastructure Fund - Regular Plan - IDCW;INF194K01BZ6;INF194K01CA7;10.8116;10.8116;10.8116;10-Dec-2015
118469;BANDHAN Infrastructure Fund-Direct Plan-Growth;INF194K01X46;;11.1434;11.1434;11.1434;10-Dec-2015
118468;BANDHAN Infrastructure Fund-Direct Plan-IDCW;INF194K01X53;INF194K01X61;11.1418;11.1418;11.1418;10-Dec-2015

Bank of India Mutual Fund
119364;BANK OF INDIA Manufacturing & Infrastructure Fund-Direct Plan-Growth;INF761K01702;;11.88;11.76;11.88;10-Dec-2015
119365;BANK OF INDIA Manufacturing & Infrastructure Fund-Direct Plan-Quarterly IDCW;INF761K01728;INF761K01710;11.82;11.70;11.82;10-Dec-2015
119363;BANK OF INDIA Manufacturing & Infrastructure Fund-Direct Plan-Regular IDCW;INF761K01694;INF761K01686;11.82;11.70;11.82;10-Dec-2015
112359;BANK OF INDIA Manufacturing & Infrastructure Fund-Growth;INF761K01199;;11.54;11.42;11.54;10-Dec-2015
112360;BANK OF INDIA Manufacturing & Infrastructure Fund-Quarterly IDCW;INF761K01231;INF761K01223;11.24;11.13;11.24;10-Dec-2015
112361;BANK OF INDIA Manufacturing & Infrastructure Fund-Regular IDCW;INF761K01215;INF761K01207;11.54;11.42;11.54;10-Dec-2015

Baroda BNP Paribas Mutual Fund
119333;Baroda BNP Paribas Banking and Financial Services Fund - Direct - Growth Option;INF955L01971;;14.63;14.48;14.63;10-Dec-2015
119334;Baroda BNP Paribas Banking and Financial Services Fund - Direct - IDCW Option;INF955L01955;;13.61;13.47;13.61;10-Dec-2015
125114;Baroda BNP Paribas Banking And Financial Services Fund - Plan A - Bonus Option;INF955L01DD1;;14.25;14.11;14.25;10-Dec-2015
117549;Baroda BNP Paribas Banking and Financial Services Fund - Regular - Growth Option;INF955L01856;;14.25;14.11;14.25;10-Dec-2015
117547;Baroda BNP Paribas Banking and Financial Services Fund - Regular - IDCW Option;INF955L01831;;13.26;13.13;13.26;10-Dec-2015

Canara Robeco Mutual Fund
118273;CANARA ROBECO CONSUMER TRENDS FUND - DIRECT PLAN - GROWTH OPTION;INF760K01DU1;;24.9500;24.9500;24.9500;10-Dec-2015
118274;CANARA ROBECO CONSUMER TRENDS FUND - DIRECT PLAN - IDCW (Payout/Reinvestment);INF760K01DS5;INF760K01DT3;23.2000;23.2000;23.2000;10-Dec-2015
112150;Canara Robeco Consumer Trends Fund - Institutional Plan - Growth Option;INF760K01217;;24.4300;24.4300;24.4300;10-Dec-2015
112152;CANARA ROBECO CONSUMER TRENDS FUND - REGULAR PLAN - GROWTH OPTION;INF760K01241;;24.4000;24.4000;24.4000;10-Dec-2015
112153;CANARA ROBECO CONSUMER TRENDS FUND - REGULAR PLAN - IDCW (Payout/Reinvestment);INF760K01225;INF760K01233;19.0100;19.0100;19.0100;10-Dec-2015
118267;CANARA ROBECO INFRASTRUCTURE FUND - DIRECT PLAN - GROWTH OPTION;INF760K01FO9;;37.3200;37.3200;37.3200;10-Dec-2015
118268;CANARA ROBECO INFRASTRUCTURE FUND - DIRECT PLAN - IDCW (Payout/Reinvestment);INF760K01FM3;INF760K01FN1;26.8700;26.8700;26.8700;10-Dec-2015
103390;CANARA ROBECO INFRASTRUCTURE FUND - REGULAR PLAN - GROWTH OPTION;INF760K01274;;36.6900;36.6900;36.6900;10-Dec-2015
103389;CANARA ROBECO INFRASTRUCTURE FUND - REGULAR PLAN - IDCW (Payout/Reinvestment);INF760K01258;INF760K01266;24.2900;24.2900;24.2900;10-Dec-2015

DSP Mutual Fund
119247;DSP India T.I.G.E.R. Fund - Direct Plan - Growth;INF740K01PU7;;67.436;66.762;67.436;10-Dec-2015
119248;DSP India T.I.G.E.R. Fund - Direct Plan - IDCW;INF740K01PV5;INF740K01PW3;24.266;24.023;24.266;10-Dec-2015
102434;DSP India T.I.G.E.R. Fund - Regular Plan - Growth;INF740K01151;;66.459;65.794;66.459;10-Dec-2015
102435;DSP India T.I.G.E.R. Fund - Regular Plan - IDCW;INF740K01136;INF740K01144;17.754;17.576;17.754;10-Dec-2015
119028;DSP Natural Resources and New Energy Fund - Direct Plan - Growth;INF740K01QA7;;17.345;17.172;17.345;10-Dec-2015
119029;DSP Natural Resources and New Energy Fund - Direct Plan - IDCW;INF740K01QB5;INF740K01QC3;12.698;12.571;12.698;10-Dec-2015
108202;DSP Natural Resources And New Energy Fund - Regular - Growth;INF740K01060;;17.096;16.925;17.096;10-Dec-2015
108203;DSP Natural Resources And New Energy Fund - Regular Plan - IDCW;INF740K01045;INF740K01052;12.525;12.400;12.525;10-Dec-2015

Franklin Templeton Mutual Fund
118559;Franklin Asian Equity Fund - Direct - Growth;INF090I01IZ5;;15.6464;15.4899;15.6464;10-Dec-2015
118558;Franklin Asian Equity Fund - Direct - IDCW ;INF090I01IX0;INF090I01IY8;11.8892;11.7703;11.8892;10-Dec-2015
106979;Franklin Asian Equity Fund - Growth Plan;INF090I01AB3;;15.3788;15.2250;15.3788;10-Dec-2015
106978;Franklin Asian Equity Fund - IDCW ;INF090I01999;INF090I01AA5;11.6675;11.5508;11.6675;10-Dec-2015
118557;Franklin Build India Fund - Direct - Growth;INF090I01JF5;;28.7941;28.5062;28.7941;10-Dec-2015
118556;Franklin Build India Fund - Direct - IDCW ;INF090I01JD0;INF090I01JE8;21.6174;21.4012;21.6174;10-Dec-2015
112093;Franklin Build India Fund - IDCW ;INF090I01AC1;INF090I01AD9;20.9352;20.7258;20.9352;10-Dec-2015
112092;Franklin Build India Fund Growth Plan;INF090I01AE7;;27.9405;27.6611;27.9405;10-Dec-2015
118539;Franklin India Opportunities Fund - Direct - Growth;INF090I01GC8;;54.6921;54.1452;54.6921;10-Dec-2015
118538;Franklin INDIA OPPORTUNITIES FUND - Direct - IDCW ;INF090I01GD6;INF090I01GE4;18.1817;17.9999;18.1817;10-Dec-2015
103151;Franklin India Opportunities Fund - Growth;INF090I01841;;53.9053;53.3662;53.9053;10-Dec-2015
100524;Franklin INDIA OPPORTUNITIES FUND - IDCW ;INF090I01858;INF090I01866;17.8904;17.7115;17.8904;10-Dec-2015
118537;Franklin India Technology Fund - Direct - Growth;INF090I01FE6;;113.3574;112.2238;113.3574;10-Dec-2015
118536;Franklin India Technology Fund - Direct - IDCW ;INF090I01FF3;INF090I01FG1;23.5707;23.3350;23.5707;10-Dec-2015
100521;Franklin India Technology Fund - IDCW ;INF090I01759;INF090I01767;23.1845;22.9527;23.1845;10-Dec-2015
100522;Franklin India Technology Fund-Growth;INF090I01742;;111.6422;110.5258;111.6422;10-Dec-2015

HDFC Mutual Fund
118979;HDFC Infrastructure Fund - Growth Option - Direct Plan;INF179K01WQ2;;15.912;15.753;15.912;10-Dec-2015
107524;HDFC Infrastructure Fund - Growth Plan;INF179K01GF8;;15.532;15.377;15.532;10-Dec-2015
118978;HDFC Infrastructure Fund - IDCW Option - Direct Plan;INF179K01WP4;INF179K01WR0;15.912;15.753;15.912;10-Dec-2015
107525;HDFC Infrastructure Fund - IDCW Plan;INF179K01GE1;INF179K01GG6;14.205;14.063;14.205;10-Dec-2015

ICICI Prudential Mutual Fund
109445;ICICI Prudential Banking and Financial Services Fund -  Growth;INF109K01BU5;;34.29;33.95;34.29;10-Dec-2015
109446;ICICI Prudential Banking and Financial Services Fund -  IDCW;INF109K01DY3;INF109K01BV3;26.10;25.84;26.10;10-Dec-2015
120244;ICICI Prudential Banking and Financial Services Fund - Direct Plan -  Growth;INF109K013J1;;35.16;34.81;35.16;10-Dec-2015
120245;ICICI Prudential Banking and Financial Services Fund - Direct Plan -  IDCW;INF109K011J5;INF109K012J3;33.58;33.24;33.58;10-Dec-2015
120688;ICICI Prudential Exports & Services Fund - Direct Plan - Growth;INF109K01W25;;47.11;45.93;47.11;10-Dec-2015
120687;ICICI Prudential Exports & Services Fund - Direct Plan - IDCW;INF109K01W09;INF109K01W17;35.45;34.56;35.45;10-Dec-2015
103312;ICICI Prudential Exports & Services Fund - Growth;INF109K01BB5;;46.28;45.12;46.28;10-Dec-2015
103313;ICICI Prudential Exports & Services Fund - IDCW;INF109K01FL5;INF109K01BA7;26.93;26.26;26.93;10-Dec-2015
120587;ICICI Prudential FMCG Fund - Direct Plan -  Growth;INF109K01Z14;;158.49;156.91;158.49;10-Dec-2015
120588;ICICI Prudential FMCG Fund - Direct Plan -  IDCW;INF109K01Y98;INF109K01Z06;78.93;78.14;78.93;10-Dec-2015
100352;ICICI Prudential FMCG Fund - Growth;INF109K01415;;155.60;154.04;155.60;10-Dec-2015
100351;ICICI Prudential FMCG Fund - IDCW;INF109K01EO2;INF109K01423;65.98;65.32;65.98;10-Dec-2015
120621;ICICI Prudential Infrastructure Fund - Direct Plan -  Growth;INF109K018M4;;38.97;38.58;38.97;10-Dec-2015
120622;ICICI Prudential Infrastructure Fund - Direct Plan -  IDCW;INF109K016M8;INF109K017M6;13.63;13.49;13.63;10-Dec-2015
103149;ICICI Prudential Infrastructure Fund - Growth;INF109K01AV5;;38.26;37.88;38.26;10-Dec-2015
103150;ICICI Prudential Infrastructure Fund - IDCW;INF109K01FB6;INF109K01AT9;12.83;12.70;12.83;10-Dec-2015
120594;ICICI Prudential Technology Fund - Direct Plan -  Growth;INF109K01Z48;;41.53;41.11;41.53;10-Dec-2015
120595;ICICI Prudential Technology Fund - Direct Plan -  IDCW;INF109K01Z22;INF109K01Z30;41.52;41.10;41.52;10-Dec-2015
100363;ICICI Prudential Technology Fund - Growth;INF109K01506;;40.64;40.23;40.64;10-Dec-2015
115294;ICICI Prudential Technology Fund - IDCW;INF109K01FO9;INF109K01514;31.61;31.29;31.61;10-Dec-2015
120186;ICICI Prudential US Bluechip Equity Fund - Direct Plan -  Growth;INF109K01Z71;;18.39;17.84;18.39;10-Dec-2015
120185;ICICI Prudential US Bluechip Equity Fund - Direct Plan -  IDCW;INF109K01Z55;INF109K01Z63;18.39;17.84;18.39;10-Dec-2015
117620;ICICI Prudential US Bluechip Equity Fund - Growth;INF109K01E35;;17.96;17.42;17.96;10-Dec-2015
117619;ICICI Prudential US Bluechip Equity Fund - IDCW;INF109K01E43;INF109K01E50;17.96;17.42;17.96;10-Dec-2015

Invesco Mutual Fund
120385;Invesco India Financial Services Fund - Direct Plan - Growth;INF205K01KY4;;33.03;32.70;33.03;10-Dec-2015
120384;Invesco India Financial Services Fund - Direct Plan - IDCW (Payout / Reinvestment);INF205K01KW8;INF205K01KX6;18.90;18.71;18.90;10-Dec-2015
108377;Invesco India Financial Services Fund - Regular Plan -  IDCW (Payout / Reinvestment);INF205K01171;INF205K01163;18.08;17.90;18.08;10-Dec-2015
108378;Invesco India Financial Services Fund - Retail Growth;INF205K01155;;31.78;31.46;31.78;10-Dec-2015
120405;Invesco India Infrastructure Fund - Direct Plan - Growth Option;INF205K01MD4;;13.11;12.98;13.11;10-Dec-2015
120404;Invesco India Infrastructure Fund - Direct Plan - IDCW (Payout / Reinvestment);INF205K01MB8;INF205K01MC6;13.10;12.97;13.10;10-Dec-2015
106654;Invesco India Infrastructure Fund - Growth Option;INF205K01CD5;;12.62;12.49;12.62;10-Dec-2015
106653;Invesco India Infrastructure Fund - IDCW (Payout / Reinvestment);INF205K01CE3;INF205K01CF0;12.62;12.49;12.62;10-Dec-2015
120395;Invesco India PSU Equity Fund - Direct Plan - Growth;INF205K01NG5;;13.73;13.59;13.73;10-Dec-2015
120394;Invesco India PSU Equity Fund - Direct Plan - IDCW (Payout / Reinvestment);INF205K01NE0;INF205K01NF7;12.37;12.25;12.37;10-Dec-2015
112171;Invesco India PSU Equity Fund - Growth;INF205K01338;;13.27;13.14;13.27;10-Dec-2015
112173;Invesco India PSU Equity Fund - IDCW (Payout / Reinvestment);INF205K01353;INF205K01346;11.97;11.85;11.97;10-Dec-2015

Kotak Mahindra Mutual Fund
133796;Kotak Infrastructure & Economic Reform Fund - Standard Plan-Growth;INF178L01095;;14.473;14.328;14.473;10-Dec-2015
133799;Kotak Infrastructure & Economic Reform Fund - Standard Plan-Payout of Income Distribution cum capital withdrawal option;INF178L01079;INF178L01087;13.997;13.857;13.997;10-Dec-2015
133801;Kotak Infrastructure & Economic Reform Fund- Direct Plan- Growth Option;INF178L01AL9;;14.888;14.739;14.888;10-Dec-2015
133800;Kotak Infrastructure & Economic Reform Fund- Direct Plan- Payout of Income Distribution cum capital withdrawal option;INF178L01AK1;INF178L01AJ3;14.882;14.733;14.882;10-Dec-2015

L&T Mutual Fund
130825;L&T Business Cycles Fund - Direct Plan - Growth;INF917K01RI2;;11.597;11.481;11.597;10-Dec-2015
130828;L&T Business Cycles Fund - Direct Plan - IDCW;INF917K01RK8;INF917K01RJ0;11.597;11.481;11.597;10-Dec-2015
130827;L&T Business Cycles Fund - Regular Plan - Growth;INF917K01RF8;;11.494;11.379;11.494;10-Dec-2015
130826;L&T Business Cycles Fund - Regular Plan - IDCW;INF917K01RH4;INF917K01RG6;11.494;11.379;11.494;10-Dec-2015
112600;L&T Infrastructure Fund - Regular Plan - Growth;INF917K01536;;10.49;10.39;10.49;10-Dec-2015
112601;L&T Infrastructure Fund - Regular Plan - IDCW;INF917K01544;INF917K01551;10.49;10.39;10.49;10-Dec-2015
119413;L&T Infrastructure Fund -Direct Plan-Growth;INF917K01FW8;;10.69;10.58;10.69;10-Dec-2015
119412;L&T Infrastructure Fund-Direct Plan-IDCW;INF917K01E52;INF917K01FU2;10.69;10.58;10.69;10-Dec-2015

LIC Mutual Fund
134017;LIC MF Banking and Financial Services Fund-Direct Plan-Growth;INF767K01NK6;;8.5043;8.3342;8.5043;10-Dec-2015
133908;LIC MF Banking and Financial Services Fund-Direct Plan-IDCW;INF767K01NJ8;INF767K01NL4;8.5012;8.3312;8.5012;10-Dec-2015
134016;LIC MF Banking and Financial Services Fund-Regular Plan-Growth;INF767K01NH2;;8.4833;8.3136;8.4833;10-Dec-2015
134015;LIC MF Banking and Financial Services Fund-Regular Plan-IDCW;INF767K01NG4;INF767K01NI0;8.4833;8.3136;8.4833;10-Dec-2015
120351;LIC MF Infrastructure Fund-Direct Plan-Growth;INF767K01GW5;;11.2569;11.1443;11.2569;10-Dec-2015
120350;LIC MF Infrastructure Fund-Direct Plan-IDCW;INF767K01GV7;INF767K01GX3;11.2249;11.1127;11.2249;10-Dec-2015
107763;LIC MF Infrastructure Fund-Regular Plan-Growth;INF767K01501;;11.0159;10.9057;11.0159;10-Dec-2015
107764;LIC MF Infrastructure Fund-Regular Plan-IDCW;INF767K01485;INF767K01493;11.0158;10.9056;11.0158;10-Dec-2015

Mirae Asset Mutual Fund
118837;Mirae Asset Great Consumer Fund - Direct Plan - Growth;INF769K01BL5;;22.581;22.129;22.581;10-Dec-2015
114931;Mirae Asset Great Consumer Fund - Regular Plan - Growth option;INF769K01135;;21.806;21.370;21.806;10-Dec-2015
118838;Mirae Asset Great Consumer Fund Direct IDCW;INF769K01BM3;INF769K01BN1;22.523;22.073;22.523;10-Dec-2015
114930;Mirae Asset Great Consumer Fund Regular IDCW;INF769K01150;INF769K01143;15.925;15.607;15.925;10-Dec-2015

Nippon India Mutual Fund
118588;Nippon India Banking & Financial Services Fund - Direct Plan Growth Plan - Bonus Option;INF204K01D22;;165.9456;164.2861;165.9456;10-Dec-2015
118589;Nippon India Banking & Financial Services Fund - Direct Plan Growth Plan - Growth Option;INF204K01XO1;;165.9456;164.2861;165.9456;10-Dec-2015
101864;Nippon India Banking & Financial Services Fund - IDCW Option;INF204K01893;INF204K01901;44.6887;44.2418;44.6887;10-Dec-2015
118591;Nippon India Banking & Financial Services Fund- DIRECT Plan - IDCW Option;INF204K01XM5;INF204K01XN3;51.6095;51.0934;51.6095;10-Dec-2015
101863;Nippon India Banking & Financial Services Fund-Growth Plan-Bonus Option;INF204K01919;;163.5370;161.9016;163.5370;10-Dec-2015
101862;Nippon India Banking & Financial Services Fund-Growth Plan-Growth Option;INF204K01927;;163.5370;161.9016;163.5370;10-Dec-2015
118725;NIPPON INDIA CONSUMPTION FUND - DIRECT Plan - IDCW Option;INF204K01G37;INF204K01G45;27.3143;27.0412;27.3143;10-Dec-2015
118722;Nippon India Consumption Fund - Direct Plan Growth Plan - Bonus;INF204K01G29;;56.1133;55.5522;56.1133;10-Dec-2015
118724;Nippon India Consumption Fund - Direct Plan Growth Plan - Growth Option;INF204K01G52;;56.1133;55.5522;56.1133;10-Dec-2015
102753;NIPPON INDIA CONSUMPTION FUND - IDCW Option;INF204K01AN1;INF204K01AO9;23.2780;23.0452;23.2780;10-Dec-2015
102752;Nippon India Consumption Fund-Growth Plan-Bonus Option;INF204K01AP6;;54.9092;54.3601;54.9092;10-Dec-2015
102751;Nippon India Consumption Fund-Growth Plan-Growth Option;INF204K01AQ4;;54.9092;54.3601;54.9092;10-Dec-2015
130864;NIPPON INDIA - JAPAN EQUITY FUND - DIRECT Plan - IDCW Option;INF204KA1SM3;;11.0290;10.9187;11.0290;10-Dec-2015
130859;NIPPON INDIA - JAPAN EQUITY FUND - IDCW Option;INF204KA1SL5;;10.9346;10.8253;10.9346;10-Dec-2015
130861;Nippon India Japan Equity Fund- Direct Plan- Growth Plan- Bonus Option;INF204KA1SK7;;11.0290;10.9187;11.0290;10-Dec-2015
130860;Nippon India Japan Equity Fund- Direct Plan- Growth Plan- Growth Option;INF204KA1SI1;;11.0290;10.9187;11.0290;10-Dec-2015
130858;Nippon India Japan Equity Fund- Growth Plan- Bonus Option;INF204KA1SJ9;;10.9346;10.8253;10.9346;10-Dec-2015
130863;Nippon India Japan Equity Fund- Growth Plan- Growth Option;INF204KA1SH3;;10.9346;10.8253;10.9346;10-Dec-2015
118756;NIPPON INDIA PHARMA FUND - DIRECT Plan - IDCW Option;INF204K01I35;INF204K01I43;84.2881;83.4452;84.2881;10-Dec-2015
118758;Nippon India Pharma Fund - Direct Plan Growth Plan - Bonus Option;INF204K01I27;;147.3703;145.8966;147.3703;10-Dec-2015
118759;Nippon India Pharma Fund - Direct Plan Growth Plan - Growth Option;INF204K01I50;;147.3703;145.8966;147.3703;10-Dec-2015
102433;NIPPON INDIA PHARMA FUND - IDCW Option;INF204K01935;INF204K01943;74.8258;74.0775;74.8258;10-Dec-2015
102432;Nippon India Pharma Fund-Growth Plan-Bonus Option;INF204K01950;;144.1644;142.7228;144.1644;10-Dec-2015
102431;Nippon India Pharma Fund-Growth Plan-Growth Option;INF204K01968;;144.1644;142.7228;144.1644;10-Dec-2015
118760;NIPPON INDIA POWER & INFRA FUND - DIRECT Plan - IDCW Option;INF204K01I76;INF204K01I84;31.4598;31.1452;31.4598;10-Dec-2015
118762;Nippon India Power & Infra Fund - Direct Plan Growth Plan - Bonus Option;INF204K01I68;;73.8361;73.0977;73.8361;10-Dec-2015
118763;Nippon India Power & Infra Fund - Direct Plan Growth Plan - Growth Option;INF204K01I92;;73.8361;73.0977;73.8361;10-Dec-2015
101264;NIPPON INDIA POWER & INFRA FUND - IDCW Option;INF204K01AB6;INF204K01AC4;30.8079;30.4998;30.8079;10-Dec-2015
101262;Nippon India Power & Infra Fund-Growth Plan -Growth Option;INF204K01AE0;;72.6600;71.9334;72.6600;10-Dec-2015
101263;Nippon India Power & Infra Fund-Growth Plan-Bonus Option;INF204K01AD2;;72.6600;71.9334;72.6600;10-Dec-2015
118767;NIPPON INDIA QUANT FUND - DIRECT Plan - IDCW Option;INF204K01J18;INF204K01J26;10.8314;10.8043;10.8314;10-Dec-2015
118770;Nippon India Quant Fund - Direct Plan Growth Plan - Bonus Option;INF204K01J00;;18.8303;18.7832;18.8303;10-Dec-2015
118769;Nippon India Quant Fund - Direct Plan Growth Plan - Growth Option;INF204K01J34;;18.8303;18.7832;18.8303;10-Dec-2015
108252;NIPPON INDIA QUANT FUND - IDCW Option;INF204K01745;INF204K01752;9.6972;9.6730;9.6972;10-Dec-2015
108249;Nippon India Quant Fund -Growth Plan - Growth Option;INF204K01760;;18.1822;18.1367;18.1822;10-Dec-2015
108258;Nippon India Quant Fund -Growth Plan -Bonus Option;INF204K01737;;18.1822;18.1367;18.1822;10-Dec-2015
134925;NIPPON INDIA - US EQUITY OPPORTUNITIES FUND - Direct Plan - IDCW Option;INF204KA16G3;INF204KA17G1;9.8935;9.7946;9.8935;10-Dec-2015
134924;NIPPON INDIA - US EQUITY OPPORTUNITIES FUND - IDCW Option;INF204KA13G0;INF204KA14G8;9.8544;9.7559;9.8544;10-Dec-2015
134923;Nippon India US Equity Opportunities Fund- Direct Plan- Growth Plan- Growth Option;INF204KA15G5;;9.8935;9.7946;9.8935;10-Dec-2015
134922;Nippon India US Equity Opportunities Fund- Growth Plan- Growth Option;INF204KA12G2;;9.8544;9.7559;9.8544;10-Dec-2015

quant Mutual Fund
106170;quant Infrastructure Fund - Growth Option;INF966L01523;;6.5331;6.4678;6.5331;10-Dec-2015
120833;quant Infrastructure Fund - Growth Option-Direct Plan;INF966L01721;;6.5456;6.4801;6.5456;10-Dec-2015
120832;quant Infrastructure Fund - IDCW Option - Direct Plan;INF966L01705;INF966L01713;6.5585;6.4929;6.5585;10-Dec-2015
106169;quant Infrastructure Fund - IDCW Option - Regular Plan;INF966L01507;INF966L01515;6.5113;6.4462;6.5113;10-Dec-2015

SBI Mutual Fund
133859;SBI BANKING & FINANCIAL SERVICES FUND - DIRECT PLAN - GROWTH;INF200KA1507;;9.0696;8.9789;9.0696;10-Dec-2015
133857;SBI Banking & Financial Services Fund - Direct Plan - Income Distribution cum Capital Withdrawal Option (IDCW);INF200KA1515;INF200KA1523;9.0669;8.9762;9.0669;10-Dec-2015
133858;SBI BANKING & FINANCIAL SERVICES FUND - REGULAR PLAN - GROWTH;INF200KA1473;;9.0397;8.9493;9.0397;10-Dec-2015
133860;SBI Banking & Financial Services Fund - Regular Plan - Income Distribution cum Capital Withdrawal Option (IDCW);INF200KA1481;INF200KA1499;9.04;8.9496;9.04;10-Dec-2015
119705;SBI COMMA Fund - DIRECT PLAN - Growth;INF200K01SB6;;22.2134;21.9913;22.2134;10-Dec-2015
119613;SBI Comma Fund - Direct Plan - Income Distribution cum Capital Withdrawal Option (IDCW);INF200K01RZ7;INF200K01SA8;15.0194;14.8692;15.0194;10-Dec-2015
103145;SBI COMMA Fund - REGULAR PLAN - Growth;INF200K01339;;21.8393;21.6209;21.8393;10-Dec-2015
103146;SBI Comma Fund - Regular Plan - Income Distribution cum Capital Withdrawal Option (IDCW);INF200K01313;INF200K01321;14.7494;14.6019;14.7494;10-Dec-2015
120575;SBI CONSUMPTION OPPORTUNITIES FUND - DIRECT PLAN - GROWTH;INF200K01RM5;;75.2553;75.2553;75.2553;10-Dec-2015
119730;SBI Consumption Opportunities Fund - Direct Plan - Income Distribution cum Capital Withdrawal Option (IDCW);INF200K01RK9;INF200K01RL7;62.586;62.586;62.586;10-Dec-2015
120576;SBI CONSUMPTION OPPORTUNITIES FUND - REGULAR - GROWTH;INF200K01VR6;;73.0511;73.0511;73.0511;10-Dec-2015
100645;SBI Consumption Opportunities Fund - Regular Plan - Income Distribution cum Capital Withdrawal Option (IDCW);INF200K01404;INF200K01412;51.9758;51.9758;51.9758;10-Dec-2015
119708;SBI ESG Exclusionary Strategy Fund - Direct Plan - Income Distribution cum Capital Withdrawal Option (IDCW);INF200K01SC4;INF200K01SD2;36.2251;35.8628;36.2251;10-Dec-2015
119709;SBI ESG Exclusionary Strategy Fund - Direct Plan -Growth;INF200K01SE0;;73.3374;72.604;73.3374;10-Dec-2015
104523;SBI ESG Exclusionary Strategy Fund - Regular Plan - Growth;INF200K01214;;71.9575;71.2379;71.9575;10-Dec-2015
101295;SBI ESG Exclusionary Strategy Fund - Regular Plan - Income Distribution cum Capital Withdrawal Option (IDCW);INF200K01198;INF200K01206;31.1427;30.8313;31.1427;10-Dec-2015
119782;SBI Healthcare Opportunities Fund - Direct Plan - Income Distribution cum Capital Withdrawal Option (IDCW);INF200K01UN7;INF200K01UO5;123.3659;123.3659;123.3659;10-Dec-2015
119783;SBI HEALTHCARE OPPORTUNITIES FUND - DIRECT PLAN -GROWTH;INF200K01UP2;;149.7878;149.7878;149.7878;10-Dec-2015
100644;SBI Healthcare Opportunities Fund - Regular Plan - Income Distribution cum Capital Withdrawal Option (IDCW);INF200K01453;INF200K01461;108.7305;108.7305;108.7305;10-Dec-2015
102823;SBI HEALTHCARE OPPORTUNITIES FUND - REGULAR PLAN -GROWTH;INF200K01446;;145.5888;145.5888;145.5888;10-Dec-2015
119700;SBI INFRASTRUCTURE FUND -  DIRECT PLAN - GROWTH;INF200K01RS2;;10.9721;10.8624;10.9721;10-Dec-2015
106096;SBI INFRASTRUCTURE FUND -  REGULAR PLAN - GROWTH;INF200K01CT2;;10.8052;10.6971;10.8052;10-Dec-2015
119695;SBI Infrastructure Fund - Direct Plan - Income Distribution cum Capital Withdrawal Option (IDCW);INF200K01RQ6;INF200K01RR4;10.962;10.8524;10.962;10-Dec-2015
106095;SBI Infrastructure Fund - Regular Plan - Income Distribution cum Capital Withdrawal Option (IDCW);INF200K01CU0;INF200K01CV8;10.8061;10.698;10.8061;10-Dec-2015
103114;SBI Magnum Global Fund - Regular Plan - Income Distribution cum Capital Withdrawal Option (IDCW);INF200K01255;INF200K01263;47.9872;47.5073;47.9872;10-Dec-2015
119710;SBI MNC Fund - Direct Plan - Income Distribution cum Capital Withdrawal Option (IDCW);INF200K01SL5;INF200K01SM3;57.2458;56.6733;57.2458;10-Dec-2015
119711;SBI MNC FUND - DIRECT PLAN -GROWTH;INF200K01SN1;;132.0657;130.745;132.0657;10-Dec-2015
103034;SBI MNC FUND - REGULAR PLAN -GROWTH;INF200K01271;;129.2992;128.0062;129.2992;10-Dec-2015
119732;SBI PSU Fund - DIRECT PLAN - GROWTH;INF200K01UY4;;8.7162;8.629;8.7162;10-Dec-2015
119733;SBI PSU Fund - Direct Plan - Income Distribution cum Capital Withdrawal Option (IDCW);INF200K01UW8;INF200K01UX6;8.7086;8.6215;8.7086;10-Dec-2015
112923;SBI PSU Fund - Regular Plan - Income Distribution cum Capital Withdrawal Option (IDCW);INF200K01BD8;INF200K01BE6;8.5918;8.5059;8.5918;10-Dec-2015
113099;SBI PSU Fund - REGULAR PLAN -Growth;INF200K01BC0;;8.593;8.5071;8.593;10-Dec-2015
120578;SBI TECHNOLOGY OPPORTUNITIES FUND - DIRECT PLAN - GROWTH;INF200K01RV6;;46.9101;46.9101;46.9101;10-Dec-2015
119731;SBI Technology Opportunities Fund - Direct Plan - Income Distribution cum Capital Withdrawal Option (IDCW);INF200K01RT0;INF200K01RU8;39.1331;39.1331;39.1331;10-Dec-2015
120577;SBI TECHNOLOGY OPPORTUNITIES FUND - REGULAR PLAN - GROWTH;INF200K01VS4;;45.4607;45.4607;45.4607;10-Dec-2015
100643;SBI Technology Opportunities Fund - Regular Plan - Income Distribution cum Capital Withdrawal Option (IDCW);INF200K01420;INF200K01438;32.1046;32.1046;32.1046;10-Dec-2015

Sundaram Mutual Fund
112295;Sundaram PSU Opportunities Dividend Option;INF903J01892;INF903J01900;9.8977;9.7987;9.8977;10-Dec-2015
112294;Sundaram PSU Opportunities Growth Option;INF903J01884;;10.8697;10.7610;10.8697;10-Dec-2015
119587;Sundaram Select Thematic Funds PSU Opportunities - Direct Plan - Dividend Option;INF903J01NC6;INF903J01ND4;10.0488;9.9483;10.0488;10-Dec-2015
119586;Sundaram Select Thematic Funds PSU Opportunities -Direct Plan - Growth Option;INF903J01NE2;;11.0287;10.9184;11.0287;10-Dec-2015
119595;Sundaram Consumption Fund (Formerly Known as Sundaram Rural and Consumption Fund Direct Plan - Growth);INF903J01NH5;;26.2428;25.9804;26.2428;10-Dec-2015
113373;Sundaram Consumption Fund (Formerly Known as Sundaram Rural and Consumption Fund Institutional Plan - Income Distribution cum Capital Withdrawal (IDCW);INF903J01579;INF903J01587;25.6678;25.4111;25.6678;10-Dec-2015
103743;Sundaram Consumption Fund (Formerly Known as Sundaram Rural and Consumption Fund Regular Plan - Income Distribution cum Capital Withdrawal (IDCW);INF903J01546;INF903J01553;17.3194;17.1462;17.3194;10-Dec-2015
119594;Sundaram Consumption Fund (Formerly Known asSundaram Rural and Consumption Fund Direct Plan - Income Distribution cum Capital Withdrawal (IDCW);INF903J01NF9;INF903J01NG7;17.5524;17.3769;17.5524;10-Dec-2015
102142;Sundaram Consumption Fund(Formerly Known as Sundaram Rural and Consumption Fund Regular Plan - Growth);INF903J01561;;25.9121;25.6530;25.9121;10-Dec-2015
119597;Sundaram Financial Services Opportunities Fund Direct Plan - Growth;INF903J01NB8;;26.4797;26.2149;26.4797;10-Dec-2015
119596;Sundaram Financial Services Opportunities Fund Direct Plan - Income Distribution cum Capital Withdrawal (IDCW);INF903J01MZ9;INF903J01NA0;15.1001;14.9491;15.1001;10-Dec-2015
109061;Sundaram Financial Services Opportunities Fund Institutional Plan - Growth;INF903J01652;;27.2565;26.9839;27.2565;10-Dec-2015
109060;Sundaram Financial Services Opportunities Fund Institutional Plan - Income Distribution cum Capital Withdrawal (IDCW);INF903J01637;INF903J01645;15.3345;15.1812;15.3345;10-Dec-2015
109059;Sundaram Financial Services Opportunities Fund Regular Plan - Growth;INF903J01629;;26.1533;25.8918;26.1533;10-Dec-2015
109058;Sundaram Financial Services Opportunities Fund Regular Plan - Income Distribution cum Capital Withdrawal (IDCW);INF903J01603;INF903J01611;14.8521;14.7036;14.8521;10-Dec-2015
129212;Sundaram Infrastructure Advantage Fund Direct Plan - Growth;INF903J01F92;;24.8983;24.6493;24.8983;10-Dec-2015
129211;Sundaram Infrastructure Advantage Fund Direct Plan - Income Distribution cum Capital Withdrawal (IDCW);INF903J01G00;INF903J01G18;24.8921;24.6432;24.8921;10-Dec-2015
129213;Sundaram Infrastructure Advantage Fund Regular Plan - Growth;INF903J01F68;;24.5550;24.3095;24.5550;10-Dec-2015
129210;Sundaram Infrastructure Advantage Fund Regular Plan - Income Distribution cum Capital Withdrawal (IDCW);INF903J01F76;INF903J01F84;24.5557;24.3101;24.5557;10-Dec-2015

Tata Mutual Fund
119172;Tata Ethical Fund -Direct Plan- Growth Option;INF277K01NG4;;128.3126;127.0295;128.3126;10-Dec-2015
119171;Tata Ethical Fund- Direct Plan - Payout of IDCW Option;INF277K01NE9;INF277K01NF6;77.1394;76.3680;77.1394;10-Dec-2015
101833;Tata Ethical Fund- Regular Plan - Payout of IDCW Option;INF277K01EH1;INF277K01949;65.0962;64.4452;65.0962;10-Dec-2015
100415;Tata Ethical Fund-Regular Plan - Growth Option;INF277K01956;;125.1115;123.8604;125.1115;10-Dec-2015
119243;Tata Infrastructure Fund -Direct Plan -Growth Option;INF277K01PQ8;;41.7649;41.3473;41.7649;10-Dec-2015
101852;TATA Infrastructure Fund Regular Plan - Payout of IDCW Option;INF277K01DY8;INF277K01774;25.0529;24.8024;25.0529;10-Dec-2015
119244;Tata Infrastructure Fund- Direct Plan - Payout of IDCW Option;INF277K01PO3;INF277K01PP0;27.4932;27.2183;27.4932;10-Dec-2015
101766;Tata Infrastructure Fund-Regular Plan- Growth Option;INF277K01782;;41.1823;40.7705;41.1823;10-Dec-2015

Taurus Mutual Fund
118868;Taurus Banking & Financial Services Fund - Direct Plan - Growth;INF044D01CN2;;15.80;15.64;15.80;10-Dec-2015
118869;Taurus Banking & Financial Services Fund - Direct Plan - Payout of Income Distribution cum Capital Withdrawal option;INF044D01CO0;INF044D01CP7;15.76;15.60;15.76;10-Dec-2015
117312;Taurus Banking & Financial Services Fund - Regular Plan - Growth;INF044D01BI4;;15.40;15.25;15.40;10-Dec-2015
117313;Taurus Banking & Financial Services Fund - Regular Plan - Payout of Income Distribution cum Capital Withdrawal option;INF044D01BJ2;INF044D01BK0;13.78;13.64;13.78;10-Dec-2015
111903;Taurus Ethical Fund -  Regular Plan - Bonus Option;INF044D01823;;38.34;37.96;38.34;10-Dec-2015
118876;Taurus Ethical Fund - Direct Plan - Growth;INF044D01CJ0;;39.10;38.71;39.10;10-Dec-2015
118877;Taurus Ethical Fund - Direct Plan - Payout of Income Distribution cum Capital Withdrawal option;INF044D01CK8;INF044D01CL6;26.28;26.02;26.28;10-Dec-2015
111787;Taurus Ethical Fund - Regular Plan - Growth;INF044D01864;;38.34;37.96;38.34;10-Dec-2015
111788;Taurus Ethical Fund - Regular Plan - Payout of Income Distribution cum Capital Withdrawal option;INF044D01831;INF044D01849;25.90;25.64;25.90;10-Dec-2015
118878;Taurus Ethical Fund-Direct Plan-Bonus Option #;INF044D01CM4;;12.84;12.71;12.84;10-Dec-2015
118879;Taurus Infrastructure Fund - Direct Plan - Growth ;INF044D01CD3;;16.75;16.58;16.75;10-Dec-2015
118880;Taurus Infrastructure Fund - Direct Plan - Payout of Income Distribution cum Capital Withdrawal option;INF044D01CE1;INF044D01CF8;15.70;15.54;15.70;10-Dec-2015
105417;Taurus Infrastructure Fund - Regular Plan - Growth;INF044D01906;;16.44;16.28;16.44;10-Dec-2015
105418;Taurus Infrastructure Fund - Regular Plan - Payout of Income Distribution cum Capital Withdrawal option;INF044D01872;INF044D01880;15.46;15.31;15.46;10-Dec-2015

UTI Mutual Fund
120733;UTI Banking and Financial Services Fund - Direct Plan - Growth Option;INF789F01SN3;;62.22;62.22;62.22;10-Dec-2015
120732;UTI Banking and Financial Services Fund - Direct Plan - IDCW;INF789F01SL7;INF789F01SM5;26.4263;26.4263;26.43;10-Dec-2015
102401;UTI Banking and Financial Services Fund - Regular Plan - Growth Option;INF789F01372;;60.4666;60.4666;60.47;10-Dec-2015
102402;UTI Banking and Financial Services Fund - Regular Plan - IDCW;INF789F01356;INF789F01364;25.6234;25.6234;25.62;10-Dec-2015
100805;UTI Energy Fund-Growth Option;INF789F01497;;11.3725;11.3725;11.37;10-Dec-2015
120770;UTI Energy Fund-Growth Option-Direct;INF789F01SZ7;;11.5157;11.5157;11.52;10-Dec-2015
100804;UTI Energy Fund-Income Option;INF789F01471;INF789F01489;12.9005;12.9005;12.9;10-Dec-2015
120769;UTI Energy Fund-Income Option-Direct;INF789F01SX2;INF789F01SY0;13.0584;13.0584;13.06;10-Dec-2015
120782;UTI Healthcare Fund - Direct Plan - Growth Option;INF789F01TO9;;93.7967;93.7967;93.8;10-Dec-2015
120783;UTI Healthcare Fund - Direct Plan - IDCW;INF789F01TM3;INF789F01TN1;72.4971;72.4971;72.5;10-Dec-2015
100807;UTI Healthcare Fund - Regular Plan - Growth Option;INF789F01695;;91.5551;91.5551;91.56;10-Dec-2015
100806;UTI Healthcare Fund - Regular Plan - IDCW;INF789F01679;INF789F01687;70.7585;70.7585;70.76;10-Dec-2015
120780;UTI India Consumer Fund - Direct Plan - Growth Option;INF789F01VF3;;18.9788;18.9788;18.98;10-Dec-2015
120781;UTI India Consumer Fund - Direct Plan - IDCW;INF789F01VG1;INF789F01VH9;17.7944;17.7944;17.79;10-Dec-2015
106425;UTI India Consumer Fund - Regular Plan - Growth Option;INF789F01CE6;;18.6507;18.6507;18.65;10-Dec-2015
106426;UTI India Consumer Fund - Regular Plan - IDCW;INF789F01CF3;INF789F01CG1;17.4684;17.4684;17.47;10-Dec-2015
120729;UTI Infrastructure Fund - Direct Plan - IDCW;INF789F01TS0;INF789F01TT8;22.7127;22.7127;22.71;10-Dec-2015
102396;UTI Infrastructure Fund - Regular Plan - IDCW;INF789F01737;INF789F01745;22.43;22.43;22.43;10-Dec-2015
102395;UTI Infrastructure Fund-Growth Option;INF789F01752;;39.4606;39.4606;39.46;10-Dec-2015
120728;UTI Infrastructure Fund-Growth Option- Direct;INF789F01TU6;;39.9629;39.9629;39.96;10-Dec-2015
120682;UTI - MNC Fund - Growth Option - Direct;INF789F01UD0;;150.8121;150.8121;150.81;10-Dec-2015
100740;UTI - MNC Fund - Regular Plan - Growth Option;INF789F01844;;147.4189;147.4189;147.42;10-Dec-2015
120681;UTI MNC Fund - Direct Plan - IDCW;INF789F01UB4;INF789F01UC2;86.5641;86.5641;86.56;10-Dec-2015
100739;UTI MNC Fund - Regular Plan - IDCW;INF789F01828;INF789F01836;84.5105;84.5105;84.51;10-Dec-2015
120730;UTI Transportation and Logistics Fund - Direct Plan - IDCW;INF789F01SF9;INF789F01SG7;43.744;43.744;43.74;10-Dec-2015
102397;UTI Transportation and Logistics Fund - Regular Plan - IDCW;INF789F01273;INF789F01281;42.6273;42.6273;42.63;10-Dec-2015
102398;UTI-Transportation and Logistics  Fund-Growth Option;INF789F01299;;85.1604;85.1604;85.16;10-Dec-2015
120731;UTI-Transportation and Logistics  Fund-Growth Option- Direct;INF789F01SH5;;87.3484;87.3484;87.35;10-Dec-2015

Open Ended Schemes ( Equity Scheme - ELSS )


Aditya Birla Sun Life Mutual Fund
119544;Aditya Birla Sun Life ELSS Tax Saver Fund - Growth - Direct Plan;INF209K01UN8;;21.47;21.47;21.47;10-Dec-2015
107745;Aditya Birla Sun Life ELSS Tax Saver Fund - Growth Option;INF209K01108;;20.99;20.99;20.99;10-Dec-2015
119543;Aditya Birla Sun Life ELSS Tax Saver Fund-DIRECT - IDCW;INF209K01P23;INF209K01UM0;148.17;148.17;148.17;10-Dec-2015
103164;Aditya Birla Sun Life ELSS Tax Saver Fund-Regular - IDCW;INF209K01090;INF209K01CB1;131.60;131.60;131.60;10-Dec-2015
119661;Aditya Birla Sun Life Tax Plan - Direct Plan - Growth Option;INF209K01VV9;;27.22;27.22;27.22;10-Dec-2015
104331;Aditya Birla Sun Life Tax Plan - Regular Plan - Growth Option;INF209K01348;;26.51;26.51;26.51;10-Dec-2015
119660;Aditya Birla Sun Life Tax Plan -DIRECT - IDCW;INF209K01Q14;INF209K01VW7;89.60;89.60;89.60;10-Dec-2015
100067;Aditya Birla Sun Life Tax Plan -Regular - IDCW;INF209K01330;INF209K01CM8;73.65;73.65;73.65;10-Dec-2015

Axis Mutual Fund
120503;Axis ELSS Tax Saver Fund - Direct Plan - Growth Option;INF846K01EW2;;30.5499;30.5499;30.5499;10-Dec-2015
120502;Axis ELSS Tax Saver Fund - Direct Plan - IDCW;INF846K01EX0;INF846K01EY8;26.0267;26.0267;26.0267;10-Dec-2015
112323;Axis ELSS Tax Saver Fund - Regular Plan - Growth;INF846K01131;;29.4806;29.4806;29.4806;10-Dec-2015
112322;Axis ELSS Tax Saver Fund - Regular Plan - IDCW;INF846K01149;INF846K01156;21.5636;21.5636;21.5636;10-Dec-2015

Bandhan Mutual Fund
118473;BANDHAN ELSS Tax Saver Fund - Direct Plan - Growth;INF194K01Y29;;38.1276;38.1276;38.1276;10-Dec-2015
118472;BANDHAN ELSS Tax Saver Fund - Direct Plan - IDCW;INF194K01Y37;INF194K01Y45;17.3099;17.3099;17.3099;10-Dec-2015
111569;BANDHAN ELSS Tax Saver Fund - Regular Plan - Growth;INF194K01292;;37.0577;37.0577;37.0577;10-Dec-2015
111570;BANDHAN ELSS Tax Saver Fund - Regular Plan - IDCW;INF194K01300;INF194K01318;14.9056;14.9056;14.9056;10-Dec-2015

Bank of India Mutual Fund
119351;BANK OF INDIA ELSS Tax Saver -Direct Plan- Growth;INF761K01884;;37.50;37.50;37.50;10-Dec-2015
119352;BANK OF INDIA ELSS Tax Saver -Direct Plan-IDCW;INF761K01876;INF761K01868;19.51;19.51;19.51;10-Dec-2015
111709;BANK OF INDIA ELSS Tax Saver -ECO Plan-Growth;INF761K01157;;37.16;37.16;0.00;10-Dec-2015
111711;BANK OF INDIA ELSS Tax Saver -ECO Plan-IDCW;INF761K01132;INF761K01140;16.94;16.94;0.00;10-Dec-2015
111710;BANK OF INDIA ELSS Tax Saver -Regular Plan- Growth;INF761K01181;;36.12;36.12;36.12;10-Dec-2015
111708;BANK OF INDIA ELSS Tax Saver -Regular Plan-IDCW;INF761K01165;INF761K01173;17.10;17.10;17.10;10-Dec-2015

Baroda BNP Paribas Mutual Fund
100068;BARODA ELSS 96 - Plan A - IDCW;INF955L01641;;29.07;29.07;29.07;10-Dec-2015
119339;BARODA ELSS 96 - Plan B (Direct) - IDCW;INF955L01914;;30.16;30.16;30.16;10-Dec-2015
125111;Baroda ELSS 96 - Plan B (Direct)- Bonus Option;INF955L01DA7;;35.28;35.28;35.28;10-Dec-2015
125110;Baroda ELSS 96 Fund - Plan A- Bonus Option;INF955L01CZ6;;33.84;33.84;33.84;10-Dec-2015
134044;Baroda ELSS 96 Plan A -Growth Option;INF955L01GD4;;33.84;33.84;33.84;10-Dec-2015
134045;Baroda ELSS 96 Plan B(Direct) -Growth Option;INF955L01GE2;;35.28;35.28;35.28;10-Dec-2015

BNP Paribas Mutual Fund
120147;BNP Paribas Long Term Equity Fund - Direct Plan - Growth Option;INF251K01HF3;;28.7630;28.7630;28.7630;10-Dec-2015
120146;BNP Paribas Long Term Equity Fund - Direct Plan - Income Distribution cum Capital Withdrawal Option;INF251K01HH9;INF251K01HG1;15.8950;15.8950;15.8950;10-Dec-2015
113463;BNP Paribas Long Term Equity Fund - Growth Option;INF251K01985;;28.4720;28.4720;28.4720;10-Dec-2015
113464;BNP Paribas Long Term Equity Fund-Income Distribution cum Capital Withdrawal Option;INF251K01AA9;INF251K01993;15.9720;15.9720;15.9720;10-Dec-2015

Canara Robeco Mutual Fund
118285;CANARA ROBECO ELSS TAX SAVER - DIRECT PLAN - GROWTH OPTION;INF760K01EL8;;44.7300;44.7300;44.7300;10-Dec-2015
118286;CANARA ROBECO ELSS TAX SAVER - DIRECT PLAN - IDCW (Payout);INF760K01EJ2;INF760K01EK0;29.8700;29.8700;29.8700;10-Dec-2015
111722;CANARA ROBECO ELSS TAX SAVER - REGULAR PLAN - GROWTH OPTION;INF760K01100;;44.1700;44.1700;44.1700;10-Dec-2015
100593;CANARA ROBECO ELSS TAX SAVER - REGULAR PLAN -IDCW (Payout);INF760K01084;INF760K01092;23.1300;23.1300;23.1300;10-Dec-2015

DSP Mutual Fund
119242;DSP ELSS Tax Saver Fund - Direct Plan - Growth;INF740K01OK1;;31.669;31.669;31.669;10-Dec-2015
119241;DSP ELSS Tax Saver Fund - Direct Plan - IDCW;INF740K01OL9;INF740K01OM7;22.608;22.608;22.608;10-Dec-2015
104772;DSP ELSS Tax Saver Fund - Regular Plan - Growth;INF740K01185;;31.283;31.283;31.283;10-Dec-2015
104773;DSP ELSS Tax Saver Fund - Regular Plan - IDCW;INF740K01169;INF740K01177;14.529;14.529;14.529;10-Dec-2015

Edelweiss Mutual Fund
118619;Edelweiss ELSS Tax Saver Fund - Direct Plan - IDCW Option;INF754K01BX2;INF754K01BY0;19.19;19.19;19.19;10-Dec-2015
118620;Edelweiss ELSS Tax Saver Fund - Direct Plan-Growth Option;INF754K01CA8;;35.50;35.50;35.50;10-Dec-2015
111638;Edelweiss ELSS Tax Saver Fund - Regular Plan - Growth Option;INF754K01517;;34.65;34.65;34.65;10-Dec-2015
111639;Edelweiss ELSS Tax Saver Fund - Regular Plan - IDCW Option;INF754K01525;INF754K01541;16.51;16.51;16.51;10-Dec-2015

Franklin Templeton Mutual Fund
118540;Franklin India ELSS Tax Saver Fund - Direct - Growth;INF090I01JS8;;417.3812;417.3812;417.3812;10-Dec-2015
118541;Franklin India ELSS Tax Saver Fund - Direct - IDCW;INF090I01JT6;INF090I01JU4;43.3413;43.3413;43.3413;10-Dec-2015
100525;Franklin India ELSS Tax Saver Fund - IDCW;INF090I01783;INF090I01791;42.3376;42.3376;42.3376;10-Dec-2015
100526;Franklin India ELSS Tax Saver Fund-Growth;INF090I01775;;408.3978;408.3978;408.3978;10-Dec-2015

HDFC Mutual Fund
119060;HDFC ELSS Tax saver - Growth Option - Direct Plan;INF179K01YS4;;374.243;374.243;374.243;10-Dec-2015
101979;HDFC ELSS Tax saver - Growth Plan;INF179K01BB8;;368.254;368.254;368.254;10-Dec-2015
119059;HDFC ELSS Tax saver - IDCW Option - Direct Plan;INF179K01YQ8;INF179K01YR6;60.583;60.583;60.583;10-Dec-2015
101980;HDFC ELSS Tax saver - IDCW Plan;INF179K01AZ9;INF179K01BA0;59.471;59.471;59.471;10-Dec-2015
118929;HDFC Long Term Advantage Plan - Growth Option - Direct Plan;INF179K01WX8;;227.833;227.833;227.833;10-Dec-2015
100998;HDFC Long Term Advantage Plan - Growth Plan;INF179K01996;;224.413;224.413;224.413;10-Dec-2015
118928;HDFC Long Term Advantage Plan - IDCW Option - Direct Plan;INF179K01WV2;INF179K01WW0;37.703;37.703;37.703;10-Dec-2015
100997;HDFC Long Term Advantage Plan - IDCW Plan;INF179K01970;INF179K01988;37.083;37.083;37.083;10-Dec-2015

HSBC Mutual Fund
104707;HSBC Tax Saver Equity Fund - Growth;INF336L01BA4;;25.5064;25.5064;25.5064;10-Dec-2015
120079;HSBC Tax Saver Equity Fund - Growth Direct;INF336L01EE0;;26.0674;26.0674;26.0674;10-Dec-2015
104706;HSBC Tax Saver Equity Fund - IDCW;INF336L01AZ3;;19.6339;19.6339;19.6339;10-Dec-2015
120078;HSBC Tax Saver Equity Fund - IDCW Direct Plan;INF336L01ER2;;20.1254;20.1254;20.1254;10-Dec-2015

ICICI Prudential Mutual Fund
120592;ICICI Prudential ELSS Tax Saver Fund - Direct Plan - Growth;INF109K01Y31;;271.95;271.95;271.95;10-Dec-2015
120593;ICICI Prudential ELSS Tax Saver Fund - Direct Plan - IDCW;INF109K01Y15;INF109K01Y23;28.13;28.13;28.13;10-Dec-2015
100354;ICICI Prudential ELSS Tax Saver Fund - Growth;INF109K01464;;265.65;265.65;265.65;10-Dec-2015
100353;ICICI Prudential ELSS Tax Saver Fund - IDCW;INF109K01FN1;INF109K01472;23.18;23.18;23.18;10-Dec-2015

IDBI Mutual Fund
123637;IDBI Equity Advantage Fund - Growth Direct;INF397L01EC6;;19.8300;19.8300;19.8300;10-Dec-2015
123638;IDBI Equity Advantage Fund - Growth Regular;INF397L01DY2;;19.5100;19.5100;19.5100;10-Dec-2015
123635;IDBI Equity Advantage Fund - IDCW Direct;INF397L01ED4;INF397L01EE2;17.3000;17.3000;17.3000;10-Dec-2015
123636;IDBI Equity Advantage Fund - IDCW Regular;INF397L01DZ9;INF397L01EA0;16.9900;16.9900;16.9900;10-Dec-2015

Invesco Mutual Fund
120416;Invesco India ELSS Tax Saver Fund - Direct Plan - Growth;INF205K01NT8;;35.46;35.46;35.46;10-Dec-2015
120417;Invesco India ELSS Tax Saver Fund - Direct Plan - IDCW (Payout / Reinvestment);INF205K01NR2;INF205K01NS0;19.68;19.68;19.68;10-Dec-2015
104636;Invesco India ELSS Tax Saver Fund - Growth;INF205K01270;;34.13;34.13;34.13;10-Dec-2015
104635;Invesco India ELSS Tax Saver Fund - IDCW (Payout / Reinvestment);INF205K01296;INF205K01288;19.29;19.29;19.29;10-Dec-2015

JM Financial Mutual Fund
120494;JM ELSS Tax Saver Fund (Direct) - Growth Option;INF192K01CE3;;11.2049;11.2049;11.2049;10-Dec-2015
120493;JM ELSS Tax Saver Fund (Direct) - IDCW;INF192K01CD5;;11.1345;11.1345;11.1345;10-Dec-2015
107288;JM ELSS Tax Saver Fund (Regular) - Growth option;INF192K01650;;10.8765;10.8765;10.8765;10-Dec-2015
107287;JM ELSS Tax Saver Fund (Regular) - IDCW;INF192K01643;;10.8765;10.8765;10.8765;10-Dec-2015

Kotak Mahindra Mutual Fund
103339;Kotak ELSS Tax Saver Fund-Growth;INF174K01369;;29.298;29.298;29.298;10-Dec-2015
119773;Kotak ELSS Tax Saver Fund-Growth - Direct;INF174K01LI3;;30.33;30.33;30.33;10-Dec-2015
103338;Kotak ELSS Tax Saver Fund-Payout of Income Distribution cum capital withdrawal option;INF174K01385;INF174K01377;17.348;17.348;17.348;10-Dec-2015
119772;Kotak ELSS Tax Saver Fund-Payout of Income Distribution cum capital withdrawal option - Direct;INF174K01LJ1;;18.294;18.294;18.294;10-Dec-2015

L&T Mutual Fund
119417;L&T  Tax Advantage Fund-Direct Plan-Growth;INF917K01GP0;;36.994;36.994;36.994;10-Dec-2015
118047;L&T  Tax Advantage Fund-Regular Plan-Growth;INF677K01064;;36.367;36.367;36.367;10-Dec-2015
119418;L&T Tax Advantage Fund-Direct Plan-IDCW;INF917K01GO3;INF917K01GN5;22.378;22.378;22.378;10-Dec-2015
118048;L&T Tax Advantage Fund-Regular Plan-IDCW;INF677K01072;INF677K01080;20.285;20.285;20.285;10-Dec-2015

LIC Mutual Fund
120270;LIC MF ELSS Tax Saver-Direct Plan-Growth;INF767K01EM1;;46.2995;46.2995;46.2995;10-Dec-2015
120269;LIC MF ELSS Tax Saver-Direct Plan-IDCW;INF767K01EL3;INF767K01EN9;14.8815;14.8815;14.8815;10-Dec-2015
100865;LIC MF ELSS Tax Saver-Regular Plan-Growth;INF767K01956;;45.1865;45.1865;45.1865;10-Dec-2015
100864;LIC MF ELSS Tax Saver-Regular Plan-IDCW;INF767K01931;INF767K01949;14.5124;14.5124;14.5124;10-Dec-2015
134878;LIC MF ULIS (10 Yrs. Regular Premium Reducing Cover Half-Yearly)-Direct Plan-IDCW Reinvestment;;INF767K01DR2;13.9376;13.9376;13.9376;10-Dec-2015
134865;LIC MF ULIS (10 Yrs. Regular Premium Reducing Cover Half-Yearly)-Regular Plan-IDCW Reinvestment;;INF767K01998;13.7669;13.7669;13.7669;10-Dec-2015
134876;LIC MF ULIS (10 Yrs. Regular Premium Reducing Cover Monthly)-Direct Plan-IDCW Reinvestment;;INF767K01DQ4;13.9376;13.9376;13.9376;10-Dec-2015
134847;LIC MF ULIS (10 Yrs. Regular Premium Reducing Cover Monthly)-Regular Plan-IDCW Reinvestment;;INF767K01980;13.7669;13.7669;13.7669;10-Dec-2015
134877;LIC MF ULIS (10 Yrs. Regular Premium Reducing Cover Yearly)-Direct Plan-IDCW Reinvestment;;INF767K01DS0;13.9376;13.9376;13.9376;10-Dec-2015
134864;LIC MF ULIS (10 Yrs. Regular Premium Reducing Cover Yearly)-Regular Plan-IDCW Reinvestment;;INF767K01AA4;13.7669;13.7669;13.7669;10-Dec-2015
134879;LIC MF ULIS (10 Yrs. Regular Premium Uniform Cover Half-Yearly)-Direct Plan-IDCW Reinvestment;;INF767K01DU6;13.9376;13.9376;13.9376;10-Dec-2015
134867;LIC MF ULIS (10 Yrs. Regular Premium Uniform Cover Half-Yearly)-Regular Plan-IDCW Reinvestment;;INF767K01AC0;13.7669;13.7669;13.7669;10-Dec-2015
134881;LIC MF ULIS (10 Yrs. Regular Premium Uniform Cover Monthly)-Direct Plan-IDCW Reinvestment;;INF767K01DT8;13.9376;13.9376;13.9376;10-Dec-2015
134863;LIC MF ULIS (10 Yrs. Regular Premium Uniform Cover Monthly)-Regular Plan-IDCW Reinvestment;;INF767K01AB2;13.7669;13.7669;13.7669;10-Dec-2015
134880;LIC MF ULIS (10 Yrs. Regular Premium Uniform Cover Yearly)-Direct Plan-IDCW Reinvestment;;INF767K01DV4;13.9376;13.9376;13.9376;10-Dec-2015
134868;LIC MF ULIS (10 Yrs. Regular Premium Uniform Cover Yearly)-Regular Plan-IDCW Reinvestment;;INF767K01AD8;13.7669;13.7669;13.7669;10-Dec-2015
134875;LIC MF ULIS (10 Yrs. Single Premium)-Direct Plan-IDCW Reinvestment;;INF767K01DP6;13.9376;13.9376;13.9376;10-Dec-2015
134846;LIC MF ULIS (10 Yrs. Single Premium)-Regular Plan-IDCW Reinvestment;;INF767K01972;13.7669;13.7669;13.7669;10-Dec-2015
134882;LIC MF ULIS (15 Yrs. Regular Premium Reducing Cover Half-Yearly)-Direct Plan-IDCW Reinvestment;;INF767K01DX0;13.9376;13.9376;13.9376;10-Dec-2015
134870;LIC MF ULIS (15 Yrs. Regular Premium Reducing Cover Half-Yearly)-Regular Plan-IDCW Reinvestment;;INF767K01AF3;13.7669;13.7669;13.7669;10-Dec-2015
134884;LIC MF ULIS (15 Yrs. Regular Premium Reducing Cover Monthly)-Direct Plan-IDCW Reinvestment;;INF767K01DW2;13.9376;13.9376;13.9376;10-Dec-2015
134869;LIC MF ULIS (15 Yrs. Regular Premium Reducing Cover Monthly)-Regular Plan-IDCW Reinvestment;;INF767K01AE6;13.7669;13.7669;13.7669;10-Dec-2015
134883;LIC MF ULIS (15 Yrs. Regular Premium Reducing Cover Yearly)-Direct Plan-IDCW Reinvestment;;INF767K01DY8;13.9376;13.9376;13.9376;10-Dec-2015
134871;LIC MF ULIS (15 Yrs. Regular Premium Reducing Cover Yearly)-Regular Plan-IDCW Reinvestment;;INF767K01AG1;13.7669;13.7669;13.7669;10-Dec-2015
134885;LIC MF ULIS (15 Yrs. Regular Premium Uniform Cover Half-Yearly)-Direct Plan-IDCW Reinvestment;;INF767K01EA6;13.9376;13.9376;13.9376;10-Dec-2015
134873;LIC MF ULIS (15 Yrs. Regular Premium Uniform Cover Half-Yearly)-Regular Plan-IDCW Reinvestment;;INF767K01AI7;13.7669;13.7669;13.7669;10-Dec-2015
134887;LIC MF ULIS (15 Yrs. Regular Premium Uniform Cover Monthly)-Direct Plan-IDCW Reinvestment;;INF767K01DZ5;13.9376;13.9376;13.9376;10-Dec-2015
134872;LIC MF ULIS (15 Yrs. Regular Premium Uniform Cover Monthly)-Regular Plan-IDCW Reinvestment;;INF767K01AH9;13.7669;13.7669;13.7669;10-Dec-2015
134886;LIC MF ULIS (15 Yrs. Regular Premium Uniform Cover Yearly)-Direct Plan-IDCW Reinvestment;;INF767K01EB4;13.9376;13.9376;13.9376;10-Dec-2015
134874;LIC MF ULIS (15Yrs. Regular Premium Uniform Cover Yearly)-Regular Plan-IDCW Reinvestment;;INF767K01AJ5;13.7669;13.7669;13.7669;10-Dec-2015
120259;LIC MF ULIS (5 Yrs. Single Premium)-Direct Plan-IDCW Reinvestment;;INF767K01DO9;13.9376;13.9376;13.9376;10-Dec-2015
100325;LIC MF ULIS (5 Yrs. Single Premium)-Regular Plan-IDCW Reinvestment;;INF767K01964;13.7669;13.7669;13.7669;10-Dec-2015

Motilal Oswal Mutual Fund
133386;Motilal Oswal ELSS Tax Saver Fund - Direct Plan - Growth Option;INF247L01569;;10.8898;10.8898;10.8898;10-Dec-2015
133383;Motilal Oswal ELSS Tax Saver Fund - IDCW Payout;INF247L01551;;10.7714;10.7714;10.7714;10-Dec-2015
133385;Motilal Oswal ELSS Tax Saver Fund - Regular Plan - Growth Option;INF247L01544;;10.7714;10.7714;10.7714;10-Dec-2015
133384;Motilal Oswal ELSS Tax Saver Fund Direct - IDCW Payout;INF247L01577;;10.8898;10.8898;10.8898;10-Dec-2015

Nippon India Mutual Fund
133866;NIPPON INDIA TAX SAVER (ELSS) FUND - ANNUAL IDCW Option;INF204KA1E04;;9.2022;9.2022;9.2022;10-Dec-2015
133865;NIPPON INDIA TAX SAVER (ELSS) FUND - DIRECT Plan - ANNUAL IDCW Option;INF204KA1E12;;9.1790;9.1790;9.1790;10-Dec-2015
118801;NIPPON INDIA TAX SAVER (ELSS) FUND - DIRECT Plan - IDCW Option;INF204K01L30;INF204K01L48;22.7965;22.7965;22.7965;10-Dec-2015
103197;NIPPON INDIA TAX SAVER (ELSS) FUND - IDCW Option;INF204K01GL2;INF204K01GM0;19.9072;19.9072;19.9072;10-Dec-2015
103196;Nippon India Tax Saver (ELSS) Fund-Growth Plan-Growth Option;INF204K01GK4;;43.5493;43.5493;43.5493;10-Dec-2015
118803;Nippon India Tax Saver Fund - Direct Plan Growth Plan - Growth Option;INF204K01L55;;44.4311;44.4311;44.4311;10-Dec-2015

Principal Mutual Fund
101815;Principal Personal Tax Saver Fund;INF173K01353;;146.26;146.26;146.26;10-Dec-2015
119486;Principal Personal Tax Saver Fund - Direct Plan;INF173K01FA4;;148.80;148.80;148.80;10-Dec-2015
100156;Principal Tax Savings Fund;INF173K01361;;136.13;136.13;136.13;10-Dec-2015
119489;Principal Tax Savings Fund - Direct Plan;INF173K01HZ7;;138.18;138.18;138.18;10-Dec-2015

quant Mutual Fund
120847;quant ELSS Tax Saver Fund - Growth Option - Direct Plan;INF966L01986;;59.9110;59.9110;59.9110;10-Dec-2015
100175;quant ELSS Tax Saver Fund - Growth Option - Regular Plan;INF966L01135;;59.4686;59.4686;59.4686;10-Dec-2015
120846;quant ELSS Tax Saver Fund - IDCW Option - Direct Plan;INF966L01960;INF966L01127;12.3488;12.3488;12.3488;10-Dec-2015
100174;quant ELSS Tax Saver Fund - IDCW Option - Regular Plan;INF966L01119;;12.1952;12.1952;12.1952;10-Dec-2015

Quantum Mutual Fund
111549;Quantum ELSS Tax Saver Fund - Direct Plan Growth Option;INF082J01069;;37.10;37.10;37.10;10-Dec-2015
111550;Quantum ELSS Tax Saver Fund - Direct Plan IDCW;INF082J01077;INF082J01085;37.10;37.10;37.10;10-Dec-2015

SBI Mutual Fund
119722;SBI ELSS Tax Saver Fund - Direct Plan - Income Distribution cum Capital Withdrawal Option (IDCW);INF200K01UK3;;53.3303;53.3303;53.3303;10-Dec-2015
119723;SBI ELSS Tax Saver FUND - DIRECT PLAN -GROWTH;INF200K01UM9;;109.4495;109.4495;109.4495;10-Dec-2015
103883;SBI ELSS Tax Saver Fund - Regular Plan - Income Distribution cum Capital Withdrawal Option (IDCW);INF200K01479;;43.0147;43.0147;43.0147;10-Dec-2015
105628;SBI ELSS Tax Saver FUND - REGULAR PLAN- GROWTH;INF200K01495;;107.8102;107.8102;107.8102;10-Dec-2015

Sundaram Mutual Fund
119549;Sundaram Diversified Equity (ELSS) Direct Plan - Growth;INF903J01NN3;;71.3853;71.3853;71.3853;10-Dec-2015
119548;Sundaram Diversified Equity (ELSS) Direct Plan - Income Distribution cum Capital Withdrawal (IDCW);INF903J01NL7;INF903J01NM5;13.6449;13.6449;13.6449;10-Dec-2015
101853;Sundaram Diversified Equity (ELSS) Regular Plan - Growth;INF903J01538;;70.7068;70.7068;70.7068;10-Dec-2015
100614;Sundaram Diversified Equity (ELSS) Regular Plan - Income Distribution cum Capital Withdrawal (IDCW);INF903J01512;INF903J01520;13.5028;13.5028;13.5028;10-Dec-2015

Tata Mutual Fund
119281;Tata ELSS Tax Saver Fund- Direct Plan - Payout of IDCW Option;INF277K01I94;;77.6749;77.6749;77.6749;10-Dec-2015
100474;Tata ELSS Tax Saver Fund- Regular Plan - Payout of IDCW Option;INF277K01I60;;69.8200;69.8200;69.8200;10-Dec-2015
132756;Tata ELSS Tax Saver Fund-Growth-Direct Plan;INF277K01I86;;12.1023;12.1023;12.1023;10-Dec-2015
132757;Tata ELSS Tax Saver Fund-Growth-Regular Plan;INF277K01I52;;11.8773;11.8773;11.8773;10-Dec-2015

Taurus Mutual Fund
118866;Taurus ELSS Tax Saver Fund - Direct Plan - Growth;INF044D01CG6;INF044D01AA3;51.74;51.74;51.74;10-Dec-2015
118867;Taurus ELSS Tax Saver Fund - Direct Plan - Payout of Income Distribution cum Capital Withdrawal option;INF044D01CH4;INF044D01CI2;24.03;24.03;24.03;10-Dec-2015
100480;Taurus ELSS Tax Saver Fund - Regular Plan - Growth;INF044D01AC9;;50.88;50.88;50.88;10-Dec-2015
108402;Taurus ELSS Tax Saver Fund - Regular Plan - Payout of Income Distribution cum Capital Withdrawal option;INF044D01997;;23.83;23.83;23.83;10-Dec-2015

Union Mutual Fund
119307;Union ELSS Tax Saver Fund - Direct Plan - Growth Option;INF582M01765;;19.17;19.17;19.17;10-Dec-2015
119306;Union ELSS Tax Saver Fund - Direct Plan - IDCW Option;INF582M01781;INF582M01773;19.17;19.17;19.17;10-Dec-2015
116051;Union ELSS Tax Saver Fund - Growth Option;INF582M01302;;18.97;18.97;18.97;10-Dec-2015
116052;Union ELSS Tax Saver Fund - IDCW Option;INF582M01328;INF582M01310;14.90;14.90;14.90;10-Dec-2015

UTI Mutual Fund
120715;UTI ELSS Tax Saver Fund - Direct Plan - Growth Option;INF789F01TF7;;63.4416;63.4416;63.44;10-Dec-2015
120714;UTI ELSS Tax Saver Fund - Direct Plan - IDCW;INF789F01TD2;INF789F01TE0;21.7853;21.7853;21.79;10-Dec-2015
100821;UTI ELSS Tax Saver Fund - Regular Plan - Growth Option;INF789F01547;;62.16;62.16;62.16;10-Dec-2015
100820;UTI ELSS Tax Saver Fund - Regular Plan - IDCW;INF789F01521;INF789F01539;19.8918;19.8918;19.89;10-Dec-2015

Open Ended Schemes ( Debt Scheme - Overnight Fund )


HDFC Mutual Fund
119109;HDFC Overnight Fund - Daily IDCW Option - Direct Plan;;INF179KB1HY1;1042.66;1042.66;1042.66;10-Dec-2015
101996;HDFC Overnight Fund - Growth Option;INF179KB1HS3;;2307.4861;2307.4861;2307.4861;10-Dec-2015
119110;HDFC Overnight Fund - Growth Option - Direct Plan;INF179KB1HT1;;2311.3495;2311.3495;2311.3495;10-Dec-2015
101997;HDFC Overnight Fund - IDCW Option (Daily);;INF179KB1IF8;1042.66;1042.66;1042.66;10-Dec-2015

L&T Mutual Fund
118055;L&T Cash Fund - Retail Plan - Growth option;INF677K01AK4;;1889.6493;1889.6493;1889.6493;10-Dec-2015
118062;L&T Cash Fund - Retail Plan - Monthly Dividend Option;INF677K01AN8;INF677K01AO6;1023.4948;1023.4948;1023.4948;10-Dec-2015
118066;L&T Overnight Fund  - Regular Plan - Monthly IDCW;INF917K01EL4;INF917K01EM2;1026.9563;1026.9563;1026.9563;10-Dec-2015
119283;L&T Overnight Fund - Direct Plan - Growth;INF917K01EN0;;1196.6928;1196.6928;1196.6928;10-Dec-2015
119284;L&T Overnight Fund - Direct Plan- Daily IDCW;;INF917K01EO8;1023.3000;1023.3000;1023.3000;10-Dec-2015
119282;L&T Overnight Fund - Direct Plan- Monthly IDCW;INF917K01ER1;;1038.0556;1038.0556;1038.0556;10-Dec-2015
119285;L&T Overnight Fund - Direct Plan- Weekly IDCW;;INF917K01EP5;1001.9785;1001.9785;1001.9785;10-Dec-2015
118056;L&T Overnight Fund - Regular Plan - Daily IDCW;;INF917K01EJ8;1023.3000;1023.3000;1023.3000;10-Dec-2015
118058;L&T Overnight Fund - Regular Plan - Growth;INF917K01EI0;;1179.7953;1179.7953;1179.7953;10-Dec-2015
118065;L&T Overnight Fund - Regular Plan - Weekly IDCW;;INF917K01EK6;1000.5183;1000.5183;1000.5183;10-Dec-2015

SBI Mutual Fund
119831;SBI Overnight Fund - Direct Plan - Daily Income Distribution cum Capital Withdrawal Option (IDCW);;INF200K01TJ7;1009.91;1007.3852;1009.91;10-Dec-2015
119833;SBI OVERNIGHT FUND - DIRECT PLAN - GROWTH;INF200K01TK5;;2521.2189;2514.9159;2521.2189;10-Dec-2015
119832;SBI Overnight Fund - Direct Plan - Weekly Income Distribution cum Capital Withdrawal Option (IDCW);INF200K01TL3;INF200K01TM1;1032.1511;1029.5707;1032.1511;10-Dec-2015
114297;SBI Overnight Fund - Regular Plan - Daily Income Distribution cum Capital Withdrawal Option (IDCW);;INF200K01LN6;1009.91;1007.3852;1009.91;10-Dec-2015
101206;SBI OVERNIGHT FUND - REGULAR PLAN - GROWTH;INF200K01LQ9;;2509.1203;2502.8475;2509.1203;10-Dec-2015
103140;SBI Overnight Fund - Regular Plan - Weekly Income Distribution cum Capital Withdrawal Option (IDCW);INF200K01LO4;INF200K01LP1;1032.1255;1029.5452;1032.1255;10-Dec-2015

UTI Mutual Fund
100814;UTI - Overnight  Fund - Regular Plan - Growth Option;INF789F01604;;20.9319;20.9319;20.9319;10-Dec-2015
120785;UTI - Overnight Fund - Direct Plan - Growth Option;INF789FB1S71;;20.9864;20.9864;20.9864;10-Dec-2015
120786;UTI Overnight Fund - Direct Plan - Periodic IDCW;INF789FB1T05;INF789FB1S97;13.5767;13.5767;13.5767;10-Dec-2015
124265;UTI Overnight Fund - Regular Plan - Daily IDCW;;INF789FB1T13;11.4755;11.4755;0;10-Dec-2015
100813;UTI Overnight Fund - Regular Plan - Periodic IDCW;INF789F01588;INF789F01596;13.3554;13.3554;13.3554;10-Dec-2015

Open Ended Schemes ( Debt Scheme - Liquid Fund )


360 ONE Mutual Fund
125345;360 ONE LIQUID FUND DIRECT PLAN  GROWTH;INF579M01621;;1177.3259;1177.3259;1177.3259;10-Dec-2015
125342;360 ONE LIQUID FUND REGULAR PLAN  DAILY DIVIDEND REINVESTMENT;;INF579M01563;1000.0000;1000.0000;1000.0000;10-Dec-2015
125259;360 ONE LIQUID FUND REGULAR PLAN  GROWTH;INF579M01506;;1176.0964;1176.0964;1176.0964;10-Dec-2015
125337;360 ONE LIQUID FUND REGULAR PLAN  WEEKLY DIVIDEND;INF579M01514;INF579M01571;1005.3785;1005.3785;1005.3785;10-Dec-2015

Aditya Birla Sun Life Mutual Fund
100047;Aditya Birla Sun Life Liquid Fund - Growth;INF209K01RU9;;236.9535;236.9535;236.9535;10-Dec-2015
119568;Aditya Birla Sun Life Liquid Fund - Growth - Direct Plan;INF209K01VA3;;237.4293;237.4293;237.4293;10-Dec-2015
100046;Aditya Birla Sun Life Liquid Fund -Daily IDCW;INF209K01KQ2;INF209K01SQ5;100.1950;100.1950;100.1950;10-Dec-2015
119569;Aditya Birla Sun Life Liquid Fund -Direct - daily IDCW;INF209K01UZ2;;100.1950;100.1950;100.1950;10-Dec-2015
119571;Aditya Birla Sun Life Liquid Fund -DIRECT - IDCW;INF209K01VD7;;128.4108;128.4108;128.4108;10-Dec-2015
119570;Aditya Birla Sun Life Liquid Fund -Direct - weekly IDCW;INF209K01VC9;;100.3467;100.3467;100.3467;10-Dec-2015
100041;Aditya Birla Sun Life Liquid Fund -Institutional - IDCW;;INF209K01KN9;108.0230;108.0230;108.0230;10-Dec-2015
100048;Aditya Birla Sun Life Liquid Fund -Institutional - weekly  IDCW;INF209KA1LK7;INF209K01KY6;108.1975;108.1975;108.1975;10-Dec-2015
100044;Aditya Birla Sun Life Liquid Fund -Retail - IDCW;;INF209K01KP4;163.6940;163.6940;163.6940;10-Dec-2015
100051;Aditya Birla Sun Life Liquid Fund -weekly IDCW;INF209K01KU4;INF209KA1LJ9;100.3451;100.3451;100.3451;10-Dec-2015
112014;Aditya Birla Sun Life Liquid Fund- Discipline Advantage Plan;INF209K01KZ3;;158.9963;158.9963;158.9963;10-Dec-2015
100043;Aditya Birla Sun Life Liquid Fund-Institutional (Growth);INF209K01RT1;;394.5971;394.5971;394.5971;10-Dec-2015
100042;Aditya Birla Sun Life Liquid Fund-Retail (Growth);INF209K01ME4;;384.5203;384.5203;384.5203;10-Dec-2015

Axis Mutual Fund
128954;Axis Liquid Fund - Direct plan - Bonus Option;INF846K01NH4;;1638.9906;1638.9906;1638.9906;10-Dec-2015
120388;Axis Liquid Fund - Direct Plan - Daily IDCW;;INF846K01DA0;1000.3232;1000.3232;1000.3232;10-Dec-2015
120389;Axis Liquid Fund - Direct Plan - Growth Option;INF846K01CX4;;1639.0708;1639.0708;1639.0708;10-Dec-2015
120391;Axis Liquid Fund - Direct Plan - Monthly IDCW;INF846K01CY2;INF846K01CZ9;1002.9288;1002.9288;1002.9288;10-Dec-2015
120390;Axis Liquid Fund - Direct Plan - Weekly IDCW;INF846K01DB8;INF846K01DC6;1002.6919;1002.6919;1002.6919;10-Dec-2015
112211;Axis Liquid Fund - Regular Plan - Daily IDCW;;INF846K01420;1000.3608;1000.3608;1000.3608;10-Dec-2015
112210;Axis Liquid Fund - Regular Plan - Growth Option;INF846K01412;;1636.0223;1636.0223;1636.0223;10-Dec-2015
112213;Axis Liquid Fund - Regular Plan - Monthly IDCW;INF846K01453;INF846K01461;1003.0220;1003.0220;1003.0220;10-Dec-2015
112212;Axis Liquid Fund - Regular Plan - Weekly IDCW;INF846K01438;INF846K01446;1002.6861;1002.6861;1002.6861;10-Dec-2015
112712;Axis Liquid Fund - Retail Plan - Daily IDCW;;INF846K01362;1000.3232;1000.3232;1000.3232;10-Dec-2015
112713;Axis Liquid Fund - Retail Plan - Growth Option;INF846K01354;;1572.8505;1572.8505;1572.8505;10-Dec-2015
112714;Axis Liquid Fund - Retail Plan - Monthly IDCW;INF846K01396;INF846K01404;1002.7019;1002.7019;1002.7019;10-Dec-2015
112715;Axis Liquid Fund - Retail Plan - Weekly IDCW;INF846K01370;INF846K01388;1000.8249;1000.8249;1000.8249;10-Dec-2015

Bandhan Mutual Fund
108692;BANDHAN LIQUID Fund - Regular Plan - Daily IDCW;INF194K01VZ4;INF194K01VY7;1000.4594;1000.4594;1000.4594;10-Dec-2015
108690;BANDHAN LIQUID Fund - Regular Plan - Growth;INF194K01VX9;;1794.6739;1794.6739;1794.6739;10-Dec-2015
108693;BANDHAN LIQUID Fund - Regular Plan - Monthly IDCW;INF194K01WF4;INF194K01WE7;1002.7415;1002.7415;1002.7415;10-Dec-2015
115489;BANDHAN LIQUID Fund - Regular Plan - Periodic IDCW;INF194K01WC1;INF194K01WB3;1183.4871;1183.4871;1183.4871;10-Dec-2015
108691;BANDHAN LIQUID Fund - Regular Plan - Weekly IDCW;INF194K01WI8;INF194K01WH0;1001.6424;1001.6424;1001.6424;10-Dec-2015
118365;BANDHAN LIQUID Fund -Direct Plan -Monthly IDCW;INF194K01J36;INF194K01J28;1009.6730;1009.6730;1009.6730;10-Dec-2015
118367;BANDHAN LIQUID Fund -Direct Plan -Weekly IDCW;INF194KB1JT8;INF194K01J51;1007.3989;1007.3989;1007.3989;10-Dec-2015
118366;BANDHAN LIQUID Fund -Direct Plan-Daily IDCW;;INF194K01I78;1000.6866;1000.6866;1000.6866;10-Dec-2015
118364;BANDHAN LIQUID Fund -Direct Plan-Growth;INF194K01I60;;1797.1505;1797.1505;1797.1505;10-Dec-2015
118363;BANDHAN LIQUID Fund -Direct Plan-Periodic IDCW;INF194K01J02;INF194K01I94;1110.7260;1110.7260;1110.7260;10-Dec-2015
108779;BANDHAN Liquid Fund-Plan A-Dividend (Daily);INF194K01VC3;INF194K01VB5;1058.1900;1058.1900;1058.1900;10-Dec-2015
108778;BANDHAN Liquid Fund-Plan A-Growth;INF194K01UX1;;2551.4784;2551.4784;2551.4784;10-Dec-2015
115486;BANDHAN Liquid Fund-Plan A-Monthly;INF194K01VF6;INF194K01VE9;1002.3984;1002.3984;1002.3984;10-Dec-2015
108607;BANDHAN Liquid Fund - Plan A-Dividend (Weekly);INF194K01VI0;INF194K01VH2;1002.0246;1002.0246;1002.0246;10-Dec-2015
108781;BANDHAN Liquid Fund - Plan B (G) (Institutional Plan);INF194K01VK6;;2584.1752;2584.1752;2584.1752;10-Dec-2015

Bank of India Mutual Fund
119368;BANK OF INDIA Liquid Fund- Direct Plan- Daily IDCW;;INF761K01CL0;1002.6483;1002.6483;1002.6483;10-Dec-2015
119369;BANK OF INDIA Liquid Fund- Direct Plan- Growth;INF761K01785;;1703.2073;1703.2073;1703.2073;10-Dec-2015
119370;BANK OF INDIA Liquid Fund- Direct Plan- Weekly IDCW;;INF761K01CM8;1062.1846;1062.1846;1062.1846;10-Dec-2015
111971;BANK OF INDIA Liquid Fund- Regular Plan- Daily IDCW;;INF761K01CO4;1002.1069;1002.1069;1002.1069;10-Dec-2015
109254;BANK OF INDIA Liquid Fund- Regular Plan- Growth;INF761K01306;;1698.2123;1698.2123;1698.2123;10-Dec-2015
109255;BANK OF INDIA Liquid Fund- Regular Plan- Weekly IDCW;;INF761K01CP1;1001.8957;1001.8957;1001.8957;10-Dec-2015

Baroda BNP Paribas Mutual Fund
119414;Baroda BNP Paribas LIQUID FUND - DIRECT PLAN - DAILY IDCW OPTION;INF955L01AK2;;1001.1191;1001.1191;1001.1191;10-Dec-2015
119415;Baroda BNP Paribas LIQUID FUND - DIRECT PLAN - GROWTH OPTION;INF955L01AL0;;1696.8971;1696.8971;1696.8971;10-Dec-2015
119416;Baroda BNP Paribas LIQUID FUND - DIRECT PLAN - WEEKLY IDCW OPTION;INF251K01SL8;;1224.8467;1224.8467;1224.8467;10-Dec-2015
125129;Baroda BNP Paribas Liquid Fund - Plan B (Direct) - Bonus Option;INF955L01DS9;;1697.1877;1697.1877;1697.1877;10-Dec-2015
111707;Baroda BNP Paribas LIQUID FUND - Regular Plan - DAILY IDCW OPTION;INF955L01468;INF955L01476;1001.1191;1001.1191;1001.1191;10-Dec-2015
111704;Baroda BNP Paribas LIQUID FUND - Regular Plan - GROWTH OPTION;INF955L01484;;1692.6326;1692.6326;1692.6326;10-Dec-2015
111705;Baroda BNP Paribas LIQUID FUND - Regular Plan - WEEKLY IDCW OPTION;INF251K01SK0;INF955L01500;1000.6052;1000.6052;1000.6052;10-Dec-2015
101408;Baroda BNP Paribas LIQUID FUND- Defunct Plan -Growth Option;INF955L01575;;2512.7128;2512.7128;2512.7128;10-Dec-2015
101407;Baroda BNP Paribas LIQUID FUND-Defunct Plan- IDCW Option;INF955L01559;INF955L01567;2152.7847;2152.7847;2152.7847;10-Dec-2015
101409;Baroda BNP Paribas LIQUID FUND-Defunct Plan-Daily IDCW Option;INF955L01518;INF955L01526;1006.0600;1006.0600;1006.0600;10-Dec-2015

BNP Paribas Mutual Fund
130473;BNP PARIBAS LIQUID FUND - DAILY Income Distribution cum Capital Withdrawal OPTION;;INF251K01NK1;1000.4900;1000.4900;1000.4900;10-Dec-2015
130489;BNP PARIBAS LIQUID Fund - DIRECT PLAN - MONTHLY Income Distribution cum Capital Withdrawal OPTION;INF251K01NR6;INF251K01NS4;1002.6261;1002.6261;1002.6261;10-Dec-2015
130486;BNP PARIBAS LIQUID FUND - DIRECT PLAN -- DAILY Income Distribution cum Capital Withdrawal OPTION;;INF251K01NP0;1000.4900;1000.4900;1000.4900;10-Dec-2015
130472;BNP PARIBAS LIQUID FUND - GROWTH OPTION;INF251K01NJ3;;2268.1288;2268.1288;2268.1288;10-Dec-2015
130476;BNP PARIBAS LIQUID FUND - MONTHLY Income Distribution cum Capital Withdrawal OPTION;INF251K01NM7;INF251K01NN5;1002.5847;1002.5847;1002.5847;10-Dec-2015
130459;BNP PARIBAS LIQUID FUND - REGULAR PLAN - GROWTH OPTION;INF251K01NF1;;2149.0246;2149.0246;2149.0246;10-Dec-2015
130471;BNP PARIBAS LIQUID FUND - REGULAR PLAN - MONTHLY DIVIDEND OPTION;INF251K01NH7;INF251K01NI5;1002.5753;1002.5753;1002.5753;10-Dec-2015
130465;BNP PARIBAS LIQUID FUND - REGULAR PLAN - WEEKLY Income Distribution cum Capital Withdrawal OPTION;;INF251K01NG9;1000.2200;1000.2200;1000.2200;10-Dec-2015
130474;BNP PARIBAS LIQUID FUND - WEEKLY Income Distribution cum Capital Withdrawal OPTION;;INF251K01NL9;1000.2200;1000.2200;1000.2200;10-Dec-2015
130479;BNP PARIBAS LIQUID FUND -- DIRECT PLAN - GROWTH OPTION;INF251K01NO3;;2274.4289;2274.4289;2274.4289;10-Dec-2015
130487;BNP PARIBAS LIQUID FUND -- DIRECT PLAN - WEEKLY Income Distribution cum Capital Withdrawal OPTION;;INF251K01NQ8;1000.2200;1000.2200;1000.2200;10-Dec-2015

Canara Robeco Mutual Fund
118307;CANARA ROBECO LIQUID FUND - DIRECT PLAN - DAILY IDCW (Reinvestment);;INF760K01FS0;1005.5000;1005.5000;1005.5000;10-Dec-2015
118305;CANARA ROBECO LIQUID FUND - DIRECT PLAN - GROWTH OPTION;INF760K01FU6;;1795.2220;1795.2220;1795.2220;10-Dec-2015
118304;CANARA ROBECO LIQUID FUND - DIRECT PLAN - IDCW (Payout/Reinvestment);INF760K01FT8;;1285.2638;1285.2638;1285.2638;10-Dec-2015
118306;CANARA ROBECO LIQUID FUND - DIRECT PLAN - MONTHLY IDCW (Payout/Reinvestment);INF760K01FV4;INF760K01FW2;1002.9987;1002.9987;1002.9987;10-Dec-2015
118308;CANARA ROBECO LIQUID FUND - DIRECT PLAN - WEEKLY IDCW (Payout/Reinvestment);INF760K01FY8;INF760K01FX0;1000.2073;1000.2073;1000.2073;10-Dec-2015
109349;CANARA ROBECO LIQUID FUND - REGULAR PLAN - DAILY IDCW (Reinvestment);;INF760K01CU3;1005.5000;1005.5000;1005.5000;10-Dec-2015
109353;CANARA ROBECO LIQUID FUND - REGULAR PLAN - GROWTH OPTION;INF760K01CW9;;1792.6394;1792.6394;1792.6394;10-Dec-2015
109351;CANARA ROBECO LIQUID FUND - REGULAR PLAN - MONTHLY IDCW (Payout/Reinvestment);INF760K01CX7;INF760K01CY5;1002.9719;1002.9719;1002.9719;10-Dec-2015
109350;CANARA ROBECO LIQUID FUND - REGULAR PLAN - WEEKLY IDCW (Payout/Reinvestment);INF760K01BZ4;INF760K01CZ2;1000.2067;1000.2067;1000.2067;10-Dec-2015
101363;Canara Robeco Liquid Fund- INSTITUTIONAL-Daily Dividend Reinvestment;;INF760K01CC1;1005.5000;1005.5000;1005.5000;10-Dec-2015
101362;Canara Robeco Liquid Fund- INSTITUTIONAL-Growth;INF760K01CD9;;2630.0835;2630.0835;2630.0835;10-Dec-2015
101364;Canara Robeco Liquid Fund-Retail-DRI;;INF760K01CF4;1007.0000;1007.0000;1007.0000;10-Dec-2015
101365;Canara Robeco Liquid Fund-Retail-Growth;INF760K01CH0;;2559.3473;2559.3473;2559.3473;10-Dec-2015
109347;Canara Robeco Liquid Fund-Retail-Monthly Div Reinvest;;INF760K01CI8;1008.3698;1008.3698;1008.3698;10-Dec-2015
109356;Canara Robeco Liquid Fund-Retail-Weekly Div Reinvest;;INF760K01CJ6;1005.6917;1005.6917;1005.6917;10-Dec-2015

DSP Mutual Fund
119125;DSP Liquidity Fund - Direct Plan - Growth;INF740K01QL4;;2114.7694;2114.7694;2114.7694;10-Dec-2015
119124;DSP Liquidity Fund - Direct Plan - IDCW - Daily;;INF740KA1OB6;1000.6027;1000.6027;1000.6027;10-Dec-2015
119123;DSP Liquidity Fund - Direct Plan - IDCW - Weekly;INF740KA1OC4;INF740KA1OD2;1000.5519;1000.5519;1000.5519;10-Dec-2015
103347;DSP Liquidity Fund - Regular Plan - Growth;INF740K01FK9;;2110.5239;2110.5239;2110.5239;10-Dec-2015
103348;DSP Liquidity Fund - Regular Plan - IDCW - Weekly;INF740K01FM5;INF740K01FL7;1000.5519;1000.5519;1000.5519;10-Dec-2015
103349;DSP Liquidity Fund- Regular Plan - IDCW - Daily;;INF740KA1OE0;1000.6027;1000.6027;1000.6027;10-Dec-2015
100943;DSP BlackRock Liquidity Fund - Regular Plan - Daily Dividend;;;10.0100;10.0100;10.0100;10-Dec-2015
100940;DSP BlackRock Liquidity Fund - Regular Plan - Growth;INF740K01CN0;;34.6699;34.6699;34.6699;10-Dec-2015
100941;DSP BlackRock Liquidity Fund - Regular Plan Weekly Dividend;;;12.4104;12.4104;12.4104;10-Dec-2015

Franklin Templeton Mutual Fund
100541;Franklin India Liquid Fund - Regular Plan - Daily - IDCW;;INF090I01BA3;1512.3400;1512.3400;1512.3400;10-Dec-2015
100538;Franklin India Liquid Fund - Regular Plan - Growth;INF090I01BB1;;3538.5723;3538.5723;3538.5723;10-Dec-2015
100537;Franklin India Liquid Fund - Regular Plan - Weekly - IDCW;INF090I01BL0;INF090I01BI6;1245.2320;1245.2320;1245.2320;10-Dec-2015
118577;Franklin India Liquid Fund - Super Institutional - Direct - Growth;INF090I01JV2;;2210.7559;2210.7559;2210.7559;10-Dec-2015
100547;Franklin India Liquid Fund - Super Institutional Plan - Daily - IDCW;;INF090I01BF2;1000.7164;1000.7164;1000.7164;10-Dec-2015
118578;Franklin India Liquid Fund - Super Institutional Plan - Direct - Daily - IDCW;INF090I01JW0;;1001.8518;1001.8518;1001.8518;10-Dec-2015
118579;Franklin India Liquid Fund - Super Institutional Plan - Direct - Weekly - IDCW;INF090I01JX8;INF090I01JY6;1022.2161;1022.2161;1022.2161;10-Dec-2015
100546;Franklin India Liquid Fund - Super Institutional Plan - Growth;INF090I01BG0;;2207.1149;2207.1149;2207.1149;10-Dec-2015
100548;Franklin India Liquid Fund - Super Institutional Plan - Weekly - IDCW;INF090I01BM8;INF090I01BH8;1021.9432;1021.9432;1021.9432;10-Dec-2015
102441;Franklin India Liquid Fund - Institution-Growth;INF090I01BD7;;2275.4674;2275.4674;2275.4674;10-Dec-2015
102443;Franklin India Liquid Fund - Institutional Plan - Daily - IDCW;;INF090I01BC9;1000.6730;1000.6730;1000.6730;10-Dec-2015
102442;Franklin India Liquid Fund - Institutional Plan - Weekly - IDCW;INF090I01BJ4;INF090I01BE5;1055.5152;1055.5152;1055.5152;10-Dec-2015

Groww Mutual Fund
119135;Groww Liquid Fund ( formerly known as Indiabulls Liquid )Fund - Direct Plan - Growth Option;INF666M01451;;1440.6838;1440.6838;1440.6838;10-Dec-2015
119136;Groww Liquid Fund (formerly known as Indiabulls Liquid Fund) - Direct Plan- - Income Distribution cum capital withdrawal Option ( Reinvestment);;INF666M01469;1000.4324;1000.4324;1000.4324;10-Dec-2015
115991;Groww Liquid Fund (formerly known as Indiabulls Liquid Fund) - Regular Plan - Growth Option;INF666M01014;;1436.7316;1436.7316;1436.7316;10-Dec-2015
119139;Groww Liquid Fund (formerly known as Indiabulls Liquid Fund)- Direct Plan- Monthly - Income Distribution cum capital withdrawal Option (Payout & Reinvestment);INF666M01519;INF666M01493;1002.1090;1002.1090;1002.1090;10-Dec-2015
119137;Groww Liquid Fund (formerly known as Indiabulls Liquid Fund)- Direct Plan- Weekly - Income Distribution cum capital withdrawal Option (Payout & Reinvestment);INF666M01527;INF666M01477;1003.5745;1003.5745;1003.5745;10-Dec-2015
115992;Groww Liquid Fund (formerly known as Indiabulls Liquid Fund)- Regular Plan- - Income Distribution cum capital withdrawal Option (Reinvestment);;INF666M01022;1000.5175;1000.5175;1000.5175;10-Dec-2015
115993;Groww Liquid Fund (formerly known as Indiabulls Liquid Fund)- Regular Plan- Weekly - Income Distribution cum capital withdrawal Option (Payout & Reinvestment);INF666M01089;INF666M01030;1002.2149;1002.2149;1002.2149;10-Dec-2015

HDFC Mutual Fund
119091;HDFC Liquid Fund - Growth Option - Direct Plan;INF179KB1HP9;;2918.2595;2918.2595;2918.2595;10-Dec-2015
100868;HDFC Liquid Fund - Growth Plan;INF179KB1HK0;;2913.3649;2913.3649;2913.3649;10-Dec-2015
100875;HDFC Liquid Fund - IDCW Daily;;INF179KB1IC5;1019.82;1019.82;1019.82;10-Dec-2015
119089;HDFC Liquid Fund - IDCW Daily - Direct Plan;;INF179KB1HV7;1019.82;1019.82;1019.82;10-Dec-2015
100876;HDFC Liquid Fund - IDCW Monthly;INF179KB1HM6;INF179KB1HL8;1028.3193;1028.3193;1028.3193;10-Dec-2015
119090;HDFC Liquid Fund - IDCW Monthly - Direct Plan;INF179KB1HO2;INF179KB1HQ7;1028.3333;1028.3333;1028.3333;10-Dec-2015
100874;HDFC Liquid Fund - IDCW Plan Weekly;INF179KB1ID3;;1031.6328;1031.6328;1031.6328;10-Dec-2015
119088;HDFC Liquid Fund - IDCW Weekly - Direct Plan;;;1031.637;1031.637;1031.637;10-Dec-2015
100877;HDFC Liquid Fund-Premium Plan - Dividend-Daily;;INF179K01KN4;1225.98;1225.98;1225.98;10-Dec-2015
100873;HDFC Liquid Fund-PREMIUM- Growth;INF179KB1HN4;;2963.8159;2963.8159;2963.8159;10-Dec-2015

HSBC Mutual Fund
118910;HSBC Cash Fund - Institutional Plan - Growth;INF336L01BT4;;2333.8733;2333.8733;2333.8733;10-Dec-2015
120038;HSBC Liquid Fund -  Growth Direct;INF336L01CC8;;1474.5614;1474.5614;1474.5614;10-Dec-2015
120037;HSBC Liquid Fund - Direct Daily IDCW;;INF336L01CB0;1000.56;1000.56;1000.56;10-Dec-2015
120039;HSBC Liquid Fund - Direct Monthly IDCW;INF336L01BZ1;INF336L01CA2;1003.0268;1003.0268;1003.0268;10-Dec-2015
120040;HSBC Liquid Fund - Direct Weekly IDCW;INF336L01LK2;INF336L01CD6;1110.9198;1110.9198;1110.9198;10-Dec-2015
118907;HSBC Liquid Fund - Growth;INF336L01BL1;;2251.0805;2251.0805;2251.0805;10-Dec-2015
118906;HSBC Liquid Fund - IDCW;;INF336L01BK3;1019.3;1019.3;1019.3;10-Dec-2015
118909;HSBC Liquid Fund - Institutional Daily IDCW;;INF336L01BS6;1101.1927;1101.1927;1101.1927;10-Dec-2015
118901;HSBC Liquid Fund - Regular Daily IDCW;;INF336L01BM9;1000.56;1000.56;1000.56;10-Dec-2015
118902;HSBC Liquid Fund - Regular Growth;INF336L01BN7;;1472.7772;1472.7772;1472.7772;10-Dec-2015
118903;HSBC Liquid Fund - Regular Monthly IDCW;INF336L01BP2;INF336L01BO5;1002.8249;1002.8249;1002.8249;10-Dec-2015
118904;HSBC Liquid Fund - Regular Weekly IDCW;INF336L01LJ4;INF336L01BQ0;1110.925;1110.925;1110.925;10-Dec-2015
118908;HSBC Liquid Fund - Weekly IDCW;;INF336L01BR8;1001.9079;1001.9079;1001.9079;10-Dec-2015

ICICI Prudential Mutual Fund
100357;ICICI Prudential Liquid Fund -Quarterly IDCW;INF109K01UU5;INF109K01UT7;101.8771;101.8771;101.8771;10-Dec-2015
100359;ICICI Prudential Liquid Institutional Plus Fund - Div - Daily;INF109K01VJ6;;118.5152;118.5152;118.5152;10-Dec-2015
130933;ICICI Prudential Liquid Fund - Bonus;INF109KA1G94;;110.6237;110.6237;110.6237;10-Dec-2015
103343;ICICI Prudential Liquid Fund - Daily IDCW;INF109K01VP3;;100.0636;100.0636;100.0636;10-Dec-2015
120198;ICICI Prudential Liquid Fund - Direct Plan -  Annual IDCW;INF109K01P99;INF109K01Q07;101.7865;101.7865;101.7865;10-Dec-2015
120187;ICICI Prudential Liquid Fund - Direct Plan -  Half Yearly IDCW;INF109K01Q56;INF109K01Q64;106.1214;106.1214;106.1214;10-Dec-2015
120191;ICICI Prudential Liquid Fund - Direct Plan -  IDCW Others;INF109K01Q31;INF109K01Q23;110.4445;110.4445;110.4445;10-Dec-2015
120188;ICICI Prudential Liquid Fund - Direct Plan - Daily IDCW;;INF109K01Q15;100.0565;100.0565;100.0565;10-Dec-2015
120197;ICICI Prudential Liquid Fund - Direct Plan - Growth;INF109K01Q49;;218.8847;218.8847;218.8847;10-Dec-2015
120189;ICICI Prudential Liquid Fund - Direct Plan - Monthly IDCW;INF109K01R06;;100.4519;100.4519;100.4519;10-Dec-2015
120196;ICICI Prudential Liquid Fund - Direct Plan - Quarterly IDCW;INF109K01Q72;INF109K01Q80;102.6520;102.6520;102.6520;10-Dec-2015
120190;ICICI Prudential Liquid Fund - Direct Plan - Weekly IDCW;INF109K01Q98;;100.2425;100.2425;100.2425;10-Dec-2015
130934;ICICI Prudential Liquid Fund - Direct Plan Bonus;INF109KA1G86;;110.7136;110.7136;110.7136;10-Dec-2015
103340;ICICI Prudential Liquid Fund - Growth;INF109K01VQ1;;218.4948;218.4948;218.4948;10-Dec-2015
104308;ICICI Prudential Liquid Fund - Half Yearly IDCW;INF109K01UX9;INF109K01UW1;105.0705;105.0705;105.0705;10-Dec-2015
115505;ICICI Prudential Liquid Fund - IDCW Others;INF109K01VU3;INF109K01VT5;110.3684;110.3684;110.3684;10-Dec-2015
103344;ICICI Prudential Liquid Fund - Institutional Option - I;INF109K01VH0;;208.3673;208.3673;208.3673;10-Dec-2015
103342;ICICI Prudential Liquid Fund - Weekly IDCW;INF109K01VS7;;100.2168;100.2168;100.2168;10-Dec-2015
103341;ICICI Prudential Liquid Fund -Monthly IDCW;INF109K01VR9;;100.2993;100.2993;100.2993;10-Dec-2015
112119;ICICI Prudential Liquid Fund-Annual IDCW;INF109K01VD9;INF109K01VC1;101.7679;101.7679;101.7679;10-Dec-2015
101748;ICICI Prudential Liquid Fund - Institutional - Daily - Div;INF109K01VE7;;118.5022;118.5022;118.5022;10-Dec-2015
101754;ICICI Prudential Liquid Fund Retail Daily Dividend;INF109K01UR1;;118.5142;118.5142;118.5142;10-Dec-2015
101750;ICICI Prudential Liquid Fund Retail Growth;INF109K01UQ3;;341.4250;341.4250;341.4250;10-Dec-2015
101755;ICICI Prudential Liquid Fund Retail Monthly Dividend;INF109K01US9;;100.3500;100.3500;100.3500;10-Dec-2015
101752;ICICI Prudential Liquid Fund Retail Weekly Dividend;INF109K01UV3;;118.8886;118.8886;118.8886;10-Dec-2015
101751;ICICI Prudential Liquid Institutional Fund - Growth;INF109K01VF4;;350.1732;350.1732;350.1732;10-Dec-2015

IDBI Mutual Fund
126163;IDBI Liquid Fund Bonus Direct;INF397L01FP5;;1188.3877;1188.3877;1188.3877;10-Dec-2015
126164;IDBI Liquid Fund Bonus Regular;INF397L01FO8;;1185.0523;1185.0523;1185.0523;10-Dec-2015
118345;IDBI Liquid Fund Growth Direct;INF397L01AH3;;1584.5194;1584.5194;1584.5194;10-Dec-2015
113104;IDBI Liquid Fund- Monthly IDCW;INF397L01976;INF397L01968;1006.2767;1006.2767;1006.2767;10-Dec-2015
118449;IDBI Liquid Fund- Monthly IDCW Direct;INF397L01AK7;INF397L01AJ9;1004.4261;1004.4261;1004.4261;10-Dec-2015
113102;IDBI Liquid Fund-Daily IDCW;;INF397L01935;1005.1234;1005.1234;1005.1234;10-Dec-2015
118450;IDBI Liquid Fund-Daily IDCW Direct;;INF397L01AI1;1001.0974;1001.0974;1001.0974;10-Dec-2015
113096;IDBI Liquid Fund-Growth;INF397L01984;;1580.0666;1580.0666;1580.0666;10-Dec-2015
113103;IDBI Liquid Fund-Weekly IDCW;INF397L01950;INF397L01943;1006.7860;1006.7860;1006.7860;10-Dec-2015
118451;IDBI Liquid Fund-Weekly IDCW Direct;INF397L01AM3;INF397L01AL5;1003.1771;1003.1771;1003.1771;10-Dec-2015

Invesco Mutual Fund
122786;Invesco India Liquid Fund - Bonus Option;INF205K01UX5;;2031.2085;2031.2085;2031.2085;10-Dec-2015
104484;Invesco India Liquid Fund - Daily IDCW (Reinvestment);;INF205K01HN3;1001.2154;1001.2154;1001.2154;10-Dec-2015
120537;Invesco India Liquid Fund - Direct Plan - Growth;INF205K01MF9;;2035.0578;2035.0578;2035.0578;10-Dec-2015
120536;Invesco India Liquid Fund - Direct Plan - Monthly IDCW (Payout / Reinvestment);INF205K01MG7;INF205K01MH5;1018.0803;1018.0803;1018.0803;10-Dec-2015
120535;Invesco India Liquid Fund - Direct Plan - Weekly IDCW (Reinvestment);;INF205K01MI3;1001.1108;1001.1108;1001.1108;10-Dec-2015
120534;Invesco India Liquid Fund - Direct Plan- Daily IDCW (Reinvestment);;INF205K01ME2;1000.7900;1000.7900;1000.7900;10-Dec-2015
104486;Invesco India Liquid Fund - Growth;INF205K01HM5;;2031.2045;2031.2045;2031.2045;10-Dec-2015
104492;Invesco India Liquid Fund - Monthly IDCW (Payout / Reinvestment);INF205K01HQ6;INF205K01HP8;1005.5836;1005.5836;1005.5836;10-Dec-2015
104488;Invesco India Liquid Fund - Regular - Growth;INF205K01HG7;;1895.3422;1895.3422;1895.3422;10-Dec-2015
104489;Invesco India Liquid Fund - Regular - Weekly IDCW (Reinvestment);;INF205K01HH5;1001.1454;1001.1454;1001.1454;10-Dec-2015
104485;Invesco India Liquid Fund - Weekly IDCW (Reinvestment);;INF205K01HO1;1001.1052;1001.1052;1001.1052;10-Dec-2015

JM Financial Mutual Fund
100238;JM High Liquidity Fund-Institutional Plan - Daily Dividend;;INF192K01916;10.0159;10.0159;10.0159;10-Dec-2015
120410;JM Liquid Fund (Direct) - Bonus Option - Bonus Option - Principal units;INF192K01CN4;;12.9695;12.9695;12.9695;10-Dec-2015
120411;JM Liquid Fund (Direct) - Daily IDCW;;INF192K01CH6;10.4302;10.4302;10.4302;10-Dec-2015
120406;JM Liquid Fund (Direct) - Growth Option;INF192K01CM6;;40.4213;40.4213;40.4213;10-Dec-2015
120408;JM Liquid Fund (Direct) - Quarterly IDCW;INF192K01CK0;INF192K01CL8;22.9270;22.9270;22.9270;10-Dec-2015
120407;JM Liquid Fund (Direct) - Weekly IDCW;INF192K01CI4;INF192K01CJ2;11.0106;11.0106;11.0106;10-Dec-2015
100244;JM Liquid Fund (Regular) - Quarterly IDCW;INF192K01866;INF192K01874;22.8246;22.8246;22.8246;10-Dec-2015
100247;JM Liquid Fund (Regular) - Super Institutional Plan - Growth Option;INF192K01981;;23.1883;23.1883;23.1883;10-Dec-2015
100233;JM Liquid Fund (Regular) - Weekly IDCW;INF192K01841;INF192K01858;11.0080;11.0080;11.0080;10-Dec-2015
100234;JM Liquid Fund - Growth Option;INF192K01882;;40.3258;40.3258;40.3258;10-Dec-2015
101549;JM Liquid Fund (Regular) - Bonus Option - Principal Units;INF192K01890;;12.9124;12.9124;12.9124;10-Dec-2015
101078;JM Liquid Fund (Regular) - Daily IDCW;;INF192K01833;10.4302;10.4302;10.4302;10-Dec-2015

Kotak Mahindra Mutual Fund
119764;Kotak Liquid Fund - Direct Plan - Daily Reinvestment of Income Distribution cum capital withdrawal option;;INF174K01NH1;1222.81;1222.81;1222.81;10-Dec-2015
119766;Kotak Liquid Fund - Direct Plan - Growth;INF174K01NE8;;2999.5278;2999.5278;2999.5278;10-Dec-2015
100833;Kotak Liquid Fund - Regular  - Daily Reinvestment of Income Distribution cum capital withdrawal option;;INF174K01NL3;1222.81;1222.81;1222.81;10-Dec-2015
100835;Kotak Liquid Fund - Regular Plan - Growth;INF174K01NI9;;2995.2628;2995.2628;2995.2628;10-Dec-2015
119765;Kotak Liquid Fund - Weekly  Payout of Income Distribution cum capital withdrawal option - Direct;INF174K01NF5;INF174K01NG3;1005.7228;1005.7228;1005.7228;10-Dec-2015
100834;Kotak Liquid Fund Regular Plan Weekly Reinvestment of Income Distribution cum capital withdrawal option Dividend;INF174K01NK5;;1000.5979;1000.5979;1000.5979;10-Dec-2015
100830;Kotak Liquid-Institutional Plan  (Growth);INF174K01FZ9;;2859.8821;2859.8821;2859.8821;10-Dec-2015
100828;Kotak Liquid-Regular (Dividend);;INF174K01FY2;1002.7318;1002.7318;1002.7318;10-Dec-2015
100829;Kotak Liquid-Regular (Growth);INF174K01NM1;;2723.5793;2723.5793;2723.5793;10-Dec-2015

L&T Mutual Fund
122235;L&T Liquid Fund - Direct Plan - Weekly IDCW;;INF917K01HE2;1001.0373;1001.0373;1001.0373;10-Dec-2015
119791;L&T Liquid Fund - Direct Plan -Daily IDCW;INF917K01HG7;;1012.1732;1012.1732;1012.1732;10-Dec-2015
119790;L&T Liquid Fund - Direct Plan -Growth;INF917K01HF9;;2027.7065;2027.7065;2027.7065;10-Dec-2015
112458;L&T Liquid Fund - Regular Plan - Weekly IDCW;INF917K01BK2;INF917K01JG3;1001.5570;1001.5570;1001.5570;10-Dec-2015
129924;L&T Liquid Fund -Regular Plan - Bonus;INF917K01QH6;;2024.6611;2024.6611;2024.6611;10-Dec-2015
112445;L&T Liquid Fund -Regular Plan - Daily IDCW;INF917K01JB4;;1011.6349;1011.6349;1011.6349;10-Dec-2015
112457;L&T Liquid Fund -Regular Plan - Growth;INF917K01JH1;;2024.5331;2024.5331;2024.5331;10-Dec-2015
112442;L&T Liquid Fund-Regular Cumulative;INF917K01BF2;;2821.6630;2821.6630;2821.6630;10-Dec-2015

LIC Mutual Fund
120248;LIC MF Liquid Fund-Direct Plan-Daily IDCW;INF767K01DL5;INF767K01DM3;1098.0000;1098.0000;1098.0000;10-Dec-2015
120249;LIC MF Liquid Fund-Direct Plan-Growth;INF767K01DN1;;2680.4626;2680.4626;2680.4626;10-Dec-2015
101184;LIC MF Liquid Fund-Regular Plan-Daily IDCW;INF767K01IQ3;INF767K01IR1;1098.0000;1098.0000;1098.0000;10-Dec-2015
101185;LIC MF Liquid Fund-Regular Plan-Growth;INF767K01IS9;;2675.7164;2675.7164;2675.7164;10-Dec-2015

Mirae Asset Mutual Fund
118859;Mirae Asset Liquid Fund - Direct Plan - Growth;INF769K01CM1;;1566.5474;1566.5474;1566.5474;10-Dec-2015
118862;Mirae Asset Liquid Fund - Direct Plan - Weekly IDCW;;INF769K01CP4;1200.7710;1200.7710;1200.7710;10-Dec-2015
118861;Mirae Asset Liquid Fund - Direct Plan -Daily IDCW;;INF769K01CO7;1068.8621;1068.8621;1068.8621;10-Dec-2015
111647;Mirae Asset Liquid Fund - Regular - Daily IDCW;;INF769K01804;1059.6200;1059.6200;1059.6200;10-Dec-2015
111646;Mirae Asset Liquid Fund - Regular Plan - Growth;INF769K01788;;1554.5229;1554.5229;1554.5229;10-Dec-2015
111645;Mirae Asset Liquid Fund - Regular Plan - Monthly IDCW;INF769K01838;INF769K01820;1147.9587;1147.9587;1147.9587;10-Dec-2015
111644;Mirae Asset Liquid Fund - Regular Plan - Weekly IDCW;;INF769K01812;1145.4582;1145.4582;1145.4582;10-Dec-2015

Navi Mutual Fund
119163;Navi Liquid Fund - Direct Plan Daily IDCW - ReInvestment;;INF959L01GK1;1001.2900;1001.2900;1001.2900;10-Dec-2015
119161;Navi Liquid Fund - Direct Plan Monthly IDCW - Payout;INF959L01GG9;INF959L01GH7;1003.9692;1003.9692;1003.9692;10-Dec-2015
119162;Navi Liquid Fund - Direct Plan Weekly IDCW - Payout;INF959L01GI5;INF959L01GJ3;1001.0495;1001.0495;1001.0495;10-Dec-2015
112645;Navi Liquid Fund - Regular Plan Daily IDCW;;INF959L01GM7;1001.2900;1001.2900;1001.2900;10-Dec-2015
112647;Navi Liquid Fund - Regular Plan Monthly IDCW;INF959L01GN5;INF959L01GO3;1003.9016;1003.9016;1003.9016;10-Dec-2015
112646;Navi Liquid Fund - Regular Plan Weekly IDCW;INF959L01GP0;INF959L01GQ8;1001.0717;1001.0717;1001.0717;10-Dec-2015
119164;Navi Liquid Fund-Direct Plan-Growth Option;INF959L01GF1;;1624.3508;1624.3508;1624.3508;10-Dec-2015
112636;Navi Liquid Fund-Regular Plan-Growth Option;INF959L01GL9;;1621.0835;1621.0835;1621.0835;10-Dec-2015

Nippon India Mutual Fund
100852;NIPPON INDIA LIQUID FUND - DAILY IDCW OPTION;;INF204K01UM1;1528.7400;1528.7400;1528.7400;10-Dec-2015
118695;NIPPON INDIA LIQUID FUND - DIRECT Plan - DAILY IDCW OPTION;;INF204K01ZG2;1528.7400;1528.7400;1528.7400;10-Dec-2015
118696;NIPPON INDIA LIQUID FUND - DIRECT Plan - MONTHLY IDCW OPTION;INF204K01ZI8;INF204K01ZJ6;1594.3184;1594.3184;1594.3184;10-Dec-2015
118698;NIPPON INDIA LIQUID FUND - DIRECT Plan - QUARTERLY IDCW OPTION;INF204K01ZK4;INF204K01ZL2;1022.8031;1022.8031;1022.8031;10-Dec-2015
118700;NIPPON INDIA LIQUID FUND - DIRECT Plan - WEEKLY IDCW OPTION;INF204KC1FN6;INF204K01ZM0;1532.1285;1532.1285;1532.1285;10-Dec-2015
118701;Nippon India Liquid Fund - Direct Plan Growth Plan - Growth Option;INF204K01ZH0;;3605.7072;3605.7072;3605.7072;10-Dec-2015
100855;NIPPON INDIA LIQUID FUND - MONTHLY IDCW OPTION;INF204K01UO7;INF204K01UP4;1590.9123;1590.9123;1590.9123;10-Dec-2015
112340;NIPPON INDIA LIQUID FUND - QUARTERLY IDCW OPTION;INF204K01UQ2;INF204K01UR0;1019.8824;1019.8824;1019.8824;10-Dec-2015
100837;Nippon India Liquid Fund - Retail Option - Growth Plan;INF204K01UL3;;3407.0355;3407.0355;3407.0355;10-Dec-2015
100842;NIPPON INDIA LIQUID FUND - RETAIL Plan - DAILY IDCW OPTION;;INF204K01UJ7;1524.2800;1524.2800;1524.2800;10-Dec-2015
100843;NIPPON INDIA LIQUID FUND - RETAIL plan - MONTHLY IDCW OPTION;INF204K01UT6;INF204K01UU4;1332.0074;1332.0074;1332.0074;10-Dec-2015
100844;NIPPON INDIA LIQUID FUND - RETAIL Plan - QUARTERLY IDCW OPTION;INF204K01UV2;INF204K01UW0;1233.7228;1233.7228;1233.7228;10-Dec-2015
100838;NIPPON INDIA LIQUID FUND - RETAIL Plan - WEEKLY IDCW OPTION;;INF204K01UK5;1035.2329;1035.2329;1035.2329;10-Dec-2015
100853;NIPPON INDIA LIQUID FUND - WEEKLY IDCW OPTION;INF204KC1FM8;INF204K01US8;1532.1035;1532.1035;1532.1035;10-Dec-2015
100851;Nippon India Liquid Fund -Growth Plan;INF204K01UN9;;3597.3148;3597.3148;3597.3148;10-Dec-2015
118610;Reliance Liquid Fund - Cash Plan - Direct Plan - Growth Plan - Growth Option;;;2383.9656;2383.9656;2383.9656;10-Dec-2015
118618;Reliance Liquid Fund - Cash Plan - Direct Plan Daily Dividend Reinvestment Option;;;1114.1500;1114.1500;1114.1500;10-Dec-2015
118609;Reliance Liquid Fund - Cash Plan - Direct Plan Monthly Dividend Plan;;;1006.9462;1006.9462;1006.9462;10-Dec-2015
118612;Reliance Liquid Fund - Cash Plan - Direct Plan Quarterly Dividend Plan;;;1026.9849;1026.9849;1026.9849;10-Dec-2015
118611;Reliance Liquid Fund - Cash Plan - Direct Plan Weekly Dividend Reinvestment Option;;;1092.9856;1092.9856;1092.9856;10-Dec-2015
100849;Reliance Liquid Fund-Cash Plan-Daily Dividend Reinvestment Option;;;1114.1500;1114.1500;1114.1500;10-Dec-2015
100845;Reliance Liquid Fund-Cash Plan-Growth Plan;;;2338.6977;2338.6977;2338.6977;10-Dec-2015
114251;Reliance Liquid Fund-Cash Plan-Monthly Dividend Plan;;;1003.8195;1003.8195;1003.8195;10-Dec-2015
114252;Reliance Liquid Fund-Cash Plan-Quarterly Dividend Plan;;;1018.9090;1018.9090;1018.9090;10-Dec-2015
100848;Reliance Liquid Fund-Cash Plan-Weekly Dividend Reinvestment Option;;;1092.8168;1092.8168;1092.8168;10-Dec-2015

Principal Mutual Fund
100895;Principal Cash Management Fund - Daily Income Distribution CUM Capital Withdrawal;;INF173K01DB7;1000.4682;1000.4682;1000.4682;10-Dec-2015
119468;Principal Cash Management Fund - Direct Plan - Growth Option;INF173K01GU0;;1439.1540;1439.1540;1439.1540;10-Dec-2015
119467;Principal Cash Management Fund - Direct Plan - Income Distribution CUM Capital Withdrawal Option - Daily;;INF173K01GT2;1000.3870;1000.3870;1000.3870;10-Dec-2015
119469;Principal Cash Management Fund - Direct Plan - Income Distribution CUM Capital Withdrawal Option - Weekly;;INF173K01GY2;1006.9596;1006.9596;1006.9596;10-Dec-2015
100897;Principal Cash Management Fund - Monthly Income Distribution CUM Capital Withdrawal Option;INF173K01BV9;INF173K01BW7;1026.0096;1026.0096;1026.0096;10-Dec-2015
100896;Principal Cash Management Fund - Weekly Income Distribution CUM Capital Withdrawal Option;;INF173K01DC5;1006.4260;1006.4260;1006.4260;10-Dec-2015
119466;Principal Cash Management Fund -Direct Plan - Income Distribution CUM Capital Withdrawal Option - Monthly;INF173K01GV8;INF173K01GW6;1026.0576;1026.0576;1026.0576;10-Dec-2015
100898;Principal Cash Management Fund -Growth Option;INF173K01DA9;;1435.5386;1435.5386;1435.5386;10-Dec-2015

quant Mutual Fund
120837;quant Liquid Fund - Growth Option - Direct Plan;INF966L01820;;23.1409;23.1409;23.1409;10-Dec-2015
103225;quant Liquid Fund - Growth Option - Regular Plan;INF966L01317;;23.0343;23.0343;23.0343;10-Dec-2015
120838;quant Liquid Fund - Monthly IDCW Option - Direct Plan;INF966L01796;INF966L01812;15.2070;15.2070;15.2070;10-Dec-2015
103228;quant Liquid Fund - Monthly IDCW Option - Regular Plan;INF966L01291;INF966L01309;15.1138;15.1138;15.1138;10-Dec-2015
120839;quant Liquid Fund - Weekly IDCW Option - Direct Plan;INF966L01788;INF966L01804;13.6408;13.6408;13.6408;10-Dec-2015
103227;quant Liquid Fund - Weekly IDCW Option - Regular Plan;INF966L01499;INF966L01283;13.5514;13.5514;13.5514;10-Dec-2015
120836;quant Liquid Fund-Daily IDCW Option - Direct Plan;;INF966L01770;13.7884;13.7884;13.7884;10-Dec-2015
103226;quant Liquid Fund-Daily IDCW Option - Regular Plan;;INF966L01275;13.7109;13.7109;13.7109;10-Dec-2015

Quantum Mutual Fund
103736;Quantum Liquid Fund - Direct Plan Daily IDCW;;INF082J01135;10.0044;10.0044;10.0044;10-Dec-2015
103734;Quantum Liquid Fund - Direct Plan Growth Option;INF082J01127;;20.6743;20.6743;20.6743;10-Dec-2015
103735;Quantum Liquid Fund - Direct Plan Monthly IDCW;INF082J01143;INF082J01200;10.0293;10.0293;10.0293;10-Dec-2015

SBI Mutual Fund
119804;SBI Liquid Fund - Direct Paln - Fortnightly Income Distribution cum Capital Withdrawal Option (IDCW);INF200K01UR8;INF200K01US6;1012.8682;1012.8682;1012.8682;10-Dec-2015
119805;SBI Liquid Fund - Direct Plan - Daily Income Distribution cum Capital Withdrawal Option (IDCW);;INF200K01UQ0;1003.25;1003.25;1003.25;10-Dec-2015
119799;SBI Liquid Fund - Direct Plan - Weekly Income Distribution cum Capital Withdrawal Option (IDCW);INF200K01UU2;INF200K01UV0;1062.118;1062.118;1062.118;10-Dec-2015
119800;SBI Liquid Fund - DIRECT PLAN -Growth;INF200K01UT4;;2322.7338;2322.7338;2322.7338;10-Dec-2015
105274;SBI Liquid Fund - Institutional - Growth;INF200K01LU1;;2340.1694;2340.1694;2340.1694;10-Dec-2015
105275;SBI Liquid Fund - Institutional Daily Income Distribution cum Capital Withdrawal Option (IDCW);;INF200K01LR7;1003.25;1003.25;1003.25;10-Dec-2015
105279;SBI Liquid Fund - Institutional Fortnightly Income Distribution cum Capital Withdrawal Option (IDCW);INF200K01LS5;INF200K01LT3;1024.1752;1024.1752;1024.1752;10-Dec-2015
105278;SBI Liquid Fund - Institutional Weekly Income Distribution cum Capital Withdrawal Option (IDCW);INF200K01LV9;INF200K01LW7;1061.399;1061.399;1061.399;10-Dec-2015
105281;SBI Liquid Fund - Regular Plan - Daily Income Distribution cum Capital Withdrawal Option (IDCW);;INF200K01LX5;1003.25;1003.25;1003.25;10-Dec-2015
105283;SBI Liquid Fund - Regular Plan - Fortnightly Income Distribution cum Capital Withdrawal Option (IDCW);INF200K01LY3;INF200K01LZ0;1012.8595;1012.8595;1012.8595;10-Dec-2015
105282;SBI Liquid Fund - Regular Plan - Weekly Income Distribution cum Capital Withdrawal Option (IDCW);INF200K01MB9;INF200K01MC7;1062.1089;1062.1089;1062.1089;10-Dec-2015
105280;SBI Liquid Fund - REGULAR PLAN -Growth;INF200K01MA1;;2318.3997;2318.3997;2318.3997;10-Dec-2015

Sundaram Mutual Fund
119690;Sundaram Money Fund Direct Plan - Bonus;INF903J01RL8;;11.1614;11.1614;11.1614;10-Dec-2015
119688;Sundaram Money Fund Direct Plan - Daily Reinvestment of Income Distribution cum Capital Withdrawal (IDCW);;INF903J01QA3;10.1025;10.1025;10.1025;10-Dec-2015
119692;Sundaram Money Fund Direct Plan - Fortnightly Reinvestment of Income Distribution cum Capital Withdrawal (IDCW);;INF903J01QB1;25.7075;25.7075;25.7075;10-Dec-2015
119686;Sundaram Money Fund Direct Plan - Growth;INF903J01QF2;;31.1886;31.1886;31.1886;10-Dec-2015
119687;Sundaram Money Fund Direct Plan - Monthly Income Distribution cum Capital Withdrawal (IDCW);INF903J01QC9;INF903J01QD7;10.6227;10.6227;10.6227;10-Dec-2015
119689;Sundaram Money Fund Direct Plan - Quarterly Reinvestment of Income Distribution cum Capital Withdrawal (IDCW);;INF903J01QE5;31.1453;31.1453;31.1453;10-Dec-2015
119691;Sundaram Money Fund Direct Plan - Weekly Reinvestment of Income Distribution cum Capital Withdrawal (IDCW);;INF903J01QG0;11.4436;11.4436;11.4436;10-Dec-2015
102701;Sundaram Money Fund Institutional Plan - Daily Reinvestment of Income Distribution cum Capital Withdrawal (IDCW);;INF903J01GP2;10.0953;10.0953;10.0953;10-Dec-2015
102703;Sundaram Money Fund Institutional Plan - Growth;INF903J01GN7;;30.3588;30.3588;30.3588;10-Dec-2015
118328;Sundaram Money Fund Regular Plan - Bonus;INF903J01MB0;;11.1279;11.1279;11.1279;10-Dec-2015
103392;Sundaram Money Fund Regular Plan - Daily Reinvestment of Income Distribution cum Capital Withdrawal (IDCW);;INF903J01GW8;10.0953;10.0953;10.0953;10-Dec-2015
103395;Sundaram Money Fund Regular Plan - Fortnightly Reinvestment of Income Distribution cum Capital Withdrawal (IDCW);;INF903J01GY4;10.8775;10.8775;10.8775;10-Dec-2015
103397;Sundaram Money Fund Regular Plan - Growth;INF903J01GU2;;31.1316;31.1316;31.1316;10-Dec-2015
103396;Sundaram Money Fund Regular Plan - Monthly Income Distribution cum Capital Withdrawal (IDCW);INF903J01GV0;INF903J01GZ1;10.4814;10.4814;10.4814;10-Dec-2015
103393;Sundaram Money Fund Regular Plan - Quarterly Reinvestment of Income Distribution cum Capital Withdrawal (IDCW);;INF903J01HA2;31.1320;31.1320;31.1320;10-Dec-2015
100620;Sundaram Money Fund Retail Plan - Daily Reinvestment of Income Distribution cum Capital Withdrawal (IDCW);;INF903J01GI7;10.0953;10.0953;10.0953;10-Dec-2015
100622;Sundaram Money Fund Retail Plan - Fortnightly Reinvestment of Income Distribution cum Capital Withdrawal (IDCW);;INF903J01GK3;10.8515;10.8515;10.8515;10-Dec-2015
100618;Sundaram Money Fund Retail Plan - Growth;INF903J01GG1;;29.0931;29.0931;29.0931;10-Dec-2015
100623;Sundaram Money Fund Retail Plan - Monthly Income Distribution cum Capital Withdrawal (IDCW);INF903J01GH9;INF903J01GL1;10.4944;10.4944;10.4944;10-Dec-2015
100619;Sundaram Money Fund Retail Plan - Quarterly Reinvestment of Income Distribution cum Capital Withdrawal (IDCW);;INF903J01GM9;11.6187;11.6187;11.6187;10-Dec-2015
100621;Sundaram Money Fund Retail Plan - Weekly Reinvestment of Income Distribution cum Capital Withdrawal (IDCW);;INF903J01GJ5;11.3860;11.3860;11.3860;10-Dec-2015
103394;Sundaram Money Fund Regular Plan - Weekly Reinvestment of Income Distribution cum Capital Withdrawal (IDCW);;INF903J01GX6;11.4277;11.4277;11.4277;10-Dec-2015

Tata Mutual Fund
102672;Tata Liquid Fund -Regular Plan - Growth Option;INF277K01YD8;;2323.7649;2323.7649;2323.7649;10-Dec-2015
119862;Tata Liquid Fund- Direct Plan - Daily Reinvestment of IDCW Option;;INF277K012D2;1001.5187;1001.5187;1001.5187;10-Dec-2015
119861;Tata Liquid Fund- Direct Plan-Growth Option;INF277K01YE6;;2330.3506;2330.3506;2330.3506;10-Dec-2015
101714;Tata Liquid Fund- Regular Plan - Daily Reinvestment of IDCW Option;;INF277K011D4;1001.5157;1001.5157;1001.5157;10-Dec-2015

Taurus Mutual Fund
111915;Taurus Liquid Fund - Regular Plan - SI Growth Option;INF044D01534;;1599.4811;1599.4811;1599.4811;10-Dec-2015
113248;Taurus Liquid Fund - Regular Plan - SI Weekly Dividend Option;;INF044D01526;1001.4540;1001.4540;1001.4540;10-Dec-2015
111703;Taurus Liquid Fund - Regular Plan -SI Daily Dividend Option;;INF044D01518;1000.3136;1000.3136;1000.3136;10-Dec-2015
111760;Taurus Liquid Fund Insti Growth;INF044D01500;;1624.5036;1624.5036;1624.5036;10-Dec-2015
118891;Taurus Liquid Fund-Direct Plan-SI Daily Dividend Option;;INF044D01DI0;1000.3730;1000.3730;1000.3730;10-Dec-2015
118893;Taurus Liquid Fund-Direct Plan-SI Growth Option;INF044D01DK6;;1602.0649;1602.0649;1602.0649;10-Dec-2015
118892;Taurus Liquid Fund-Direct Plan-SI Weekly Dividend Option;;INF044D01DJ8;1001.4687;1001.4687;1001.4687;10-Dec-2015
104240;Taurus Liquid Fund-Dividend;INF044D01542;INF044D01559;1001.2176;1001.2176;1001.2176;10-Dec-2015
104241;Taurus Liquid Fund-Growth;INF044D01575;;1888.4699;1888.4699;1888.4699;10-Dec-2015

Union Mutual Fund
115401;Union Liquid Fund - Daily IDCW Option;;INF582M01021;1000.6489;1000.6489;1000.6489;10-Dec-2015
119301;Union Liquid Fund - Direct Plan - Daily IDCW Option;;INF582M01682;1000.6506;1000.6506;1000.6506;10-Dec-2015
119305;Union Liquid Fund - Direct Plan - Fortnightly IDCW Option;INF582M01724;INF582M01708;1003.1066;1003.1066;1003.1066;10-Dec-2015
119303;Union Liquid Fund - Direct Plan - Growth Option;INF582M01674;;1480.5074;1480.5074;1480.5074;10-Dec-2015
119302;Union Liquid Fund - Direct Plan - Monthly IDCW Option;INF582M01732;INF582M01716;1003.1021;1003.1021;1003.1021;10-Dec-2015
119304;Union Liquid Fund - Direct Plan - Weekly IDCW Option;;INF582M01690;1000.8944;1000.8944;1000.8944;10-Dec-2015
115399;Union Liquid Fund - Fortnightly IDCW Option;INF582M01062;INF582M01047;1003.0590;1003.0590;1003.0590;10-Dec-2015
115398;Union Liquid Fund - Growth Option;INF582M01013;;1477.1309;1477.1309;1477.1309;10-Dec-2015
115400;Union Liquid Fund - Monthly IDCW Option;INF582M01070;INF582M01054;1003.0594;1003.0594;1003.0594;10-Dec-2015
115402;Union Liquid Fund - Weekly IDCW Option;;INF582M01039;1000.8877;1000.8877;1000.8877;10-Dec-2015

UTI Mutual Fund
120558;UTI Liquid Fund - Direct Plan - Daily IDCW (Reinvestment);;INF789F01XP8;1019.4457;1019.4457;1019.4457;10-Dec-2015
120794;UTI Liquid Fund - Direct Plan - Monthly IDCW;INF789F01XR4;INF789F01XS2;1027.025;1027.025;1027.025;10-Dec-2015
120777;UTI Liquid Fund - Direct Plan - Weekly IDCW;;INF789F01XT0;1053.1628;1053.1628;1053.1628;10-Dec-2015
133973;UTI Liquid Fund - Regular Plan - Annual IDCW;INF789FA1J66;INF789FA1J74;1065.8765;1065.8765;1065.8765;10-Dec-2015
102010;UTI Liquid Fund - Regular Plan - Daily IDCW (Reinvestment);;INF789F01PG3;1019.4457;1019.4457;1019.4457;10-Dec-2015
102011;UTI Liquid Fund - Regular Plan - Monthly IDCW;INF789F01PI9;INF789F01PJ7;1027.0148;1027.0148;1027.0148;10-Dec-2015
135721;UTI Liquid Fund - Regular Plan - Quarterly IDCW;INF789FA1J25;INF789FA1J33;1006.3738;1006.3738;0;10-Dec-2015
102013;UTI Liquid Fund - Regular Plan - Weekly IDCW;;INF789F01PK5;1053.1605;1053.1605;1053.1605;10-Dec-2015
120304;UTI-  Liquid Cash Plan - Direct Plan - Growth Option;INF789F01XQ6;;2422.0895;2422.0895;2422.0895;10-Dec-2015
102012;UTI-  Liquid Cash Plan - Regular Plan - Growth Option;INF789F01PH1;;2417.2466;2417.2466;2417.2466;10-Dec-2015
102008;UTI-  Liquid Cash Plan- Discontinued - Regular Plan - Monthly Dividend Option;INF789F01BC2;INF789F01BA6;1167.7985;1167.7985;0;10-Dec-2015
102009;UTI-  Liquid Cash Plan- Discontinued - Regular Plan -Growth;INF789F01BB4;;2305.3802;2305.3802;0;10-Dec-2015
102007;UTI-  Liquid Cash Plan- Discontinued -Regular Plan Periodic Dividend Option;;INF789F01AZ5;1133.4533;1133.4533;0;10-Dec-2015

Open Ended Schemes ( Debt Scheme - Ultra Short Duration Fund )


Aditya Birla Sun Life Mutual Fund
112016;Aditya Birla Sun Life Savings Fund - Discipline Advantage Plan;INF209K01JT8;;163.3130;163.3130;163.3130;10-Dec-2015
119501;Aditya Birla Sun Life Savings Fund - Growth - Direct Plan;INF209K01UR9;;286.1123;286.1123;286.1123;10-Dec-2015
101317;Aditya Birla Sun Life Savings Fund - Growth - Regular Plan;INF209K01LZ1;;285.2867;285.2867;285.2867;10-Dec-2015
119500;Aditya Birla Sun Life Savings Fund-DIRECT - DAILY IDCW;INF209K01UQ1;;100.2972;100.2972;100.2972;10-Dec-2015
119499;Aditya Birla Sun Life Savings Fund-DIRECT - WEEKLY IDCW;INF209K01US7;;100.1934;100.1934;100.1934;10-Dec-2015
105888;Aditya Birla Sun Life Savings Fund-Regular - DAILY IDCW;INF209K01LY4;;100.2970;100.2970;100.2970;10-Dec-2015
105887;Aditya Birla Sun Life Savings Fund-Regular - weekly IDCW;INF209K01MA2;;100.1911;100.1911;100.1911;10-Dec-2015
109108;Aditya Birla Sun Life Savings Fund-Retail - Daily IDCW;INF209K01MB0;;100.2963;100.2963;100.2963;10-Dec-2015
101316;Aditya Birla Sun Life Savings Fund-Retail Growth;INF209K01MC8;;276.0462;276.0462;276.0462;10-Dec-2015
105881;Aditya Birla Sun Life Savings Fund-Weekly - retail IDCW;INF209K01MD6;;100.1911;100.1911;100.1911;10-Dec-2015

Bank of India Mutual Fund
119380;BANK OF INDIA Ultra Short Duration Fund- Direct Plan- Daily IDCW;;INF761K01CT3;1002.9232;1002.9232;1002.9232;10-Dec-2015
119379;BANK OF INDIA Ultra Short Duration Fund- Direct Plan- Growth;INF761K01892;;1756.1842;1756.1842;1756.1842;10-Dec-2015
119381;BANK OF INDIA Ultra Short Duration Fund- Direct Plan- Weekly IDCW;;INF761K01CU1;1004.2915;1004.2915;1004.2915;10-Dec-2015
126389;BANK OF INDIA Ultra Short Duration Fund- Direct Plan-Bonus;INF761K01CS5;;1753.8630;1753.8630;1753.8630;10-Dec-2015
111970;BANK OF INDIA Ultra Short Duration Fund- Regular Plan- Daily IDCW;;INF761K01CW7;1002.9232;1002.9232;1002.9232;10-Dec-2015
109269;BANK OF INDIA Ultra Short Duration Fund- Regular Plan- Growth;INF761K01298;;1742.1379;1742.1379;1742.1379;10-Dec-2015
109264;BANK OF INDIA Ultra Short Duration Fund- Regular Plan- Weekly IDCW;;INF761K01CX5;1004.2622;1004.2622;1004.2622;10-Dec-2015

Canara Robeco Mutual Fund
118315;CANARA ROBECO ULTRA SHORT TERM FUND - DIRECT PLAN - DAILY IDCW (Reinvestment);;INF760K01GL3;1240.7100;1240.7100;1240.7100;10-Dec-2015
118317;CANARA ROBECO ULTRA SHORT TERM FUND - DIRECT PLAN - GROWTH OPTION;INF760K01GM1;;2262.1363;2262.1363;2262.1363;10-Dec-2015
118319;CANARA ROBECO ULTRA SHORT TERM FUND - DIRECT PLAN - IDCW (Payout/Reinvestment);INF760K01GN9;;1295.5396;1295.5396;1295.5396;10-Dec-2015
118318;CANARA ROBECO ULTRA SHORT TERM FUND - DIRECT PLAN - MONTHLY IDCW (Payout/Reinvestment);INF760K01GP4;INF760K01GO7;1002.3051;1002.3051;1002.3051;10-Dec-2015
118316;CANARA ROBECO ULTRA SHORT TERM FUND - DIRECT PLAN - WEEKLY IDCW (Payout/Reinvestment);INF760K01GQ2;INF760K01GR0;1240.9313;1240.9313;1240.9313;10-Dec-2015
106326;Canara Robeco Ultra Short Term Fund - Institutional Plan- Daily Dividend Reinvestment Option;;INF760K01DR7;1240.7100;1240.7100;1240.7100;10-Dec-2015
106330;Canara Robeco Ultra Short Term Fund - Institutional Plan- Growth option;INF760K01CN8;;2401.9021;2401.9021;2401.9021;10-Dec-2015
109372;CANARA ROBECO ULTRA SHORT TERM FUND - REGULAR PLAN - DAILY IDCW (Reinvestment);;INF760K01DA3;1240.7100;1240.7100;1240.7100;10-Dec-2015
109371;CANARA ROBECO ULTRA SHORT TERM FUND - REGULAR PLAN - GROWTH OPTION;INF760K01DC9;;2248.9033;2248.9033;2248.9033;10-Dec-2015
109370;CANARA ROBECO ULTRA SHORT TERM FUND - REGULAR PLAN - MONTHLY IDCW (Payout/Reinvestment);INF760K01CA5;INF760K01DD7;1002.8055;1002.8055;1002.8055;10-Dec-2015
109366;CANARA ROBECO ULTRA SHORT TERM FUND - REGULAR PLAN - WEEKLY IDCW (Payout/Reinvestment);INF760K01DE5;INF760K01DF2;1240.9075;1240.9075;1240.9075;10-Dec-2015
106325;Canara Robeco Ultra Short Term Fund - Retail Plan- Daily Dividend Reinvestment Option;;INF760K01CP3;1240.7100;1240.7100;1240.7100;10-Dec-2015
106329;Canara Robeco Ultra Short Term Fund - Retail Plan- Growth Option;INF760K01CR9;;2341.9567;2341.9567;2341.9567;10-Dec-2015
106324;Canara Robeco Ultra Short Term Fund - Retail Plan- Income option;INF760K01DQ9;INF760K01548;1611.8201;1611.8201;1611.8201;10-Dec-2015
109361;Canara Robeco Ultra Short Term Fund - Retail Plan- Monthly Div Reinvest;;INF760K01CS7;1243.0898;1243.0898;1243.0898;10-Dec-2015
109359;Canara Robeco Ultra Short Term Fund - Retail Plan- Weekly Div Reinvest;;INF760K01CT5;1240.8970;1240.8970;1240.8970;10-Dec-2015

DSP Mutual Fund
119205;DSP Ultra Short Fund - Direct Plan - Growth;INF740K01ON5;;2020.4952;2020.4952;2020.4952;10-Dec-2015
119206;DSP Ultra Short Fund - Direct Plan - IDCW;INF740K01OQ8;INF740K01OR6;1071.8661;1071.8661;1071.8661;10-Dec-2015
119203;DSP Ultra Short Fund - Direct Plan - IDCW - Daily;;INF740KA1NT0;1004.2306;1004.2306;1004.2306;10-Dec-2015
119204;DSP Ultra Short Fund - Direct Plan - IDCW - Monthly;INF740K01OO3;INF740K01OP0;1035.1157;1035.1157;1035.1157;10-Dec-2015
119207;DSP Ultra Short Fund - Direct Plan - IDCW - Weekly;INF740KA1NU8;INF740KA1NV6;1004.0500;1004.0500;1004.0500;10-Dec-2015
104138;DSP Ultra Short Fund - Regular Plan - Growth;INF740K01QQ3;;1990.3608;1990.3608;1990.3608;10-Dec-2015
104140;DSP Ultra Short Fund - Regular Plan - IDCW - Daily Reinvest;;INF740KA1NW4;1004.2306;1004.2306;1004.2306;10-Dec-2015
117063;DSP Ultra Short Fund - Regular Plan - IDCW - Monthly;INF740K01QS9;INF740K01QR1;1033.0039;1033.0039;1033.0039;10-Dec-2015
117995;DSP Ultra Short Fund - Regular Plan - IDCW - Payout;INF740K01MK5;;1067.7722;1067.7722;1067.7722;10-Dec-2015
104139;DSP Ultra Short Fund - Regular Plan - IDCW - Weekly Reinvest;;;1004.0497;1004.0497;1004.0497;10-Dec-2015

Franklin Templeton Mutual Fund
107248;Franklin India Ultra Short Bond Fund - Institutional - Growth;INF090I01CG8;;19.3473;19.3473;19.3473;10-Dec-2015
107251;Franklin India Ultra Short Bond Fund - Institutional Plan - Daily - IDCW;;INF090I01CD5;10.0021;10.0021;10.0021;10-Dec-2015
107247;Franklin India Ultra Short Bond Fund - Retail - Growth;INF090I01CK0;;19.0408;19.0408;19.0408;10-Dec-2015
107252;Franklin India Ultra Short Bond Fund - Retail Plan - Daily - IDCW;;INF090I01CH6;10.0518;10.0518;10.0518;10-Dec-2015
109575;Franklin India Ultra Short Bond Fund - Retail Plan - Weekly - IDCW;INF090I01CI4;INF090I01CJ2;10.1137;10.1137;10.1137;10-Dec-2015
107249;Franklin India Ultra Short Bond Fund - Super Institutional - Growth;INF090I01CN4;;19.7577;19.7577;19.7577;10-Dec-2015
107250;Franklin India Ultra Short Bond Fund - Super Institutional Plan - Daily - IDCW;;INF090I01CL8;10.0767;10.0767;10.0767;10-Dec-2015
118560;Franklin India Ultra Short Bond Fund - Super Institutional Plan - Direct - Growth;INF090I01JA6;;19.7943;19.7943;19.7943;10-Dec-2015
109576;Franklin India Ultra Short Bond Fund - Super Institutional Plan - Weekly - IDCW;INF090I01CM6;;10.0844;10.0844;10.0844;10-Dec-2015
118561;Franklin India Ultra Short Bond Fund Super Institutional Plan - Direct - Daily - IDCW;INF090I01JB4;;10.0602;10.0602;10.0602;10-Dec-2015
118562;Franklin India Ultra Short Bond Fund Super Institutional Plan - Direct - Weekly - IDCW;INF090I01JC2;;10.0989;10.0989;10.0989;10-Dec-2015

Groww Mutual Fund
116610;Indiabulls Ultra Short Term Fund - Daily Dividend Option;;INF666M01196;1002.1120;1002.1120;1002.1120;10-Dec-2015
119144;Indiabulls Ultra Short Term Fund - Direct Plan - Daily Dividend Option;;INF666M01634;1004.3508;1004.3508;1004.3508;10-Dec-2015
119146;Indiabulls Ultra Short Term Fund - Direct Plan - Fortnightly Dividend Option;INF666M01584;INF666M01550;1003.8684;1003.8684;1003.8684;10-Dec-2015
119143;Indiabulls Ultra Short Term Fund - Direct Plan - Growth Option;INF666M01535;;1438.0686;1438.0686;1438.0686;10-Dec-2015
119147;Indiabulls Ultra Short Term Fund - Direct Plan - Monthly Dividend Option;INF666M01592;INF666M01568;1003.6004;1003.6004;1003.6004;10-Dec-2015
119145;Indiabulls Ultra Short Term Fund - Direct Plan - Weekly Dividend Option;INF666M01576;INF666M01543;1001.7612;1001.7612;1001.7612;10-Dec-2015
116424;Indiabulls Ultra Short Term Fund - Growth Option;INF666M01097;;1418.0398;1418.0398;1418.0398;10-Dec-2015
116427;Indiabulls Ultra Short Term Fund - Monthly Dividend Option;INF666M01154;INF666M01121;1003.7565;1003.7565;1003.7565;10-Dec-2015
116425;Indiabulls Ultra Short Term Fund - Weekly Dividend Option;INF666M01139;INF666M01105;1001.6399;1001.6399;1001.6399;10-Dec-2015

ICICI Prudential Mutual Fund
120676;ICICI Prudential Ultra Short Term Fund - Direct Plan -  Growth;INF109K01T04;;14.8702;14.7215;14.8702;10-Dec-2015
120678;ICICI Prudential Ultra Short Term Fund - Direct Plan -  Half Yearly IDCW;INF109K01T12;INF109K01T20;10.8006;10.6926;10.8006;10-Dec-2015
120677;ICICI Prudential Ultra Short Term Fund - Direct Plan -  Monthly IDCW;INF109K01T38;INF109K01T46;10.6831;10.5763;10.6831;10-Dec-2015
120675;ICICI Prudential Ultra Short Term Fund - Direct Plan -  Quarterly IDCW;INF109K01T53;INF109K01T61;10.7594;10.6518;10.7594;10-Dec-2015
130942;ICICI Prudential Ultra Short Term Fund - Direct Plan Bonus;INF109KA1H69;;11.1093;10.9982;11.1093;10-Dec-2015
115092;ICICI Prudential Ultra Short Term Fund - Growth;INF109K01TP7;;14.5834;14.4376;14.5834;10-Dec-2015
115093;ICICI Prudential Ultra Short Term Fund - Half Yearly IDCW;INF109K01TV5;INF109K01TU7;10.7421;10.6347;10.7421;10-Dec-2015
115094;ICICI Prudential Ultra Short Term Fund - Monthly IDCW;INF109K01TR3;INF109K01TQ5;10.6266;10.5203;10.6266;10-Dec-2015
115091;ICICI Prudential Ultra Short Term Fund - Quarterly IDCW;INF109K01TT9;INF109K01TS1;10.6396;10.5332;10.6396;10-Dec-2015

IDBI Mutual Fund
126166;IDBI UST Bonus Direct;INF397L01FN0;;1577.9982;1577.9982;1577.9982;10-Dec-2015
126165;IDBI UST Bonus Regular;INF397L01FM2;;1562.1887;1562.1887;1562.1887;10-Dec-2015
113252;IDBI UST Daily IDCW;;INF397L01695;1007.7776;1007.7776;1007.7776;10-Dec-2015
118459;IDBI UST Daily IDCW Direct;;INF397L01AQ4;1024.0947;1024.0947;1024.0947;10-Dec-2015
113251;IDBI UST Growth;INF397L01745;;1562.1453;1562.1453;1562.1453;10-Dec-2015
118350;IDBI UST Growth Direct;INF397L01AV4;;1578.7676;1578.7676;1578.7676;10-Dec-2015
113254;IDBI UST Monthly IDCW;INF397L01711;INF397L01703;1024.9489;1024.9489;1024.9489;10-Dec-2015
118460;IDBI UST Monthly IDCW Direct;INF397L01AS0;INF397L01AR2;1186.5911;1186.5911;1186.5911;10-Dec-2015
113253;IDBI UST Weekly IDCW;INF397L01737;INF397L01729;1024.7363;1024.7363;1024.7363;10-Dec-2015
118461;IDBI UST Weekly IDCW Direct;INF397L01AU6;INF397L01AT8;1031.2882;1031.2882;1031.2882;10-Dec-2015

Invesco Mutual Fund
122802;Invesco India Medium Term Bond Fund - Bonus Option;INF205K01VD5;;1483.1789;1483.1789;1483.1789;10-Dec-2015
114361;Invesco India Ultra Short Duration Fund - Annual IDCW (Payout / Reinvestment);INF205K01TD9;INF205K01TE7;1240.4919;1240.4919;1240.4919;10-Dec-2015
120543;Invesco India Ultra Short Duration Fund - Direct Plan - Annual IDCW (Payout / Reinvestment);INF205K01TF4;INF205K01TG2;1156.8434;1156.8434;1156.8434;10-Dec-2015
120541;Invesco India Ultra Short Duration Fund - Direct Plan - Growth;INF205K01TH0;;1509.0379;1509.0379;1509.0379;10-Dec-2015
120542;Invesco India Ultra Short Duration Fund - Direct Plan - Monthly IDCW (Payout / Reinvestment);INF205K01TI8;INF205K01TJ6;1187.6840;1187.6840;1187.6840;10-Dec-2015
120544;Invesco India Ultra Short Duration Fund - Direct Plan - Quarterly IDCW (Payout / Reinvestment);INF205K01TK4;INF205K01TL2;1052.9735;1052.9735;1052.9735;10-Dec-2015
114359;Invesco India Ultra Short Duration Fund - Growth;INF205K01TM0;;1483.0462;1483.0462;1483.0462;10-Dec-2015
114362;Invesco India Ultra Short Duration Fund - Monthly IDCW (Payout / Reinvestment);INF205K01TN8;INF205K01TO6;1017.2698;1017.2698;1017.2698;10-Dec-2015
114360;Invesco India Ultra Short Duration Fund - Quarterly IDCW (Payout / Reinvestment);INF205K01TP3;INF205K01TQ1;1203.6381;1203.6381;1203.6381;10-Dec-2015
122803;Religare Invesco Medium Term Bond Fund - Direct Plan - Bonus Option;INF205K01VM6;;1508.0591;1508.0591;1508.0591;10-Dec-2015

JM Financial Mutual Fund
120459;JM Money Manager Fund - Super Plan (Direct) - Daily Dividend Option;;;10.0419;10.0419;10.0419;10-Dec-2015
120462;JM Money Manager Fund - Super Plan (Direct) - Fortnightly Dividend Option;;;10.3347;10.3347;10.3347;10-Dec-2015
120463;JM Money Manager Fund - Super Plan (Direct) - Growth Option;;;21.1711;21.1711;21.1711;10-Dec-2015
120460;JM Money Manager Fund - Super Plan (Direct) - Weekly Dividend Option;;;10.6604;10.6604;10.6604;10-Dec-2015
122319;JM Money Manager Fund - Super Plan - Bonus Option - Principal Units;;;11.7306;11.7306;11.7306;10-Dec-2015
104270;JM Money Manager Fund - Super Plan - Dividend option - Daily dividend;;;10.0333;10.0333;10.0333;10-Dec-2015
106100;JM Money Manager Fund - Super Plan - Dividend option - Fortnightly;;;10.3191;10.3191;10.3191;10-Dec-2015
106099;JM Money Manager Fund - Super Plan - Dividend option - Weekly dividend;;;10.6467;10.6467;10.6467;10-Dec-2015
104269;JM Money Manager Fund - Super Plan - Growth Plan;;;21.0564;21.0564;21.0564;10-Dec-2015
122320;JM Money Manager Fund - Super Plus Plan (Direct) - Bonus Option - Principal units;;;12.6249;12.6249;12.6249;10-Dec-2015
120464;JM Money Manager Fund - Super Plus Plan (Direct) - Daily Dividend Option;;;10.0284;10.0284;10.0284;10-Dec-2015
120456;JM Money Manager Fund - Super Plus Plan (Direct) - Fortnightly Dividend Option;;;10.3638;10.3638;10.3638;10-Dec-2015
120461;JM Money Manager Fund - Super Plus Plan (Direct) - Growth Option;;;20.9576;20.9576;20.9576;10-Dec-2015
120453;JM Money Manager Fund - Super Plus Plan (Direct) - Weekly Dividend Option;;;10.6550;10.6550;10.6550;10-Dec-2015
122321;JM Money Manager Fund - Super Plus Plan - Bonus Option - Principal units;;;12.5878;12.5878;12.5878;10-Dec-2015
104268;JM Money Manager Fund - Super Plus Plan - Dividend option - Daily dividend;;;10.0208;10.0208;10.0208;10-Dec-2015
106103;JM Money Manager Fund - Super Plus Plan - Dividend option - Fortnightly;;;10.3485;10.3485;10.3485;10-Dec-2015
106102;JM Money Manager Fund - Super Plus Plan - Dividend option - Weekly dividend;;;10.6391;10.6391;10.6391;10-Dec-2015
104267;JM Money Manager Fund - Super Plus Plan - Growth option;;;20.8957;20.8957;20.8957;10-Dec-2015
122318;JM Money Manger Fund - Super Plan (Direct) Bonus Option Principal Units;;;11.7694;11.7694;11.7694;10-Dec-2015
122316;JM Ultra Short Duration Fund (Direct) - Bonus Option - Principal Units;INF192K01FD8;;20.7963;20.7963;20.7963;10-Dec-2015
120457;JM Ultra Short Duration Fund (Direct) - Fortnightly Dividend Option;;INF192K01DN2;10.2757;10.2757;10.2757;10-Dec-2015
120458;JM Ultra Short Duration Fund - (Direct) - Growth Option;INF192K01DO0;;20.7026;20.7026;20.7026;10-Dec-2015
120454;JM Ultra Short Duration Fund - (Direct) -Daily Dividend Option;;INF192K01DL6;10.0350;10.0350;10.0350;10-Dec-2015
120455;JM Ultra Short Duration Fund - (Direct) -Weekly Dividend Option;;INF192K01DM4;10.6257;10.6257;10.6257;10-Dec-2015
122317;JM Ultra Short Duration Fund - Bonus Option - Principal Units;INF192K01FB2;;20.6184;20.6184;20.6184;10-Dec-2015
104272;JM Ultra Short Duration Fund - Daily Dividend;;INF192K01AN8;10.0350;10.0350;10.0350;10-Dec-2015
106101;JM Ultra Short Duration Fund - Fortnightly Dividend;;INF192K01AP3;10.2495;10.2495;10.2495;10-Dec-2015
104271;JM Ultra Short Duration Fund - Growth option;INF192K01AQ1;;20.5426;20.5426;20.5426;10-Dec-2015
106104;JM Ultra Short Duration Fund - Weekly Dividend;;INF192K01AO6;10.6107;10.6107;10.6107;10-Dec-2015

Kotak Mahindra Mutual Fund
102591;Kotak Savings Fund -Growth;INF174K01FD6;;23.5763;23.5763;23.5763;10-Dec-2015
102592;Kotak Savings Fund -Monthly Payout of Income Distribution cum capital withdrawal option;INF174K01FH7;;10.1327;10.1327;10.1327;10-Dec-2015
102590;Kotak Savings Fund -Weekly Weekly Reinvestment of Income Distribution cum capital withdrawal option;INF174K01FF1;;10.1457;10.1457;10.1457;10-Dec-2015
119750;Kotak Savings Fund-Growth - Direct;INF174K01JP2;;23.7547;23.7547;23.7547;10-Dec-2015
119751;Kotak Savings Fund-Monthly Payout of Income Distribution cum capital withdrawal option - Direct;INF174K01JQ0;;10.7097;10.7097;10.7097;10-Dec-2015
119752;Kotak Savings Fund-Weekly Weekly Reinvestment of Income Distribution cum capital withdrawal option- Direct;INF174K01JR8;;10.1616;10.1616;10.1616;10-Dec-2015
110575;Kotak Treasury Advantage Fund -Daily Reinvestment of Income Distribution cum capital withdrawal option;INF174K01FE4;;10.0798;10.0798;10.0798;10-Dec-2015
119749;Kotak Treasury Advantage Fund -Daily Reinvestment of Income Distribution cum capital withdrawal option - Direct;INF174K01JT4;;10.0798;10.0798;10.0798;10-Dec-2015

L&T Mutual Fund
129925;L&T Ultra Short Term Fund - Direct Plan - Bonus;INF917K01QK0;;13.1763;13.1763;13.1763;10-Dec-2015
134705;L&T Ultra Short Term Fund - Direct Plan - Semi Annual Dividend;INF917K01HW4;INF917K01HV6;10.2822;10.2822;10.2822;10-Dec-2015
129926;L&T Ultra Short Term Fund - Regular Plan - Bonus;INF917K01QJ2;;13.0682;13.0682;13.0682;10-Dec-2015
112423;L&T Ultra Short Term Fund - Regular Plan - Growth;INF917K01AS7;;23.9582;23.9582;23.9582;10-Dec-2015
112422;L&T Ultra Short Term Fund -Regular - Cumulative;INF917K01AN8;;23.0548;23.0548;23.0548;10-Dec-2015
119848;L&T Ultra Short Term Fund- Direct Plan - Daily IDCW;;INF917K01HX2;10.3495;10.3495;10.3495;10-Dec-2015
119850;L&T Ultra Short Term Fund- Direct Plan- Weekly IDCW;INF917K01HZ7;INF917K01HY0;10.7895;10.7895;10.7895;10-Dec-2015
112425;L&T Ultra Short Term Fund- Regular Plan - Daily IDCW;;INF917K01AX7;10.1689;10.1689;10.1689;10-Dec-2015
119849;L&T Ultra Short Term Fund-Direct Plan - Growth;INF917K01HS2;;24.1562;24.1562;24.1562;10-Dec-2015
112424;L&T Ultra Short Term Fund-Regular Plan - Weekly IDCW;INF917K01AV1;INF917K01AW9;10.6459;10.6459;10.6459;10-Dec-2015
112421;L&T Ultra Short Term Fund-Regular Plan -Monthly Dividend;INF917K01AL2;INF917K01AM0;12.0502;12.0502;12.0502;10-Dec-2015
112461;L&T Ultra Short Term Fund - Regular Plan -Semi Annual IDCW;INF917K01AO6;INF917K01AP3;18.1149;18.1149;18.1149;10-Dec-2015
112475;L&T Ultra Short Term Fund - Regular Plan - Monthly IDCW;INF917K01AQ1;INF917K01AR9;12.6333;12.6333;12.6333;10-Dec-2015
119851;L&T Ultra Short Term Fund-Direct Plan -Monthly IDCW;INF917K01HU8;INF917K01HT0;12.6738;12.6738;12.6738;10-Dec-2015

Motilal Oswal Mutual Fund
124234;Motilal Oswal Ultra Short Term Fund (MOFUSTF) -Direct Plan- Growth;INF247L01247;;11.9090;11.9090;11.9090;10-Dec-2015
124233;Motilal Oswal Ultra Short Term Fund (MOFUSTF)-Regular Plan- Growth;INF247L01213;;11.7322;11.7322;11.7322;10-Dec-2015
124316;Motilal Oswal Ultra Short Term Fund Direct - IDCW Daily Reinvestment;;INF247L01346;10.0000;10.0000;10.0000;10-Dec-2015
124311;Motilal Oswal Ultra Short Term Fund Direct - IDCW Fortnightly Reinvestment;;INF247L01361;10.0167;10.0167;10.0167;10-Dec-2015
124312;Motilal Oswal Ultra Short Term Fund Direct - IDCW Quarterly Payout/Reinvestment;INF247L01403;INF247L01387;10.1567;10.1567;10.1567;10-Dec-2015
124306;Motilal Oswal Ultra Short Term Fund Direct - IDCW Weekly Reinvestment;;INF247L01353;10.0076;10.0076;10.0076;10-Dec-2015
124308;Motilal Oswal Ultra Short Term Fund Direct Plan - IDCW Monthly Payout/Reinvestment;INF247L01395;INF247L01379;10.0167;10.0167;10.0167;10-Dec-2015
124303;Motilal Oswal Ultra Short Term Fund Regular - IDCW Daily Reinvestment;;INF247L01270;10.0000;10.0000;10.0000;10-Dec-2015
124313;Motilal Oswal Ultra Short Term Fund Regular - IDCW Fortnightly Reinvestment;;INF247L01296;10.0154;10.0154;10.0154;10-Dec-2015
124315;Motilal Oswal Ultra Short Term Fund Regular - IDCW Monthly Payout/Reinvestment;INF247L01320;INF247L01304;10.0152;10.0152;10.0152;10-Dec-2015
124305;Motilal Oswal Ultra Short Term Fund Regular - IDCW Quarterly Payout/Reinvestment;INF247L01338;INF247L01312;10.1479;10.1479;10.1479;10-Dec-2015
124310;Motilal Oswal Ultra Short Term Fund Regular - IDCW Weekly Reinvestment;;INF247L01288;10.0046;10.0046;10.0046;10-Dec-2015

Navi Mutual Fund
119185;Navi Ultra Short Term Fund - Direct Plan Daily IDCW - ReInvestment;;INF959L01BL0;1006.6500;1006.6500;1006.6500;10-Dec-2015
119187;Navi Ultra Short Term Fund - Direct Plan Monthly IDCW Payout;INF959L01BF2;INF959L01BG0;1015.8771;1015.8771;1015.8771;10-Dec-2015
119188;Navi Ultra Short Term Fund - Direct Plan Weekly IDCW - Payout;INF959L01BI6;INF959L01BJ4;1004.4743;1004.4743;1004.4743;10-Dec-2015
119186;Navi Ultra Short Term Fund - Direct Plan-Growth Option;INF959L01BC9;;1641.1898;1641.1898;1641.1898;10-Dec-2015
112648;Navi Ultra Short Term Fund - Regular Plan Daily IDCW;;INF959L01BM8;1005.4600;1005.4600;1005.4600;10-Dec-2015
112649;Navi Ultra Short Term Fund - Regular Plan Monthly IDCW;INF959L01BN6;INF959L01BP1;1005.5508;1005.5508;1005.5508;10-Dec-2015
112658;Navi Ultra Short Term Fund - Regular Plan Weekly IDCW;INF959L01BQ9;INF959L01AY5;1003.7288;1003.7288;1003.7288;10-Dec-2015
112408;Navi Ultra Short Term Fund - Regular Plan-Growth Option;INF959L01BH8;;1619.5671;1619.5671;1619.5671;10-Dec-2015

Principal Mutual Fund
119475;Principal Ultra Short Term Fund- Direct Plan - Income Distribution CUM Capital Withdrawal Option - Monthly;INF173K01HK9;INF173K01HJ1;1062.6277;1062.6277;1062.6277;10-Dec-2015
119474;Principal Ultra Short Term Fund- Direct Plan -Growth Option;INF173K01HI3;;1677.9360;1677.9360;1677.9360;10-Dec-2015
107329;Principal Ultra Short Term Fund-Daily Income Distribution CUM Capital Withdrawal Option;;INF173K01CV7;1005.4300;1005.4300;1005.4300;10-Dec-2015
107328;Principal Ultra Short Term Fund-Growth Option;INF173K01CU9;;1673.5127;1673.5127;1673.5127;10-Dec-2015
107330;Principal Ultra Short Term Fund-Monthly Income Distribution CUM Capital Withdrawal Option;INF173K01CB9;INF173K01CC7;1062.5561;1062.5561;1062.5561;10-Dec-2015
107332;Principal Ultra Short Term Fund-Weekly Income Distribution CUM Capital Withdrawal Option;;INF173K01CW5;1012.9240;1012.9240;1012.9240;10-Dec-2015

SBI Mutual Fund
119784;SBI Magnum Ultra Short Duration Fund - Direct Plan - Daily Income Distribution cum Capital Withdrawal Option (IDCW);;INF200K01TG3;1675.03;1673.355;1675.03;10-Dec-2015
119828;SBI MAGNUM ULTRA SHORT DURATION FUND - DIRECT PLAN - GROWTH;INF200K01TF5;;3270.055;3266.7849;3270.055;10-Dec-2015
119829;SBI Magnum Ultra Short Duration Fund - Direct Plan - Weekly Income Distribution cum Capital Withdrawal Option (IDCW);INF200K01TH1;INF200K01TI9;1078.655;1077.5763;1078.655;10-Dec-2015
105080;SBI Magnum Ultra Short Duration Fund - Regular Plan - Daily Income Distribution cum Capital Withdrawal Option (IDCW);;INF200K01LK2;1675.03;1673.355;1675.03;10-Dec-2015
100641;SBI MAGNUM ULTRA SHORT DURATION FUND - REGULAR PLAN - GROWTH;INF200K01LJ4;;3263.3676;3260.1042;3263.3676;10-Dec-2015
103884;SBI Magnum Ultra Short Duration Fund - Regular Plan - Weekly Income Distribution cum Capital Withdrawal Option (IDCW);INF200K01LM8;INF200K01LL0;1078.6456;1077.567;1078.6456;10-Dec-2015

UTI Mutual Fund
120744;UTI Ultra Short Duration Fund - Direct Plan - Daily IDCW (Reinvestment);INF789F01TG5;INF789F01TH3;1076.8777;1076.8777;1076.8777;10-Dec-2015
121892;UTI Ultra Short Duration Fund - Direct Plan - Flexi IDCW;INF789FB1KQ0;INF789FB1KR8;1246.4379;1246.4379;1246.4379;10-Dec-2015
120746;UTI Ultra Short Duration Fund - Direct Plan - Growth Option;INF789F01TI1;;2423.0452;2423.0452;2423.0452;10-Dec-2015
131444;UTI Ultra Short Duration Fund - Direct Plan - Monthly IDCW;INF789FA1P84;INF789FA1P92;1062.308;1062.308;1062.308;10-Dec-2015
133059;UTI Ultra Short Duration Fund - Direct Plan - Quarterly IDCW;INF789FA1Q00;INF789FA1Q18;1040.533;1040.533;1040.533;10-Dec-2015
120745;UTI Ultra Short Duration Fund - Direct Plan - Weekly IDCW (Reinvestment);INF789FB1S63;;1112.1985;1112.1985;1112.1985;10-Dec-2015
112083;UTI Ultra Short Duration Fund - Discontinued - INSTN GROWTH OPTION;INF789F01PM1;;1676.9294;1676.9294;0;10-Dec-2015
112082;UTI Ultra Short Duration Fund - Discontinued - INSTN PLAN - PERIODIC DIVIDEND OPTION;;INF789F01PL3;1001.9407;1001.9407;0;10-Dec-2015
134484;UTI Ultra Short Duration Fund - Regular Plan - Annual IDCW;INF789FA1P43;INF789FA1P50;1023.1353;1023.1353;1023.1353;10-Dec-2015
109501;UTI Ultra Short Duration Fund - Regular Plan - Daily IDCW (Reinvestment);;INF789F01554;1076.8777;1076.8777;1076.8777;10-Dec-2015
121891;UTI Ultra Short Duration Fund - Regular Plan - Flexi IDCW;INF789FB1KS6;INF789FB1KT4;1192.6194;1192.6194;1192.6194;10-Dec-2015
131511;UTI Ultra Short Duration Fund - Regular Plan - Fortnightly IDCW;INF789FA1O69;INF789FA1O77;1105.7663;1105.7663;1105.7663;10-Dec-2015
102532;UTI Ultra Short Duration Fund - Regular Plan - Growth Option;INF789F01570;;2383.7565;2383.7565;2383.7565;10-Dec-2015
134799;UTI Ultra Short Duration Fund - Regular Plan - Half-Yearly IDCW;INF789FA1P27;INF789FA1P35;1027.173;1027.173;0;10-Dec-2015
131445;UTI Ultra Short Duration Fund - Regular Plan - Monthly IDCW;INF789FA1O85;INF789FA1O93;1047.4659;1047.4659;1047.4659;10-Dec-2015
133873;UTI Ultra Short Duration Fund - Regular Plan - Quarterly IDCW;INF789FA1P01;INF789FA1P19;1029.4609;1029.4609;1029.4609;10-Dec-2015
102531;UTI Ultra Short Duration Fund - Regular Plan - Weekly IDCW (Reinvestment);;INF789F01562;1112.1668;1112.1668;1112.1668;10-Dec-2015

Open Ended Schemes ( Debt Scheme - Low Duration Fund )


Aditya Birla Sun Life Mutual Fund
119523;Aditya Birla Sun Life Low duration Fund - Growth - Direct Plan;INF209K01XU7;;363.0037;363.0037;363.0037;10-Dec-2015
103192;Aditya Birla Sun Life Low Duration Fund - Growth Plan;INF209K01LQ0;;354.2880;354.2880;354.2880;10-Dec-2015
103195;Aditya Birla Sun Life Low Duration Fund - Institutional Plan - Growth;INF209K01KE8;;248.4066;248.4066;248.4066;10-Dec-2015
119524;Aditya Birla Sun Life Low Duration Fund -Direct - daily IDCW;INF209K01XW3;;100.3629;100.3629;100.3629;10-Dec-2015
119522;Aditya Birla Sun Life Low Duration Fund -Direct - weekly IDCW;;INF209K01XV5;100.1710;100.1710;100.1710;10-Dec-2015
103191;Aditya Birla Sun Life Low Duration Fund -INSTITUTIONAL - DAILY IDCW;;INF209K01KD0;100.2105;100.2105;100.2105;10-Dec-2015
103194;Aditya Birla Sun Life Low Duration Fund -Institutional - weekly  IDCW;;INF209K01KG3;100.1669;100.1669;100.1669;10-Dec-2015
113307;Aditya Birla Sun Life Low Duration Fund -Regular - DAILY IDCW;;INF209KA1LP6;100.3485;100.3485;100.3485;10-Dec-2015
103193;Aditya Birla Sun Life Low Duration Fund -REGULAR - WEEKLY IDCW;;INF209KA1LQ4;100.1711;100.1711;100.1711;10-Dec-2015

Axis Mutual Fund
128961;Axis Treasury Advantage Fund - Direct Plan - Bonus Option;INF846K01NQ5;;1659.0819;1659.0819;1659.0819;10-Dec-2015
120515;Axis Treasury Advantage Fund - Direct Plan - Daily IDCW;;INF846K01EQ4;1004.6832;1004.6832;1004.6832;10-Dec-2015
120513;Axis Treasury Advantage Fund - Direct Plan - Growth Option;INF846K01EN1;;1660.5250;1660.5250;1660.5250;10-Dec-2015
120516;Axis Treasury Advantage Fund - Direct Plan - Monthly IDCW;INF846K01EO9;INF846K01EP6;1004.4698;1004.4698;1004.4698;10-Dec-2015
120514;Axis Treasury Advantage Fund - Direct Plan - Weekly IDCW;INF846K01ER2;INF846K01ES0;1004.3359;1004.3359;1004.3359;10-Dec-2015
112215;Axis Treasury Advantage Fund - Regular Plan - Daily IDCW;;INF846K01545;1003.8293;1003.8293;1003.8293;10-Dec-2015
112214;Axis Treasury Advantage Fund - Regular Plan - Growth Option;INF846K01537;;1642.1180;1642.1180;1642.1180;10-Dec-2015
112217;Axis Treasury Advantage Fund - Regular Plan - Monthly IDCW;INF846K01578;INF846K01586;1004.3878;1004.3878;1004.3878;10-Dec-2015
112216;Axis Treasury Advantage Fund - Regular Plan - Weekly IDCW;INF846K01552;INF846K01560;1003.1006;1003.1006;1003.1006;10-Dec-2015
112720;Axis Treasury Advantage Fund - Retail Plan - Daily IDCW;;INF846K01487;1003.1061;1003.1061;1003.1061;10-Dec-2015
112717;Axis Treasury Advantage Fund - Retail Plan - Growth Option;INF846K01479;;1556.6477;1556.6477;1556.6477;10-Dec-2015
112718;Axis Treasury Advantage Fund - Retail Plan - Monthly IDCW;INF846K01511;INF846K01529;1004.1266;1004.1266;1004.1266;10-Dec-2015
112719;Axis Treasury Advantage Fund - Retail Plan - Weekly IDCW;INF846K01495;INF846K01503;1002.8180;1002.8180;1002.8180;10-Dec-2015

Bandhan Mutual Fund
108633;BANDHAN Low Duration Fund - Regular Plan - Daily IDCW;INF194K01FW4;INF194K01FV6;10.0197;10.0197;10.0197;10-Dec-2015
108632;BANDHAN Low Duration Fund - Regular Plan - Growth;INF194K01FU8;;20.6896;20.6896;20.6896;10-Dec-2015
108635;BANDHAN Low Duration Fund - Regular Plan - Monthly IDCW;INF194K01FZ7;INF194K01FY0;10.1224;10.1224;10.1224;10-Dec-2015
116020;BANDHAN Low Duration Fund - Regular Plan - Periodic IDCW;INF194K01I29;INF194K01I37;11.1715;11.1715;11.1715;10-Dec-2015
116413;BANDHAN Low Duration Fund - Regular Plan - Quarterly IDCW;INF194K01UR3;INF194K01US1;10.6247;10.6247;10.6247;10-Dec-2015
108634;BANDHAN Low Duration Fund - Regular Plan - Weekly IDCW;INF194K01GC4;INF194K01GB6;10.0381;10.0381;10.0381;10-Dec-2015
118368;BANDHAN Low Duration Fund-Direct Plan-Daily IDCW;;INF194K01J85;10.0551;10.0551;10.0551;10-Dec-2015
118371;BANDHAN Low Duration Fund-Direct Plan-Growth;INF194K01J77;;20.7598;20.7598;20.7598;10-Dec-2015
118372;BANDHAN Low Duration Fund-Direct Plan-Monthly IDCW;INF194K01K17;INF194K01K09;10.1362;10.1362;10.1362;10-Dec-2015
118370;BANDHAN Low Duration Fund-Direct Plan-Periodic IDCW;INF194K01K82;INF194K01K90;11.1761;11.1761;11.1761;10-Dec-2015
118369;BANDHAN Low Duration Fund-Direct Plan-Quarterly IDCW;INF194K01K58;INF194K01K66;10.5008;10.5008;10.5008;10-Dec-2015
118373;BANDHAN Low Duration Fund-Direct Plan-Weekly IDCW;;INF194K01K33;10.0291;10.0291;10.0291;10-Dec-2015

Baroda BNP Paribas Mutual Fund
125137;Baroda Pioneer Treasury Advantage Fund - Plan B (Direct) - Bonus Option;INF955L01EA5;;1704.5933;1704.5933;1704.5933;10-Dec-2015
125136;Baroda Treasury Advantage Fund - Plan A - Bonus Option;INF955L01DZ4;;1679.3094;1679.3094;1679.3094;10-Dec-2015
119309;Baroda Treasury Advantage Fund - Plan B (Direct) - Daily IDCW Option;INF955L01BE3;;1008.8997;1008.8997;1008.8997;10-Dec-2015
119410;Baroda Treasury Advantage Fund - Plan B (Direct) - Growth Option;INF955L01BF0;;1704.7444;1704.7444;1704.7444;10-Dec-2015
119411;Baroda Treasury Advantage Fund - Plan B (Direct) - Monthly IDCW Option;INF955L01BG8;;1004.3324;1004.3324;1004.3324;10-Dec-2015
119439;Baroda Treasury Advantage Fund - Plan B (Direct) - Quarterly IDCW Option;INF955L01BK0;;1027.9136;1027.9136;1027.9136;10-Dec-2015
119409;Baroda Treasury Advantage Fund - Plan B (Direct) - Weekly IDCW Option;INF955L01BI4;;1001.1437;1001.1437;1001.1437;10-Dec-2015
112032;Baroda Treasury Advantage Fund- Plan A- Daily IDCW Option;INF955L01294;INF955L01302;1027.4856;1027.4856;1027.4856;10-Dec-2015
112029;Baroda Treasury Advantage Fund- Plan A- Growth Option;INF955L01310;;1690.7386;1690.7386;1690.7386;10-Dec-2015
112035;Baroda Treasury Advantage Fund- Plan A- Monthly IDCW Option;INF955L01344;INF955L01351;1004.1372;1004.1372;1004.1372;10-Dec-2015
112034;Baroda Treasury Advantage Fund- Plan A- Quarterly IDCW Option;INF955L01BM6;;1026.0646;1026.0646;1026.0646;10-Dec-2015
112033;Baroda Treasury Advantage Fund- Plan A- Weekly IDCW Option;INF955L01328;INF955L01336;1018.1854;1018.1854;1018.1854;10-Dec-2015
112025;Baroda Treasury Advantage Fund- Regular Plan - Daily IDCW Option;INF955L01369;INF955L01377;1002.7120;1002.7120;1002.7120;10-Dec-2015
112031;Baroda Treasury Advantage Fund- Regular Plan - Growth Option;INF955L01385;;1659.9047;1659.9047;1659.9047;10-Dec-2015
112027;Baroda Treasury Advantage Fund- Regular Plan - Monthly IDCW Option;INF955L01393;INF955L01401;1003.6990;1003.6990;1003.6990;10-Dec-2015
112028;Baroda Treasury Advantage Fund- Regular Plan - Quarterly IDCW Option;;;1127.0976;1127.0976;1127.0976;10-Dec-2015
112026;Baroda Treasury Advantage Fund- Regular Plan - Weekly IDCW Option;INF955L01419;INF955L01427;1000.9930;1000.9930;1000.9930;10-Dec-2015

BNP Paribas Mutual Fund
120007;BNP Paribas LOW DURATION Fund - Direct Plan - Daily Income Distribution cum Capital Withdrawal Option;;INF251K01GK5;10.0835;10.0835;10.0835;10-Dec-2015
120008;BNP Paribas LOW DURATION Fund - Direct Plan - Growth Option;INF251K01GJ7;;22.6728;22.6728;22.6728;10-Dec-2015
120009;BNP Paribas LOW DURATION Fund - Direct Plan - Monthly Income Distribution cum Capital Withdrawal Option;INF251K01GN9;INF251K01GO7;10.0000;10.0000;10.0000;10-Dec-2015
120010;BNP Paribas LOW DURATION Fund - Direct Plan - Weekly Income Distribution cum Capital Withdrawal Option;INF251K01GL3;INF251K01GM1;10.0102;10.0102;10.0102;10-Dec-2015
117944;BNP PARIBAS LOW DURATION FUND DAILY Income Distribution cum Capital Withdrawal OPTION;;INF251K01DR7;10.0604;10.0604;10.0604;10-Dec-2015
117945;BNP PARIBAS LOW DURATION FUND GROWTH OPTION;INF251K01DQ9;;22.2059;22.2059;22.2059;10-Dec-2015
117947;BNP PARIBAS LOW DURATION FUND MONTHLY Income Distribution cum Capital Withdrawal OPTION;INF251K01DU1;INF251K01DV9;10.0191;10.0191;10.0191;10-Dec-2015
117946;BNP PARIBAS LOW DURATION FUND WEEKLY Income Distribution cum Capital Withdrawal OPTION;INF251K01DS5;INF251K01DT3;10.0102;10.0102;10.0102;10-Dec-2015
113483;BNP PARIBAS LOW DURATION Fund-Regular Plan- Daily Income Distribution cum Capital Withdrawal Option (Compulsory Reinvestment);;INF251K01DM8;10.0499;10.0499;10.0499;10-Dec-2015
113476;BNP PARIBAS LOW DURATION Fund-Regular Plan-Growth Option;INF251K01DL0;;21.5919;21.5919;21.5919;10-Dec-2015
113478;BNP PARIBAS LOW DURATION Fund-Regular Plan-Monthly Income Distribution cum Capital Withdrawal Option;INF251K01DO4;INF251K01DP1;10.0198;10.0198;10.0198;10-Dec-2015
113477;BNP PARIBAS LOW DURATION Fund-Regular Plan-Weekly Income Distribution cum Capital Withdrawal Option;;INF251K01DN6;10.0102;10.0102;10.0102;10-Dec-2015

Canara Robeco Mutual Fund
118293;CANARA ROBECO SAVINGS FUND - DIRECT PLAN - DAILY IDCW (Reinvestment);;INF760K01EM6;10.2600;10.2600;10.2600;10-Dec-2015
118291;CANARA ROBECO SAVINGS FUND - DIRECT PLAN - GROWTH OPTION;INF760K01ET1;;23.1022;23.1022;23.1022;10-Dec-2015
118292;CANARA ROBECO SAVINGS FUND - DIRECT PLAN - IDCW (Payout/Reinvestment);INF760K01EP9;INF760K01EQ7;20.6899;20.6899;20.6899;10-Dec-2015
118295;CANARA ROBECO SAVINGS FUND - DIRECT PLAN - MONTHLY IDCW (Payout/Reinvestment);INF760K01EN4;INF760K01EO2;10.2824;10.2824;10.2824;10-Dec-2015
118294;CANARA ROBECO SAVINGS FUND - DIRECT PLAN - WEEKLY IDCW (Payout/Reinvestment);INF760K01ER5;INF760K01ES3;10.2616;10.2616;10.2616;10-Dec-2015
104559;CANARA ROBECO SAVINGS FUND - REGULAR PLAN - DAILY IDCW (Reinvestment);;INF760K01803;10.2600;10.2600;10.2600;10-Dec-2015
102913;CANARA ROBECO SAVINGS FUND - REGULAR PLAN - GROWTH OPTION;INF760K01795;;22.9988;22.9988;22.9988;10-Dec-2015
102914;CANARA ROBECO SAVINGS FUND - REGULAR PLAN - IDCW (Payout/Reinvestment);INF760K01779;INF760K01787;20.5979;20.5979;20.5979;10-Dec-2015
113144;CANARA ROBECO SAVINGS FUND - REGULAR PLAN - MONTHLY IDCW (Payout/Reinvestment);INF760K01AM4;INF760K01AN2;10.2818;10.2818;10.2818;10-Dec-2015
102915;CANARA ROBECO SAVINGS FUND - REGULAR PLAN - WEEKLY IDCW (Payout/Reinvestment);INF760K01CB3;INF760K01811;10.2616;10.2616;10.2616;10-Dec-2015

DSP Mutual Fund
133925;DSP Low Duration Fund - Direct Plan - Growth;INF740K013Q1;;10.6971;10.6971;10.6971;10-Dec-2015
133922;DSP Low Duration Fund - Direct Plan - IDCW - Daily;;INF740KA1OL5;10.0414;10.0414;10.0414;10-Dec-2015
133928;DSP Low Duration Fund - Direct Plan - IDCW - Monthly;INF740K014Q9;INF740K015Q6;11.2263;11.2263;11.2263;10-Dec-2015
133924;DSP Low Duration Fund - Direct Plan - IDCW - Quarterly;INF740K016Q4;INF740K017Q2;10.1861;10.1861;10.1861;10-Dec-2015
133923;DSP Low Duration Fund - Direct Plan - IDCW - Weekly;INF740KA1OM3;INF740KA1ON1;10.0414;10.0414;10.0414;10-Dec-2015
133926;DSP Low Duration Fund - Regular Plan - Growth;INF740K018P2;;10.6690;10.6690;10.6690;10-Dec-2015
133919;DSP Low Duration Fund - Regular Plan - IDCW - Daily;;INF740KA1OO9;10.0437;10.0437;10.0437;10-Dec-2015
133920;DSP Low Duration Fund - Regular Plan - IDCW - Monthly;INF740K019P0;INF740K010Q7;10.1551;10.1551;10.1551;10-Dec-2015
133921;DSP Low Duration Fund - Regular Plan - IDCW - Quarterly;INF740K011Q5;INF740K012Q3;10.1783;10.1783;10.1783;10-Dec-2015
133927;DSP Low Duration Fund - Regular Plan - IDCW - Weekly;INF740KA1OP6;INF740KA1OQ4;10.0402;10.0402;10.0402;10-Dec-2015

Franklin Templeton Mutual Fund
118530;Franklin India Low Duration Fund - Direct - Growth;INF090I01HG7;;16.5191;16.4365;16.5191;10-Dec-2015
118528;Franklin India Low Duration Fund - Direct - Monthly - IDCW;INF090I01HC6;INF090I01HD4;10.6477;10.5945;10.6477;10-Dec-2015
118529;Franklin India Low Duration Fund - Direct - Quarterly - IDCW;INF090I01HE2;INF090I01HF9;10.6451;10.5919;10.6451;10-Dec-2015
113135;Franklin India Low Duration Fund - Growth Plan;INF090I01BU1;;16.3823;16.3004;16.3823;10-Dec-2015
100503;Franklin India Low Duration Fund - Monthly - IDCW;INF090I01BQ9;INF090I01BR7;10.5432;10.4905;10.5432;10-Dec-2015
100504;Franklin India Low Duration Fund - Quarterly - IDCW;INF090I01BS5;INF090I01BT3;10.5391;10.4864;10.5391;10-Dec-2015

HDFC Mutual Fund
105548;HDFC Low Duration  Fund - Daily IDCW;;INF179K01434;10.032;10.032;10.032;10-Dec-2015
118945;HDFC Low Duration  Fund - Direct Plan - Daily IDCW;;;10.0315;10.0315;10.0315;10-Dec-2015
118942;HDFC Low Duration  Fund - Direct Plan - Growth;INF179K01VF7;;31.6783;31.6783;31.6783;10-Dec-2015
118943;HDFC Low Duration  Fund - Direct Plan - Monthly IDCW;INF179K01VG5;INF179K01VH3;10.158;10.158;10.158;10-Dec-2015
118944;HDFC Low Duration  Fund - Direct Plan - Weekly IDCW;;;10.0842;10.0842;10.0842;10-Dec-2015
102452;HDFC Low Duration  Fund - Growth;INF179K01442;;31.0211;31.0211;31.0211;10-Dec-2015
105543;HDFC Low Duration  Fund - Monthly IDCW;INF179K01459;INF179K01467;10.0633;10.0633;10.0633;10-Dec-2015
102453;HDFC Low Duration  Fund - Weekly IDCW;INF179K01475;INF179K01483;10.0636;10.0636;10.0636;10-Dec-2015
105547;HDFC Low Duration Fund- Wholesale Daily Dividend;;INF179K01541;10.0415;10.0415;10.0415;10-Dec-2015
105546;HDFC Low Duration Fund- Wholesale Monthly Dividend;INF179K01509;INF179K01517;10.0713;10.0713;10.0713;10-Dec-2015
105545;HDFC Low Duration Fund- Wholesale Weekly Dividend;INF179K01525;;10.0642;10.0642;10.0642;10-Dec-2015
105544;HDFC Low Duration Fund- Wholesale- Growth;INF179K01491;;32.2668;32.2668;32.2668;10-Dec-2015

HSBC Mutual Fund
104344;HSBC Low Duration Fund  - Growth;INF336L01AH1;;13.0604;13.0604;13.0604;10-Dec-2015
104350;HSBC Low Duration Fund  - Regular - Growth;INF336L01AP4;;19.0496;19.0496;19.0496;10-Dec-2015
104342;HSBC Low Duration Fund - Daily IDCW;;INF336L01AO7;10.0021;10.0021;10.0021;10-Dec-2015
120066;HSBC Low Duration Fund - Direct Growth;INF336L01EG5;;13.3013;13.3013;13.3013;10-Dec-2015
120065;HSBC Low Duration Fund - Direct Monthly IDCW;;INF336L01EF7;10.084;10.084;10.084;10-Dec-2015
104349;HSBC Low Duration Fund - Inst.Plus - Daily IDCW;;INF336L01AS8;14.5525;14.5525;14.5525;10-Dec-2015
104352;HSBC Low Duration Fund - Regular Monthly IDCW;;INF336L01AL3;10.0314;10.0314;10.0314;10-Dec-2015
104343;HSBC Low Duration Fund - Weekly IDCW;;INF336L01AQ2;10.0015;10.0015;10.0015;10-Dec-2015

ICICI Prudential Mutual Fund
130900;ICICI Prudential Savings Fund - Bonus;INF109KA1I92;;111.2328;111.2328;111.2328;10-Dec-2015
101618;ICICI Prudential Savings Fund - Daily IDCW;INF109K01738;;105.7358;105.7358;105.7358;10-Dec-2015
120397;ICICI Prudential Savings Fund - Direct Plan - Daily IDCW;;INF109K01O66;105.7358;105.7358;105.7358;10-Dec-2015
122904;ICICI Prudential Savings Fund - Direct Plan - Fortnightly IDCW;INF109K016Y3;INF109K015Y5;100.9773;100.9773;100.9773;10-Dec-2015
120398;ICICI Prudential Savings Fund - Direct Plan - Growth;INF109K01O82;;279.4679;279.4679;279.4679;10-Dec-2015
120399;ICICI Prudential Savings Fund - Direct Plan - IDCW Others;INF109K01O90;INF109K01O74;111.8442;111.8442;111.8442;10-Dec-2015
122651;ICICI Prudential Savings Fund - Direct Plan - Monthly IDCW;INF109K018Y9;INF109K017Y1;100.7561;100.7561;100.7561;10-Dec-2015
122982;ICICI Prudential Savings Fund - Direct Plan - Quarterly IDCW;INF109K010Z3;INF109K019Y7;103.9730;103.9730;103.9730;10-Dec-2015
120396;ICICI Prudential Savings Fund - Direct Plan - Weekly IDCW;INF109K01P08;INF109K01P16;105.5149;105.5149;105.5149;10-Dec-2015
130952;ICICI Prudential Savings Fund - Direct Plan Bonus;INF109KA1I01;;111.3250;111.3250;111.3250;10-Dec-2015
122748;ICICI Prudential Savings Fund - Fortnightly IDCW;INF109K012Z9;INF109K011Z1;100.8122;100.8122;100.8122;10-Dec-2015
101619;ICICI Prudential Savings Fund - Growth;INF109K01746;;278.8078;278.8078;278.8078;10-Dec-2015
115511;ICICI Prudential Savings Fund - IDCW Others;INF109K01WO4;INF109K01WN6;111.4038;111.4038;111.4038;10-Dec-2015
122531;ICICI Prudential Savings Fund - Monthly IDCW;INF109K014Z5;INF109K013Z7;100.7302;100.7302;100.7302;10-Dec-2015
122995;ICICI Prudential Savings Fund - Quarterly IDCW;INF109K016Z0;INF109K015Z2;103.8602;103.8602;103.8602;10-Dec-2015
101617;ICICI Prudential Savings Fund - Weekly IDCW;INF109K01JO1;INF109K01753;105.4675;105.4675;105.4675;10-Dec-2015
111795;ICICI Prudential Savings Fund Retail Daily Dividend;INF109K01EI4;INF109K01BW1;100.3710;100.3710;100.3710;10-Dec-2015
111794;ICICI Prudential Savings Fund Retail Growth;INF109K01BX9;;163.1351;163.1351;163.1351;10-Dec-2015
111793;ICICI Prudential Savings Fund Retail Weekly Dividend;INF109K01EJ2;INF109K01BY7;100.4402;100.4402;100.4402;10-Dec-2015

Invesco Mutual Fund
105025;Invesco India Low Duration Fund - Daily IDCW (Reinvestment);;INF205K01HZ7;1001.7200;1001.7200;1001.7200;10-Dec-2015
120567;Invesco India Low Duration Fund - Direct Plan - Discretionary IDCW (Payout / Reinvestment);INF205K01NW2;INF205K01NX0;1365.6085;1365.6085;1365.6085;10-Dec-2015
120570;Invesco India Low Duration Fund - Direct Plan - Growth;INF205K01NY8;;2054.6605;2054.6605;2054.6605;10-Dec-2015
120571;Invesco India Low Duration Fund - Direct Plan - Monthly IDCW (Payout / Reinvestment);INF205K01NZ5;INF205K01OA6;1049.3471;1049.3471;1049.3471;10-Dec-2015
120568;Invesco India Low Duration Fund - Direct Plan - Weekly IDCW (Payout / Reinvestment);INF205K01OB4;INF205K01OC2;1116.2335;1116.2335;1116.2335;10-Dec-2015
120566;Invesco India Low Duration Fund - Direct Plan -Daily IDCW (Reinvestment);;INF205K01NV4;1017.9037;1017.9037;1017.9037;10-Dec-2015
115458;Invesco India Low Duration Fund - Discretionary IDCW (Payout / Reinvestment);INF205K01IG5;INF205K01IF7;1298.4927;1298.4927;1298.4927;10-Dec-2015
104726;Invesco India Low Duration Fund - Growth;INF205K01HY0;;2034.4560;2034.4560;2034.4560;10-Dec-2015
104729;Invesco India Low Duration Fund - Monthly IDCW (Payout / Reinvestment);INF205K01ID2;INF205K01IC4;1028.6152;1028.6152;1028.6152;10-Dec-2015
104728;Invesco India Low Duration Fund - Regular - Growth;INF205K01HT0;;1912.8122;1912.8122;1912.8122;10-Dec-2015
104723;Invesco India Low Duration Fund - Regular - Monthly IDCW (Reinvestment);;INF205K01HW4;1068.4693;1068.4693;1068.4693;10-Dec-2015
104722;Invesco India Low Duration Fund - Regular - Weekly IDCW (Reinvestment);;INF205K01HV6;1111.3595;1111.3595;1111.3595;10-Dec-2015
105024;Invesco India Low Duration Fund - Regular Daily IDCW (Reinvestment);;INF205K01HU8;1077.8283;1077.8283;1077.8283;10-Dec-2015
104725;Invesco India Low Duration Fund - Weekly IDCW (Payout / Reinvestment);INF205K01IB6;INF205K01IA8;1039.3928;1039.3928;1039.3928;10-Dec-2015
130794;Invesco India Treasury Advantage Fund - Annual Bonus;INF205K01P35;;2034.4426;2034.4426;2034.4426;10-Dec-2015
104727;Invesco India Treasury Advantage Fund - Bonus;INF205K01IE0;;1130.2538;1130.2538;1130.2538;10-Dec-2015
120569;Invesco India Treasury Advantage Fund - Direct Plan - Bonus;INF205K01NU6;;1141.4839;1141.4839;1141.4839;10-Dec-2015
104724;Invesco India Ultra Short Term Fund - Regular - Bonus;INF205K01HX2;;1844.6502;1844.6502;1844.6502;10-Dec-2015

Kotak Mahindra Mutual Fund
133807;Kotak Low Duration - Regular Plan-Weekly Reinvestment of Income Distribution cum capital withdrawal option;INF178L01236;;1014.8178;1004.6696;1014.8178;10-Dec-2015
133812;Kotak Low Duration Fund - Direct Plan- Standard Income Distribution cum capital withdrawal option;INF178L01AZ9;INF178L01AY2;1039.8434;1029.445;1039.8434;10-Dec-2015
133813;Kotak Low Duration Fund Direct Plan- Bonus Option;INF178L01BB8;;1310.1451;1297.0436;1310.1451;10-Dec-2015
133810;Kotak Low Duration Fund- Direct Plan- Growth Option;INF178L01AX4;;1802.2739;1784.2512;1802.2739;10-Dec-2015
133811;Kotak Low Duration Fund- Direct Plan- Weekly Reinvestment of Income Distribution cum capital withdrawal option;INF178L01BA0;;1104.7231;1093.6759;1104.7231;10-Dec-2015
133805;Kotak Low Duration Fund- Regular Plan-Growth Option;INF178L01202;;1777.0469;1759.2764;1777.0469;10-Dec-2015
133809;Kotak Low Duration Fund- Regular Plan-Standard Income Distribution cum capital withdrawal option;INF178L01210;INF178L01228;1024.2736;1014.0309;1024.2736;10-Dec-2015
133802;Kotak Low Duration Fund-Retail Plan-Growth Option;INF178L01160;;1825.9904;1807.7305;1825.9904;10-Dec-2015
133808;Kotak Low Duration Fund-Retail Plan-Monthly Dividend Option;INF178L01186;;1032.6441;1022.3177;1032.6441;10-Dec-2015
133804;Kotak Low Duration Fund-Retail Plan-Weekly Dividend Option;INF178L01194;;1031.5302;1021.2149;1031.5302;10-Dec-2015

L&T Mutual Fund
134422;L&T Low Duration Fund - Regular Plan - Annual IDCW;INF917K01VX3;INF917K01VW5;10.2741;10.2227;10.2741;10-Dec-2015
119809;L&T Low Duration Fund-Direct Plan-Growth;INF917K01GM7;;15.5154;15.4378;15.5154;10-Dec-2015
119808;L&T Low Duration Fund-Direct Plan-IDCW;INF917K01GK1;;10.6640;10.6107;10.6640;10-Dec-2015
118133;L&T Low Duration Fund-Regular Plan - Growth;INF677K01452;;15.3989;15.3219;15.3989;10-Dec-2015
118134;L&T Low Duration Fund-Regular Plan - IDCW;INF677K01460;INF677K01478;10.4891;10.4367;10.4891;10-Dec-2015

LIC Mutual Fund
120316;LIC MF Low Duration Fund-Direct Plan-Daily IDCW;INF767K01FL0;INF767K01FN6;10.1000;10.1000;10.1000;10-Dec-2015
120315;LIC MF Low Duration Fund-Direct Plan-Growth;INF767K01FM8;;23.0274;23.0274;23.0274;10-Dec-2015
120317;LIC MF Low Duration Fund-Direct Plan-Monthly IDCW;INF767K01FP1;INF767K01FO4;12.1700;12.1700;12.1700;10-Dec-2015
120318;LIC MF Low Duration Fund-Direct Plan-Weekly IDCW;INF767K01JJ6;INF767K01JK4;10.5044;10.5044;10.5044;10-Dec-2015
111676;LIC MF Low Duration Fund-Regular Plan-Daily IDCW;INF767K01AK3;INF767K01AL1;10.1611;10.1611;10.1611;10-Dec-2015
101830;LIC MF Low Duration Fund-Regular Plan-Growth;INF767K01AO5;;22.5367;22.5367;22.5367;10-Dec-2015
101829;LIC MF Low Duration Fund-Regular Plan-Monthly IDCW;INF767K01AM9;INF767K01AN7;10.2224;10.2224;10.2224;10-Dec-2015
111675;LIC MF Low Duration Fund-Regular Plan-Weekly IDCW;INF767K01AP2;INF767K01AQ0;10.1018;10.1018;10.1018;10-Dec-2015

Mirae Asset Mutual Fund
118843;Mirae Asset Low Duration Fund - Direct Plan - Daily IDCW;;INF769K01BR2;1200.3753;1200.3753;1200.3753;10-Dec-2015
118840;Mirae Asset Low Duration Fund - Direct Plan - Growth;INF769K01BO9;;1327.1977;1327.1977;1327.1977;10-Dec-2015
118841;Mirae Asset Low Duration Fund - Direct Plan - Monthly IDCW;INF769K01BP6;INF769K01BT8;1028.4759;1028.4759;1028.4759;10-Dec-2015
118842;Mirae Asset Low Duration Fund - Direct Plan - Quarterly IDCW;INF769K01BQ4;INF769K01BU6;1053.2235;1053.2235;1053.2235;10-Dec-2015
118844;Mirae Asset Low Duration Fund - Direct Plan - Weekly IDCW;;INF769K01BS0;1290.1255;1290.1255;1290.1255;10-Dec-2015
107700;Mirae Asset Low Duration Fund - Regular Plan - Daily IDCW;;INF769K01986;1016.0017;1016.0017;1016.0017;10-Dec-2015
107705;Mirae Asset Low Duration Fund - Regular Plan - Growth;INF769K01937;;1298.4875;1298.4875;1298.4875;10-Dec-2015
107704;Mirae Asset Low Duration Fund - Regular Plan - Monthly IDCW;INF769K01960;INF769K01AA0;1086.5604;1086.5604;1086.5604;10-Dec-2015
107702;Mirae Asset Low Duration Fund - Regular Plan - Quarterly IDCW;INF769K01978;INF769K01AB8;1031.1983;1031.1983;1031.1983;10-Dec-2015
107701;Mirae Asset Low Duration Fund - Regular Plan - Weekly IDCW;;INF769K01994;1105.7423;1105.7423;1105.7423;10-Dec-2015
107698;Mirae Asset Savings Fund-Regular Plan- Daily Dividend;;INF769K01895;1467.4510;1467.4510;1467.4510;10-Dec-2015
107695;Mirae Asset Savings Fund-Regular Plan- Growth;INF769K01846;;1539.5227;1539.5227;1539.5227;10-Dec-2015
107697;Mirae Asset Savings Fund-Regular Plan- Monthly Dividend;INF769K01879;INF769K01911;1470.9799;1470.9799;1470.9799;10-Dec-2015
107696;Mirae Asset Savings Fund-Regular Plan- Weekly Dividend;;INF769K01903;1467.3519;1467.3519;1467.3519;10-Dec-2015

Nippon India Mutual Fund
111747;NIPPON INDIA LOW DURATION FUND - DAILY IDCW Option;;INF204K01EX2;1002.7500;1002.7500;1002.7500;10-Dec-2015
118703;NIPPON INDIA LOW DURATION FUND - DIRECT Plan - DAILY IDCW Option;;INF204K01ZV1;1002.7500;1002.7500;1002.7500;10-Dec-2015
125264;NIPPON INDIA LOW DURATION FUND - DIRECT Plan - IDCW Option;INF204KA1EK7;INF204KA1EL5;1114.9560;1114.9560;1114.9560;10-Dec-2015
118704;NIPPON INDIA LOW DURATION FUND - DIRECT Plan - MONTHLY IDCW Option;INF204K01ZX7;INF204K01ZY5;1016.6704;1016.6704;1016.6704;10-Dec-2015
118705;NIPPON INDIA LOW DURATION FUND - DIRECT Plan - QUARTERLY IDCW Option;INF204K01ZZ2;INF204K01A09;1024.0948;1024.0948;1024.0948;10-Dec-2015
118706;NIPPON INDIA LOW DURATION FUND - DIRECT Plan - WEEKLY IDCW Option;INF204K01A17;;1002.9835;1002.9835;1002.9835;10-Dec-2015
118702;Nippon India Low Duration Fund - Direct Plan Growth Plan - Bonus Option;INF204K01G03;;1188.1778;1188.1778;1188.1778;10-Dec-2015
118709;Nippon India Low Duration Fund - Direct Plan Growth Plan - Growth Option;INF204K01ZU3;;2045.4053;2045.4053;2045.4053;10-Dec-2015
125265;NIPPON INDIA LOW DURATION FUND - IDCW Option;INF204KA1EI1;INF204KA1EJ9;1109.5339;1109.5339;1109.5339;10-Dec-2015
111749;NIPPON INDIA LOW DURATION FUND - MONTHLY IDCW Option;INF204K01EZ7;INF204K01FA7;1013.3489;1013.3489;1013.3489;10-Dec-2015
111750;NIPPON INDIA LOW DURATION FUND - QUARTERLY IDCW Option;INF204K01FB5;INF204K01FC3;1022.5499;1022.5499;1022.5499;10-Dec-2015
111744;NIPPON INDIA LOW DURATION FUND - RETAIL Plan - DAILY IDCW Option;;INF204K01EP8;1002.7500;1002.7500;1002.7500;10-Dec-2015
111748;Nippon India Low Duration Fund - Retail Plan - Growth Plan - Growth Option;INF204K01EN3;;1969.1026;1969.1026;1969.1026;10-Dec-2015
111743;Nippon India Low Duration Fund - Retail Plan - Growth Plan -Bonus Option;INF204K01EO1;;1467.2967;1467.2967;1467.2967;10-Dec-2015
111751;NIPPON INDIA LOW DURATION FUND - RETAIL Plan - MONTHLY IDCW Option;INF204K01ER4;INF204K01ES2;1013.9605;1013.9605;1013.9605;10-Dec-2015
111752;NIPPON INDIA LOW DURATION FUND - RETAIL Plan - QUARTERLY IDCW Option;INF204K01ET0;INF204K01EU8;1041.0975;1041.0975;1041.0975;10-Dec-2015
111745;NIPPON INDIA LOW DURATION FUND - RETAIL Plan - WEEKLY IDCW Option;INF204K01OP7;INF204K01EQ6;1003.1333;1003.1333;1003.1333;10-Dec-2015
111754;NIPPON INDIA LOW DURATION FUND - WEEKLY IDCW Option;INF204K01OO0;INF204K01EY0;1002.9676;1002.9676;1002.9676;10-Dec-2015
111746;Nippon India Low Duration Fund -Growth Plan -Bonus Option;INF204K01EW4;;1174.5735;1174.5735;1174.5735;10-Dec-2015
111753;Nippon India Low Duration Fund- Growth Plan - Growth Option;INF204K01EV6;;2023.0062;2023.0062;2023.0062;10-Dec-2015

Principal Mutual Fund
119445;Principal Low Duration Fund - Direct Plan - Daily Income Distribution CUM Capital Withdrawal Option;;INF173K01FR8;1003.3517;1003.3517;1003.3517;10-Dec-2015
119448;Principal Low Duration Fund - Direct Plan - Growth Option;INF173K01FS6;;2372.8148;2372.8148;2372.8148;10-Dec-2015
119447;Principal Low Duration Fund - Direct Plan - Monthly Income Distribution CUM Capital Withdrawal Option;INF173K01FT4;INF173K01FU2;1144.4855;1144.4855;1144.4855;10-Dec-2015
119446;Principal Low Duration Fund - Direct Plan - Weekly Income Distribution CUM Capital Withdrawal Option;;INF173K01FW8;1003.9335;1003.9335;1003.9335;10-Dec-2015
102723;Principal Low Duration Fund - Weekly Income Distribution CUM Capital Withdrawal Option;;INF173K01DI2;1001.9946;1001.9946;1001.9946;10-Dec-2015
105461;Principal Low Duration Fund -Daily Income Distribution CUM Capital Withdrawal Option;;INF173K01DH4;1003.4214;1003.4214;1003.4214;10-Dec-2015
102722;Principal Low Duration Fund- Growth Option;INF173K01DG6;;2320.6968;2320.6968;2320.6968;10-Dec-2015
102724;Principal Low Duration Fund- Monthly Income Distribution CUM Capital Withdrawal Option;INF173K01DJ0;INF173K01DK8;1142.0991;1142.0991;1142.0991;10-Dec-2015

SBI Mutual Fund
119810;SBI Magnum Low Duration Fund - Direct Plan - Daily Income Distribution cum Capital Withdrawal Option (IDCW);;INF200K01VJ3;1005.7497;1005.7497;1005.7497;10-Dec-2015
119811;SBI Magnum Low Duration Fund - Direct Plan - Fortnightly Income Distribution cum Capital Withdrawal Option (IDCW);INF200K01VK1;INF200K01VL9;1028.7119;1028.7119;1028.7119;10-Dec-2015
119812;SBI MAGNUM LOW DURATION FUND - DIRECT PLAN - GROWTH;INF200K01VM7;;1902.0048;1902.0048;1902.0048;10-Dec-2015
119818;SBI Magnum Low Duration Fund - Direct Plan - Monthly Income Distribution cum Capital Withdrawal Option (IDCW);INF200K01VN5;INF200K01VO3;1069.4424;1069.4424;1069.4424;10-Dec-2015
119819;SBI Magnum Low Duration Fund - Direct Plan - Weekly Income Distribution cum Capital Withdrawal Option (IDCW);INF200K01VP0;INF200K01VQ8;1011.0941;1011.0941;1011.0941;10-Dec-2015
106213;SBI Magnum Low Duration Fund - Regular Plan - Daily Income Distribution cum Capital Withdrawal Option (IDCW);;INF200K01ML8;1004.4009;1004.4009;1004.4009;10-Dec-2015
106215;SBI Magnum Low Duration Fund - Regular Plan - Fornightly Income Distribution cum Capital Withdrawal Option (IDCW);INF200K01MM6;INF200K01MN4;1028.7064;1028.7064;1028.7064;10-Dec-2015
106212;SBI MAGNUM LOW DURATION FUND - REGULAR PLAN - GROWTH;INF200K01MO2;;1897.8979;1897.8979;1897.8979;10-Dec-2015
106216;SBI Magnum Low Duration Fund - Regular Plan - Monthly Income Distribution cum Capital Withdrawal Option (IDCW);INF200K01MP9;INF200K01MQ7;1067.6758;1067.6758;1067.6758;10-Dec-2015
106214;SBI Magnum Low Duration Fund - Regular Plan - Weekly Income Distribution cum Capital Withdrawal Option (IDCW);INF200K01MR5;INF200K01MS3;1011.0885;1011.0885;1011.0885;10-Dec-2015
106221;SBI Short Horizon Debt Fund - Ultra Short Term Fund - Institutional Plan - Daily Income Distribution cum Capital Withdrawal Option (IDCW);;INF200K01MD5;1004.0483;1004.0483;1004.0483;10-Dec-2015
106217;SBI Short Horizon Debt Fund - Ultra Short Term Fund - Institutional Plan - Growth;INF200K01MG8;;1930.9797;1930.9797;1930.9797;10-Dec-2015
106224;SBI Short Horizon Debt Fund - Ultra Short Term Fund - Institutional Plan - Monthly Income Distribution cum Capital Withdrawal Option (IDCW);INF200K01MH6;INF200K01MI4;N.A.;N.A.;N.A.;10-Dec-2015
106222;SBI Short Horizon Debt Fund - Ultra Short Term Fund- Institutional Plan - Weekly Income Distribution cum Capital Withdrawal Option (IDCW);INF200K01MJ2;INF200K01MK0;1005.5627;1005.5627;1005.5627;10-Dec-2015
106223;SBI Short Horizon Debt Fund -Ultra Short Term Fund - Institutional Plan - Fortnightly Income Distribution cum Capital Withdrawal Option (IDCW);INF200K01ME3;INF200K01MF0;N.A.;N.A.;N.A.;10-Dec-2015

Sundaram Mutual Fund
119679;Sundaram Low Duration Fund Direct Plan - Daily Reinvestment of Income Distribution cum Capital Withdrawal (IDCW);;INF903J01QY3;10.0439;10.0439;10.0439;10-Dec-2015
119681;Sundaram Low Duration Fund Direct Plan - Fortnightly Income Distribution cum Capital Withdrawal (IDCW);INF903J01QZ0;INF903J01RA1;11.3858;11.3858;11.3858;10-Dec-2015
119680;Sundaram Low Duration Fund Direct Plan - Growth;INF903J01RB9;;20.4223;20.4223;20.4223;10-Dec-2015
119682;Sundaram Low Duration Fund Direct Plan - Income Distribution cum Capital Withdrawal (IDCW);INF903J01RR5;INF903J01RG8;11.0043;11.0043;11.0043;10-Dec-2015
119677;Sundaram Low Duration Fund Direct Plan - Weekly Income Distribution cum Capital Withdrawal (IDCW);INF903J01RF0;;11.6590;11.6590;11.6590;10-Dec-2015
119683;Sundaram Low Duration Fund Direct Plan -Growth;INF903J01RQ7;;11.6664;11.6664;11.6664;10-Dec-2015
119678;Sundaram Low Duration Fund Direct Plan -Income Distribution cum Capital Withdrawal (IDCW);INF903J01RC7;INF903J01RD5;11.3493;11.3493;11.3493;10-Dec-2015
105554;Sundaram Low Duration Fund Institutional Plan - Daily Reinvestment of Income Distribution cum Capital Withdrawal (IDCW);;INF903J01RE3;10.0370;10.0370;10.0370;10-Dec-2015
105562;Sundaram Low Duration Fund Institutional Plan - Growth;INF903J01EG6;;19.4754;19.4754;19.4754;10-Dec-2015
105561;Sundaram Low Duration Fund Institutional Plan - Income Distribution cum Capital Withdrawal (IDCW);INF903J01EH4;INF903J01EL6;10.7517;10.7517;10.7517;10-Dec-2015
105565;Sundaram Low Duration Fund Regular Plan - Daily Reinvestment of Income Distribution cum Capital Withdrawal (IDCW);;INF903J01EP7;10.0370;10.0370;10.0370;10-Dec-2015
105557;Sundaram Low Duration Fund Regular Plan - Fortnightly Income Distribution cum Capital Withdrawal (IDCW);INF903J01JP6;INF903J01ER3;10.9957;10.9957;10.9957;10-Dec-2015
105563;Sundaram Low Duration Fund Regular Plan - Growth;INF903J01EN2;;20.1734;20.1734;20.1734;10-Dec-2015
105566;Sundaram Low Duration Fund Regular Plan - Income Distribution cum Capital Withdrawal (IDCW);INF903J01EO0;INF903J01ES1;10.8513;10.8513;10.8513;10-Dec-2015
105556;Sundaram Low Duration Fund Regular Plan - Weekly Income Distribution cum Capital Withdrawal (IDCW);INF903J01JO9;INF903J01EQ5;11.6107;11.6107;11.6107;10-Dec-2015
118329;Sundaram Low Duration Fund Regular Plan -Growth;INF903J01MG9;;11.5487;11.5487;11.5487;10-Dec-2015
105558;Sundaram Low Duration Fund Regular Plan -Income Distribution cum Capital Withdrawal (IDCW);INF903J01JQ4;INF903J01ET9;11.3076;11.3076;11.3076;10-Dec-2015
105553;Sundaram Low Duration Fund Retail Plan - Daily Reinvestment of Income Distribution cum Capital Withdrawal (IDCW);;INF903J01EB7;10.0370;10.0370;10.0370;10-Dec-2015
105550;Sundaram Low Duration Fund Retail Plan - Fortnightly Income Distribution cum Capital Withdrawal (IDCW);INF903J01JJ9;INF903J01ED3;10.8938;10.8938;10.8938;10-Dec-2015
105564;Sundaram Low Duration Fund Retail Plan - Growth;INF903J01DZ8;;18.4563;18.4563;18.4563;10-Dec-2015
105551;Sundaram Low Duration Fund Retail Plan - Income Distribution cum Capital Withdrawal (IDCW);INF903J01EA9;INF903J01EE1;10.6746;10.6746;10.6746;10-Dec-2015
105549;Sundaram Low Duration Fund Retail Plan - Weekly Income Distribution cum Capital Withdrawal (IDCW);INF903J01JI1;INF903J01EC5;11.4673;11.4673;11.4673;10-Dec-2015
105552;Sundaram Low Duration Fund Retail Plan -Income Distribution cum Capital Withdrawal (IDCW);INF903J01JK7;INF903J01EF8;11.1086;11.1086;11.1086;10-Dec-2015

Tata Mutual Fund
119863;Tata Treasury Advantage Fund - Direct Plan - Growth Option;INF277K01OK4;;2231.2588;2231.2588;2231.2588;10-Dec-2015
103159;Tata Treasury Advantage Fund - Regular Plan - Growth Option;INF277K01MA9;;2222.3007;2222.3007;2222.3007;10-Dec-2015
119864;Tata Treasury Advantage Fund Direct Plan - Daily Reinvestment of IDCW Option;;INF277K018B3;1003.5316;1003.5316;1003.5316;10-Dec-2015
119957;Tata Treasury Advantage Fund Direct Plan - Periodic Payout of IDCW Option;INF277K01OL2;INF277K01OM0;1415.3949;1415.3949;1415.3949;10-Dec-2015
119865;Tata Treasury Advantage Fund Direct Plan - Weekly Payout of IDCW Option;INF277K019B1;INF277K010C8;1008.2211;1008.2211;1008.2211;10-Dec-2015
103160;Tata Treasury Advantage Fund Regular Plan - Daily Reinvestment of IDCW Option;;INF277K01LZ8;1003.5288;1003.5288;1003.5288;10-Dec-2015
115464;Tata Treasury Advantage Fund Regular Plan - Periodic Payout of IDCW Option;INF277K01MC5;INF277K01ME1;1409.9685;1409.9685;1409.9685;10-Dec-2015
103158;Tata Treasury Advantage Fund Regular Plan - Weekly Payout of IDCW Option;INF277K01MD3;INF277K01MB7;1008.2102;1008.2102;1008.2102;10-Dec-2015

UTI Mutual Fund
120738;UTI Low Duration Fund - Direct Plan - Bonus Option;INF789F01XH5;;1684.1237;1684.1237;1684.1237;10-Dec-2015
120737;UTI Low Duration Fund - Direct Plan - Daily IDCW (Reinvestment);;INF789F01XE2;1002.354;1002.354;1002.354;10-Dec-2015
135191;UTI Low Duration Fund - Direct Plan - Fortnightly IDCW;INF789FA1O02;INF789FA1O10;1076.3493;1076.3493;0;10-Dec-2015
120735;UTI Low Duration Fund - Direct Plan - Growth Option;INF789F01XI3;;2018.8735;2018.8735;2018.8735;10-Dec-2015
120736;UTI Low Duration Fund - Direct Plan - Monthly IDCW;INF789F01XJ1;INF789F01XK9;1024.2685;1024.2685;1024.2685;10-Dec-2015
120734;UTI Low Duration Fund - Direct Plan - Quarterly IDCW;INF789F01XL7;INF789F01XM5;1125.8366;1125.8366;1125.8366;10-Dec-2015
120739;UTI Low Duration Fund - Direct Plan - Weekly IDCW;INF789F01XN3;INF789F01XO1;1009.6634;1009.6634;1009.6634;10-Dec-2015
102538;UTI Low Duration Fund - Discontinued - Annaul Dividend Option;INF789F01OK8;INF789F01OL6;1991.597;1991.597;0;10-Dec-2015
105578;UTI Low Duration Fund - Discontinued - Periodic Dividend Plan;;INF789F01349;1047.2279;1047.2279;0;10-Dec-2015
102541;UTI Low Duration Fund - Discontinued - Quarterly Dividend Option;INF789F01OO0;INF789F01OP7;1576.5614;1576.5614;0;10-Dec-2015
102539;UTI Low Duration Fund - Discontinued Bonus Option;INF789F01OM4;;2470.7432;2470.7432;0;10-Dec-2015
105659;UTI Low Duration Fund - Discontinued Flexi Dividend Plan;INF789F01PA6;;1085.8919;1085.8919;0;10-Dec-2015
102540;UTI Low Duration Fund - Discontinued Growth Option;INF789F01331;;3706.5279;3706.5279;0;10-Dec-2015
105670;UTI Low Duration Fund - Discontinued Monthly Dividend Option;INF789F01OY9;INF789F01OZ6;1083.6349;1083.6349;0;10-Dec-2015
102545;UTI Low Duration Fund - Regular Plan - Bonus Option;INF789F01OS1;;1680.2096;1680.2096;1680.2096;10-Dec-2015
105605;UTI Low Duration Fund - Regular Plan - Daily IDCW (Reinvestment);;INF789F01ON2;1002.3211;1002.3211;1002.3211;10-Dec-2015
133130;UTI Low Duration Fund - Regular Plan - Flexi IDCW;INF789FA1N86;INF789FA1N94;1075.3741;1075.3741;1075.3741;10-Dec-2015
133733;UTI Low Duration Fund - Regular Plan - Fortnightly IDCW;INF789FA1N45;INF789FA1N52;1075.7318;1075.7318;1075.7318;10-Dec-2015
102544;UTI Low Duration Fund - Regular Plan - Growth Option;INF789F01OT9;;2010.3246;2010.3246;2010.3246;10-Dec-2015
105658;UTI Low Duration Fund - Regular Plan - Monthly IDCW;INF789F01OU7;INF789F01OV5;1024.714;1024.714;1024.714;10-Dec-2015
115483;UTI Low Duration Fund - Regular Plan - Quarterly IDCW;INF789F01OW3;INF789F01OX1;1108.6747;1108.6747;1108.6747;10-Dec-2015
105627;UTI Low Duration Fund - Regular Plan - Weekly IDCW;INF789F01PB4;INF789F01PC2;1003.8997;1003.8997;1003.8997;10-Dec-2015

Open Ended Schemes ( Debt Scheme - Money Market Fund )


Aditya Birla Sun Life Mutual Fund
101973;Aditya Birla Sun Life Money Manager Fund - Daily IDCW;;INF209K01SZ6;100.0200;100.0200;100.0200;10-Dec-2015
119513;Aditya Birla Sun Life Money Manager Fund - Direct - daily IDCW;;INF209K01UT5;100.0200;100.0200;100.0200;10-Dec-2015
119512;Aditya Birla Sun Life Money Manager Fund - Direct - weekly IDCW;INF209K01UV1;INF209KA1LM3;100.1946;100.1946;100.1946;10-Dec-2015
101976;Aditya Birla Sun Life Money Manager Fund - Growth;INF209K01RV7;;196.5937;196.5937;196.5937;10-Dec-2015
119511;Aditya Birla Sun Life Money Manager Fund - Growth - Direct Plan;INF209K01UU3;;196.9578;196.9578;196.9578;10-Dec-2015
101972;Aditya Birla Sun Life Money Manager Fund - Retail - Daily IDCW;;INF209K01JZ5;100.0150;100.0150;100.0150;10-Dec-2015
101970;Aditya Birla Sun Life Money Manager Fund - RETAIL - WEEKLY IDCW;;INF209K01JY8;103.8662;103.8662;103.8662;10-Dec-2015
101971;Aditya Birla Sun Life Money Manager Fund - Retail Growth;INF209K01MJ3;;242.2681;242.2681;242.2681;10-Dec-2015
101974;Aditya Birla Sun Life Money Manager Fund - WEEKLY IDCW;;INF209K01SY9;100.1926;100.1926;100.1926;10-Dec-2015

Bandhan Mutual Fund
108698;Bandhan Money Market Fund - Daily Dividend;INF194K01MF5;INF194K01ME8;10.0378;10.0378;10.0378;10-Dec-2015
108697;Bandhan Money Market Fund - Growth;INF194K01MD0;;17.4112;17.4112;17.4112;10-Dec-2015
131389;Bandhan Money Market Fund - Regular Plan - Periodic IDCW;INF194KA1TG5;INF194KA1TH3;11.1132;11.1132;11.1132;10-Dec-2015
108701;Bandhan Money Market Fund - Regular Plan - Weekly IDCW;INF194K01LR2;INF194K01LQ4;10.0702;10.0702;10.0702;10-Dec-2015
118383;Bandhan Money Market Fund -Direct Plan-Daily IDCW;;INF194K01M98;10.0699;10.0699;10.0699;10-Dec-2015
118384;Bandhan Money Market Fund -Direct Plan-Growth;INF194K01M80;;23.5666;23.5666;23.5666;10-Dec-2015
118385;Bandhan Money Market Fund -Direct Plan-Monthly IDCW;INF194K01N22;INF194K01N14;10.2054;10.2054;10.2054;10-Dec-2015
131388;Bandhan Money Market Fund -Direct Plan-Periodic IDCW;INF194KA1TJ9;INF194KA1TK7;11.1455;11.1455;11.1455;10-Dec-2015
118386;Bandhan Money Market Fund -Direct Plan-Weekly IDCW;;INF194K01N48;10.0436;10.0436;10.0436;10-Dec-2015
108650;BANDHAN Money Market Fund - Regular Plan - Daily IDCW;INF194K01LL5;INF194K01LK7;10.0699;10.0699;10.0699;10-Dec-2015
108756;BANDHAN Money Market Fund - Regular Plan - Growth;INF194K01LJ9;;23.1260;23.1260;23.1260;10-Dec-2015
108757;BANDHAN Money Market Fund - Regular Plan - Monthly IDCW;INF194K01LO9;INF194K01LN1;10.2374;10.2374;10.2374;10-Dec-2015

DSP Mutual Fund
123288;DSP Savings Fund - Direct Plan -  IDCW - Daily;;INF740KA1PB3;10.0400;10.0400;10.0400;10-Dec-2015
119106;DSP Savings Fund - Direct Plan - Growth;INF740K01NU2;;29.7591;29.7591;29.7591;10-Dec-2015
119108;DSP Savings Fund - Direct Plan - IDCW;INF740K01NV0;INF740K01NX6;11.7821;11.7821;11.7821;10-Dec-2015
119107;DSP Savings Fund - Direct Plan - IDCW - Monthly;INF740K01NT4;INF740K01NW8;10.5192;10.5192;10.5192;10-Dec-2015
100087;DSP Savings Fund - Regular Plan - Growth;INF740K01714;;29.5461;29.5461;29.5461;10-Dec-2015
100088;DSP Savings Fund - Regular Plan - IDCW;INF740K01706;INF740K01AJ2;11.7590;11.7590;11.7590;10-Dec-2015
123287;DSP Savings Fund - Regular Plan - IDCW - Daily;;INF740KA1PC1;10.0564;10.0564;10.0564;10-Dec-2015
100089;DSP Savings Fund - Regular Plan - IDCW - Monthly;INF740K01722;INF740K01AK0;10.5012;10.5012;10.5012;10-Dec-2015

Franklin Templeton Mutual Fund
118506;Franklin India Money Market Fund - Direct - Growth;INF090I01GV8;;27.2417;27.1055;27.2417;10-Dec-2015
101357;Franklin India Money Market Fund - Growth Option;INF090I01CA1;;26.8436;26.7094;26.8436;10-Dec-2015
101359;Franklin India Money Market Fund - Institutional Option - Dividend;INF090I01BW7;INF090I01BV9;10.3734;10.3215;10.3734;10-Dec-2015
122443;Franklin India Money Market Fund Retail Option - Daily - IDCW;;INF090I01KM9;10.0569;10.0066;10.0569;10-Dec-2015
122444;Franklin India Money Market Fund Retail Option - Direct - Daily - IDCW;;INF090I01KN7;10.0000;9.9500;10.0000;10-Dec-2015
129437;Franklin India Money Market Fund Retail Option - Direct - Monthly - IDCW;INF090I01LC8;INF090I01LD6;10.3598;10.3080;10.3598;10-Dec-2015
118505;Franklin India Money Market Fund Retail Option - Direct - Quarterly - IDCW;INF090I01GT2;INF090I01GU0;11.3967;11.3397;11.3967;10-Dec-2015
129436;Franklin India Money Market Fund Retail Option - Monthly - IDCW;INF090I01LA2;INF090I01LB0;10.2214;10.1703;10.2214;10-Dec-2015
101356;Franklin India Money Market Fund Retail Option - Quarterly - IDCW;INF090I01BZ0;INF090I01BY3;11.2285;11.1724;11.2285;10-Dec-2015

HDFC Mutual Fund
101994;HDFC Money Market Fund - Daily IDCW Option;;INF179KB1IG6;1063.64;1063.64;1063.64;10-Dec-2015
119093;HDFC Money Market Fund - Daily IDCW Option - Direct Plan;;INF179KB1HZ8;1063.64;1063.64;1063.64;10-Dec-2015
101993;HDFC Money Market Fund - Growth Option;INF179KB1HR5;;3081.0019;3081.0019;3081.0019;10-Dec-2015
119092;HDFC Money Market Fund - Growth Option - Direct Plan;INF179KB1HU9;;3088.0813;3088.0813;3088.0813;10-Dec-2015
101995;HDFC Money Market Fund - Weekly IDCW Option;INF179KB1IH4;INF179KB1II2;1063.7077;1063.7077;1063.7077;10-Dec-2015
119094;HDFC Money Market Fund - Weekly IDCW Option -Direct Plan;INF179KB1IA9;INF179KB1IB7;1063.7426;1063.7426;1063.7426;10-Dec-2015

ICICI Prudential Mutual Fund
130946;ICICI Prudential Money Market Fund - Direct Plan Bonus;INF109KA1H85;;109.9894;109.9894;109.9894;10-Dec-2015
130945;ICICI Prudential Money Market Fund -Bonus;INF109KA1H93;;109.8889;109.8889;109.8889;10-Dec-2015
115328;ICICI Prudential Money Market Fund Dividend;INF109K01I72;;100.1098;100.1098;100.1098;10-Dec-2015
120209;ICICI Prudential Money Market Fund Option - Direct Plan -  Daily IDCW;;INF109K01R22;100.1435;100.1435;100.1435;10-Dec-2015
120210;ICICI Prudential Money Market Fund Option - Direct Plan -  Fortnightly IDCW;INF109K01R55;;100.8770;100.8770;100.8770;10-Dec-2015
120211;ICICI Prudential Money Market Fund Option - Direct Plan -  Growth;INF109K01R14;;204.5189;204.5189;204.5189;10-Dec-2015
120216;ICICI Prudential Money Market Fund Option - Direct Plan -  IDCW Others;INF109K01R30;;104.1172;104.1172;104.1172;10-Dec-2015
120213;ICICI Prudential Money Market Fund Option - Direct Plan -  Monthly IDCW;INF109K01R63;INF109K01R71;100.6390;100.6390;100.6390;10-Dec-2015
120212;ICICI Prudential Money Market Fund Option - Direct Plan -  Weekly IDCW;INF109K01R89;;100.4339;100.4339;100.4339;10-Dec-2015
101221;ICICI Prudential Money Market Fund Retail Growth (erstwhile Cash Option);INF109K01TW3;;227.6527;227.6527;227.6527;10-Dec-2015
103634;ICICI Prudential Money Market Fund Option - Daily IDCW;INF109K01TY9;;100.1295;100.1295;100.1295;10-Dec-2015
103633;ICICI Prudential Money Market Fund Option - Growth;INF109K01TX1;;204.1251;204.1251;204.1251;10-Dec-2015
130013;ICICI Prudential Money Market Fund Option - IDCW Others;INF109K01I64;;104.0773;104.0773;104.0773;10-Dec-2015
103637;ICICI Prudential Money Market Fund Option - Monthly IDCW;INF109K01UC3;INF109K01UB5;100.4881;100.4881;100.4881;10-Dec-2015
103635;ICICI Prudential Money Market Fund Option - Weekly IDCW;INF109K01TZ6;;100.1257;100.1257;100.1257;10-Dec-2015
103636;ICICI Prudential Money Market Fund Option -Fortnightly IDCW;INF109K01UA7;;100.4867;100.4867;100.4867;10-Dec-2015

Invesco Mutual Fund
115515;Invesco India Money Market Fund - Daily IDCW (Reinvestment);;INF205K01RU7;1000.2900;997.7893;1000.2900;10-Dec-2015
120506;Invesco India Money Market Fund - Direct Plan - Daily IDCW (Reinvestment);;INF205K01RV5;1000.2900;997.7893;1000.2900;10-Dec-2015
120508;Invesco India Money Market Fund - Direct Plan - Discretionary IDCW (Payout / Reinvestment);INF205K01RW3;INF205K01RX1;1496.2111;1492.4706;1496.2111;10-Dec-2015
120507;Invesco India Money Market Fund - Direct Plan - Growth;INF205K01RY9;;1700.7096;1696.4578;1700.7096;10-Dec-2015
120509;Invesco India Money Market Fund - Direct Plan - Monthly IDCW (Payout / Reinvestment);INF205K01RZ6;INF205K01SA7;1020.6282;1018.0766;1020.6282;10-Dec-2015
116653;Invesco India Money Market Fund - Discretionary IDCW (Payout / Reinvestment);INF205K01SB5;INF205K01SC3;1690.1943;1685.9688;1690.1943;10-Dec-2015
112123;Invesco India Money Market Fund - Growth;INF205K01SD1;;1688.0198;1683.7998;1688.0198;10-Dec-2015
112125;Invesco India Money Market Fund - Monthly IDCW (Payout / Reinvestment);INF205K01SE9;INF205K01SF6;1020.5376;1017.9863;1020.5376;10-Dec-2015
112120;Invesco India Money Market Fund - Regular - Growth;INF205K01SG4;;1597.5722;1593.5783;1597.5722;10-Dec-2015
112122;Invesco India Money Market Fund - Regular - Monthly IDCW (Payout / Reinvestment);INF205K01SH2;INF205K01SI0;1023.6389;1021.0798;1023.6389;10-Dec-2015
116488;Invesco India Money Market Fund - Regular Plan - Daily IDCW (Reinvestment);;INF205K01UW7;1002.0000;999.4950;1002.0000;10-Dec-2015
122795;Religare Invesco Credit Opportunities Fund - Direct Plan - Bonus Option;INF205K01VI4;;1700.6563;1696.4047;1700.6563;10-Dec-2015

Kotak Mahindra Mutual Fund
106842;Kotak Money Market Fund - (Daily Reinvestment of Income Distribution cum capital withdrawal option);INF174K01ND0;;1011.62;1011.62;1011.62;10-Dec-2015
119745;Kotak Money Market Fund - (Daily Reinvestment of Income Distribution cum capital withdrawal option) - Direct;INF174K01MZ5;;1011.62;1011.62;1011.62;10-Dec-2015
101893;Kotak Money Market Fund - (Growth);INF174K01NA6;;2422.4029;2422.4029;2422.4029;10-Dec-2015
119746;Kotak Money Market Fund - (Growth) - Direct;INF174K01MW2;;2425.8854;2425.8854;2425.8854;10-Dec-2015
101892;Kotak Money market Fund - (Monthly Payout of Income Distribution cum capital withdrawal option);INF174K018O0;INF174K01NB4;1006.8643;1006.8643;1006.8643;10-Dec-2015
119747;Kotak Money Market Fund - (Monthly Payout of Income Distribution cum capital withdrawal option) - Direct;INF174K019O8;INF174K01MX0;1012.2277;1012.2277;1012.2277;10-Dec-2015
101894;Kotak Money Market Fund - (Weekly Reinvestment of Income Distribution cum capital withdrawal option);INF174K01NC2;;1012.5671;1012.5671;1012.5671;10-Dec-2015
119748;Kotak Money Market Fund - (Weekly Reinvestment of Income Distribution cum capital withdrawal option) - Direct;INF174K01MY8;;1014.2335;1014.2335;1014.2335;10-Dec-2015

L&T Mutual Fund
119432;L&T Money Market Fund - Direct Plan - Daily IDCW;;INF917K01FD8;10.8591;10.8048;10.8591;10-Dec-2015
114217;L&T Money Market Fund - Regular Plan - Daily IDCW;;INF917K01AY5;10.8591;10.8048;10.8591;10-Dec-2015
114216;L&T Money Market Fund - Regular Plan - Growth;INF917K01BC9;;14.3157;14.2441;14.3157;10-Dec-2015
114219;L&T Money Market Fund - Regular Plan - Monthly IDCW;INF917K01BB1;INF917K01BA3;11.3718;11.3149;11.3718;10-Dec-2015
114218;L&T Money Market Fund - Regular Plan - Weekly IDCW;;INF917K01AZ2;12.7168;12.6532;12.7168;10-Dec-2015
119431;L&T Money Market Fund -Direct Plan- Growth;INF917K01FE6;;14.4099;14.3379;14.4099;10-Dec-2015
119429;L&T Money Market Fund -Direct Plan- Monthly IDCW;INF917K01FF3;;11.4428;11.3856;11.4428;10-Dec-2015

Nippon India Mutual Fund
103050;NIPPON INDIA MONEY MARKET FUND - DAILY IDCW Option;;INF204K01UY6;1000.5100;1000.5100;1000.5100;10-Dec-2015
118718;NIPPON INDIA MONEY MARKET FUND - DIRECT Plan - DAILY IDCW Option;;INF204K01ZN8;1000.5100;1000.5100;1000.5100;10-Dec-2015
118720;NIPPON INDIA MONEY MARKET FUND - DIRECT Plan - MONTHLY IDCW Option;INF204K01ZQ1;INF204K01ZR9;1004.7100;1004.7100;1004.7100;10-Dec-2015
118716;NIPPON INDIA MONEY MARKET FUND - DIRECT Plan - QUARTERLY IDCW Option;INF204K01ZS7;INF204K01ZT5;1019.8229;1019.8229;1019.8229;10-Dec-2015
118717;NIPPON INDIA MONEY MARKET FUND - DIRECT Plan - WEEKLY IDCW Option;;INF204K01ZO6;1001.7082;1001.7082;1001.7082;10-Dec-2015
118715;Nippon India Money Market Fund - Direct Plan Growth Plan - Bonus Option;INF204K01G11;;1310.6226;1310.6226;1310.6226;10-Dec-2015
118719;Nippon India Money Market Fund - Direct Plan Growth Plan - Growth Option;INF204K01ZP3;;2228.8628;2228.8628;2228.8628;10-Dec-2015
103052;NIPPON INDIA MONEY MARKET FUND - MONTHLY IDCW Option;INF204K01VB2;INF204K01VC0;1004.6609;1004.6609;1004.6609;10-Dec-2015
112341;NIPPON INDIA MONEY MARKET FUND - QUARTERLY IDCW Option;INF204K01VD8;INF204K01VE6;1019.7207;1019.7207;1019.7207;10-Dec-2015
103051;NIPPON INDIA MONEY MARKET FUND - WEEKLY IDCW Option;;INF204K01UZ3;1001.6919;1001.6919;1001.6919;10-Dec-2015
103049;Nippon India Money Market Fund-Growth Plan-Bonus Option;INF204K01UX8;;1307.6012;1307.6012;1307.6012;10-Dec-2015
103048;Nippon India Money Market Fund-Growth Plan-Growth Option;INF204K01VA4;;2223.5862;2223.5862;2223.5862;10-Dec-2015

quant Mutual Fund
103465;Quant Money Market Fund-Dividend Option;INF966L01382;INF966L01390;14.9656;14.9656;14.9656;10-Dec-2015
120844;Quant Money Market Fund-Dividend Option-Direct Plan;INF966L01929;INF966L01937;14.9860;14.9860;14.9860;10-Dec-2015
103464;Quant Money Market Fund-Growth Option;INF966L01408;;22.9159;22.9159;22.9159;10-Dec-2015
120845;Quant Money Market Fund-Growth Option-Direct Plan;INF966L01945;;23.0378;23.0378;23.0378;10-Dec-2015

SBI Mutual Fund
119821;SBI  SAVINGS FUND - DIRECT PLAN - GROWTH;INF200K01SZ5;;23.2404;23.2172;23.2404;10-Dec-2015
102503;SBI  SAVINGS FUND - REGULAR PLAN - GROWTH;INF200K01636;;22.9139;22.891;22.9139;10-Dec-2015
119820;SBI Savings Fund - Direct Plan - Income Distribution cum Capital Withdrawal Option (IDCW);INF200K01SX0;INF200K01SY8;11.5403;11.5288;11.5403;10-Dec-2015
119822;SBI Savings Fund - Direct Plan Daily Income Distribution cum Capital Withdrawal Option (IDCW);;INF200K01SW2;10.0622;10.0521;10.0622;10-Dec-2015
119823;SBI Savings Fund - Direct Plan Weekly Income Distribution cum Capital Withdrawal Option (IDCW);INF200K01TA6;INF200K01TB4;11.6222;11.6106;11.6222;10-Dec-2015
102504;SBI Savings Fund - Regular Plan - Income Distribution cum Capital Withdrawal Option (IDCW);INF200K01644;INF200K01651;11.3944;11.383;11.3944;10-Dec-2015
114348;SBI Savings Fund - Regular Plan Daily Income Distribution cum Capital Withdrawal Option (IDCW);;INF200KA1K20;10.0622;10.0521;10.0622;10-Dec-2015
102860;SBI Savings Fund - Regular Plan Weekly Income Distribution cum Capital Withdrawal Option (IDCW);INF200K01669;INF200K01677;11.5319;11.5204;11.5319;10-Dec-2015

Tata Mutual Fund
119423;Tata Liquid Fund- Direct Plan- Monthly Dividend;INF277K01PS4;INF277K01PT2;1002.8087;1002.8087;1002.8087;10-Dec-2015
119422;Tata Liquid Fund- Direct Plan- Weekly Dividend;INF277K013C2;;1001.0714;1001.0714;1001.0714;10-Dec-2015
119421;Tata Money Market Fund- Direct Plan - Daily Reinvestment of IDCW Option;;INF277K011C6;1114.5200;1114.5200;1114.5200;10-Dec-2015
119424;Tata Money Market Fund- Direct Plan- Growth Option;INF277K01PR6;;2729.5551;2729.5551;2729.5551;10-Dec-2015
101986;Tata Money Market Fund- Regular Plan - Daily Reinvestment of IDCW Option;;INF277K014C0;1114.5200;1114.5200;1114.5200;10-Dec-2015
101847;Tata Money Market Fund-Regular Plan - Growth Option;INF277K01LQ7;;2722.9440;2722.9440;2722.9440;10-Dec-2015

UTI Mutual Fund
120299;UTI MMF - Direct Plan - Growth Option;INF789F01XV6;;1657.4554;1657.4554;1657.4554;10-Dec-2015
112077;UTI MMF - Regular Plan - Growth Option;INF789F01PX8;;1652.9174;1652.9174;1652.9174;10-Dec-2015
100724;UTI MMF- Discontinued - Regular Plan - Flexi Dividend Option;;INF789F01BD0;2155.9257;2155.9257;0;10-Dec-2015
100725;UTI MMF- Discontinued - Regular Plan - Periodic Dividend Option;INF789F01BE8;;1990.0159;1990.0159;0;10-Dec-2015
100723;UTI MMF-Discontinued - Regular Plan -Growth;INF789F01BF5;;3995.4582;3995.4582;0;10-Dec-2015
120772;UTI Money Market Fund - Direct Plan - Daily IDCW (Reinvestment);;INF789F01XU8;1003.3854;1003.3854;1003.3854;10-Dec-2015
135606;UTI Money Market Fund - Direct Plan - Fortnightly IDCW;INF789FA1M20;INF789FA1M38;1021.1471;1021.1471;0;10-Dec-2015
133387;UTI Money Market Fund - Direct Plan - Monthly IDCW;INF789FA1M46;INF789FA1M53;1082.2792;1082.2792;1082.2792;10-Dec-2015
120793;UTI Money Market Fund - Direct Plan - Weekly IDCW;INF789F01XW4;INF789F01XX2;1014.6982;1014.6982;1014.6982;10-Dec-2015
112076;UTI Money Market Fund - Regular Plan - Daily IDCW (Reinvestment);;INF789F01PW0;1003.3854;1003.3854;1003.3854;10-Dec-2015
135371;UTI Money Market Fund - Regular Plan - Fortnightly IDCW;INF789FA1L05;INF789FA1L13;1021.0024;1021.0024;0;10-Dec-2015
133484;UTI Money Market Fund - Regular Plan - Monthly IDCW;INF789FA1L21;INF789FA1L39;1060.6645;1060.6645;1060.6645;10-Dec-2015
112635;UTI Money Market Fund - Regular Plan - Weekly IDCW;INF789F01PY6;INF789F01PZ3;1014.6926;1014.6926;1014.6926;10-Dec-2015

Open Ended Schemes ( Debt Scheme - Short Duration Fund )


Aditya Birla Sun Life Mutual Fund
119496;Aditya Birla Sun Life Short Term Fund - DIRECT - IDCW;INF209KA1KQ6;INF209K01XL6;15.6240;15.3896;15.6240;10-Dec-2015
119498;Aditya Birla Sun Life Short Term Fund - Growth - Direct Plan;INF209K01XK8;;24.4390;24.0724;24.4390;10-Dec-2015
101844;Aditya Birla Sun Life Short Term Fund - Growth - Regular Plan;INF209K01942;;24.0940;23.7326;24.0940;10-Dec-2015
101843;Aditya Birla Sun Life Short Term Fund - REGULAR - IDCW;INF209K01975;INF209K01DK0;15.4093;15.1782;15.4093;10-Dec-2015
112356;Aditya Birla Sun Life Short Term Fund - REGULAR - Quarterly IDCW;INF209K01BU3;;10.5654;10.4069;10.5654;10-Dec-2015
119497;Aditya Birla Sun Life Short Term Fund-Quarterly-IDCW-Direct;INF209K01R96;INF209KA1KR4;10.7450;10.5838;10.7450;10-Dec-2015

Axis Mutual Fund
120510;Axis Short Duration Fund - Direct Plan - Growth Option;INF846K01EI1;;16.3196;16.3196;16.3196;10-Dec-2015
120511;Axis Short Duration Fund - Direct Plan - Monthly IDCW;INF846K01EJ9;INF846K01EK7;10.1734;10.1734;10.1734;10-Dec-2015
120512;Axis Short Duration Fund - Direct Plan - Weekly IDCW;INF846K01EL5;INF846K01EM3;10.2413;10.2413;10.2413;10-Dec-2015
128950;Axis Short Duration Fund - Regular Plan - Bonus Option;INF846K01NS1;;16.0002;16.0002;16.0002;10-Dec-2015
112354;Axis Short Duration Fund - Regular Plan - Growth Option;INF846K01644;;15.9138;15.9138;15.9138;10-Dec-2015
112355;Axis Short Duration Fund - Regular Plan - Monthly IDCW;INF846K01651;INF846K01669;10.1707;10.1707;10.1707;10-Dec-2015
133895;Axis Short Duration Fund - Regular Plan - Regular IDCW;INF846K01RJ1;INF846K01RK9;10.6460;10.6460;10.6460;10-Dec-2015
112369;Axis Short Duration Fund - Regular Plan - Weekly IDCW;INF846K01677;INF846K01685;10.1397;10.1397;10.1397;10-Dec-2015
112721;Axis Short Duration Fund - Retail Plan - Growth Option;INF846K01594;;15.7343;15.7343;15.7343;10-Dec-2015
112723;Axis Short Duration Fund - Retail Plan - Monthly IDCW;INF846K01602;INF846K01610;10.0479;10.0479;10.0479;10-Dec-2015
112722;Axis Short Duration Fund - Retail Plan - Weekly IDCW;INF846K01628;INF846K01636;10.1463;10.1463;10.1463;10-Dec-2015

Bandhan Mutual Fund
108713;BANDHAN Bond Fund - Short Term - Regular Plan - Fortnightly IDCW;INF194K01HK5;INF194K01HJ7;10.3336;10.3336;10.3336;10-Dec-2015
131383;BANDHAN Bond Fund - Short Term - Regular Plan - Periodic IDCW;INF194KA1SO1;INF194KA1SP8;11.1625;11.1625;11.1625;10-Dec-2015
108716;BANDHAN Bond Fund - Short Term Plan - Plan B - Fortnightly Dividend;INF194K01HR0;INF194K01HQ2;12.9280;12.9280;12.9280;10-Dec-2015
108714;BANDHAN Bond Fund - Short Term Plan - Plan C  - Fortnightly Dividend;INF194K01HV2;INF194K01HU4;11.2403;11.2403;11.2403;10-Dec-2015
108717;BANDHAN Bond Fund - Short Term Plan - Plan C  - Growth;INF194K01HT6;;16.9639;16.9639;16.9639;10-Dec-2015
108718;BANDHAN Bond Fund - Short Term Plan - Plan C  - Monthly Dividend;INF194K01HY6;INF194K01HX8;13.3715;13.3715;13.3715;10-Dec-2015
108719;BANDHAN Bond Fund - Short Term Plan - Plan D - Growth;INF194K01IA4;;20.0020;20.0020;20.0020;10-Dec-2015
108720;BANDHAN Bond Fund - Short Term Plan - Plan D - Monthly Dividend;INF194K01IF3;INF194K01IE6;15.9840;15.9840;15.9840;10-Dec-2015
108715;BANDHAN Bond Fund - Short Term Plan - Plan D- Fortnightly Dividend;INF194K01IC0;INF194K01IB2;12.0566;12.0566;12.0566;10-Dec-2015
118405;BANDHAN Bond Fund - Short Term-Direct Plan-Fortnightly IDCW;INF194K01U56;INF194K01U49;10.2602;10.2602;10.2602;10-Dec-2015
118407;BANDHAN Bond Fund - Short Term-Direct Plan-Growth;INF194K01U07;;30.7164;30.7164;30.7164;10-Dec-2015
118406;BANDHAN Bond Fund - Short Term-Direct Plan-Monthly IDCW;INF194K01U23;INF194K01U15;10.3808;10.3808;10.3808;10-Dec-2015
131382;BANDHAN Bond Fund - Short Term-Direct Plan-Periodic IDCW;INF194KA1SR4;INF194KA1SS2;10.3180;10.3180;10.3180;10-Dec-2015

Bank of India Mutual Fund
119382;BANK OF INDIA Short Term Income Fund-Direct Plan- Growth;INF761K01736;;16.3617;16.2799;16.3617;10-Dec-2015
119383;BANK OF INDIA Short Term Income Fund-Direct Plan- Monthly IDCW;INF761K01751;INF761K01744;10.3130;10.2614;10.3130;10-Dec-2015
119384;BANK OF INDIA Short Term Income Fund-Direct Plan- Quarterly IDCW;INF761K01777;INF761K01769;10.0797;10.0293;10.0797;10-Dec-2015
111585;BANK OF INDIA Short Term Income Fund-Regular Plan- Growth;INF761K01579;;15.9132;15.8336;15.9132;10-Dec-2015
111589;BANK OF INDIA Short Term Income Fund-Regular Plan- Monthly IDCW;INF761K01595;INF761K01587;10.4302;10.3780;10.4302;10-Dec-2015
111590;BANK OF INDIA Short Term Income Fund-Regular Plan- Quarterly IDCW;INF761K01611;INF761K01603;10.2758;10.2244;10.2758;10-Dec-2015

Baroda BNP Paribas Mutual Fund
119400;Baroda BNP Paribas Short Duration Fund - Direct Plan - Growth Option;INF955L01BD5;;15.5661;15.5505;15.5661;10-Dec-2015
119399;Baroda BNP Paribas Short Duration Fund - Direct Plan - Monthly IDCW Option;INF955L01BB9;;10.0066;9.9966;10.0066;10-Dec-2015
113036;Baroda BNP Paribas Short Duration Fund - Regular Plan - Growth Option;INF955L01153;;15.3275;15.3122;15.3275;10-Dec-2015
113037;Baroda BNP Paribas Short Duration Fund - Regular Plan - Monthly IDCW Option;INF955L01138;INF955L01146;10.0085;9.9985;10.0085;10-Dec-2015

BNP Paribas Mutual Fund
120135;BNP Paribas Short Term Fund - Direct Plan - Daily Income Distribution cum Capital Withdrawal Option;;INF251K01GD0;10.0000;10.0000;10.0000;10-Dec-2015
120131;BNP Paribas Short Term Fund - Direct Plan - Growth Option;INF251K01GC2;;17.0740;17.0740;17.0740;10-Dec-2015
120132;BNP Paribas Short Term Fund - Direct Plan - Monthly Income Distribution cum Capital Withdrawal Option;INF251K01GF5;INF251K01GG3;10.0255;10.0255;10.0255;10-Dec-2015
120133;BNP Paribas Short Term Fund - Direct Plan - Quarterly Income Distribution cum Capital Withdrawal Option;INF251K01GH1;INF251K01GI9;10.2444;10.2444;10.2444;10-Dec-2015
120134;BNP Paribas Short Term Fund - Direct Plan - Weekly Income Distribution cum Capital Withdrawal Option;;INF251K01GE8;10.0000;10.0000;10.0000;10-Dec-2015
117956;BNP PARIBAS SHORT TERM FUND DAILY Income Distribution cum Capital Withdrawal OPTION;;INF251K01CY5;10.0315;10.0315;10.0315;10-Dec-2015
117953;BNP PARIBAS SHORT TERM FUND GROWTH OPTION;INF251K01CX7;;16.7934;16.7934;16.7934;10-Dec-2015
117955;BNP PARIBAS SHORT TERM FUND MONTHLY Income Distribution cum Capital Withdrawal OPTION;INF251K01DA3;INF251K01DB1;10.0223;10.0223;10.0223;10-Dec-2015
117952;BNP PARIBAS SHORT TERM FUND QUARTERLY Income Distribution cum Capital Withdrawal OPTION;INF251K01DC9;INF251K01DD7;10.2101;10.2101;10.2101;10-Dec-2015
117954;BNP PARIBAS SHORT TERM FUND WEEKLY Income Distribution cum Capital Withdrawal OPTION;;INF251K01CZ2;10.0450;10.0450;10.0450;10-Dec-2015
113547;BNP PARIBAS Short Term Fund-Regular Plan-Growth Option;INF251K01CR9;;22.5246;22.5246;22.5246;10-Dec-2015
113548;BNP PARIBAS Short Term Fund-Regular Plan-Monthly Income Distribution cum Capital Withdrawal Option;INF251K01CT5;INF251K01CU3;10.0245;10.0245;10.0245;10-Dec-2015
113557;BNP PARIBAS Short Term Fund-Regular Plan-Quarterly Income Distribution cum Capital Withdrawal Option;INF251K01CV1;INF251K01CW9;10.2240;10.2240;10.2240;10-Dec-2015
113549;BNP PARIBAS Short Term Fund-Regular Plan-Weekly Income Distribution cum Capital Withdrawal Option;;INF251K01CS7;10.0271;10.0271;10.0271;10-Dec-2015

Canara Robeco Mutual Fund
118320;CANARA ROBECO SHORT DURATION FUND - DIRECT PLAN - GROWTH OPTION;INF760K01DX5;;14.1617;14.1617;14.1617;10-Dec-2015
118321;CANARA ROBECO SHORT DURATION FUND - DIRECT PLAN - MONTHLY IDCW (Payout/Reinvestment);INF760K01DV9;INF760K01DW7;14.0422;14.0422;14.0422;10-Dec-2015
118322;CANARA ROBECO SHORT DURATION FUND - DIRECT PLAN - QUARTERLY IDCW (Payout/Reinvestment);INF760K01DY3;INF760K01DZ0;14.1635;14.1635;14.1635;10-Dec-2015
115077;CANARA ROBECO SHORT DURATION FUND - REGULAR PLAN - GROWTH OPTION;INF760K01BM2;;13.8476;13.8476;13.8476;10-Dec-2015
115078;CANARA ROBECO SHORT DURATION FUND - REGULAR PLAN - MONTHLY IDCW (Payout/Reinvestment);INF760K01BO8;INF760K01BN0;13.7275;13.7275;13.7275;10-Dec-2015
115079;CANARA ROBECO SHORT DURATION FUND - REGULAR PLAN - QUARTERLY IDCW (Payout/Reinvestment);INF760K01BQ3;INF760K01BP5;13.8475;13.8475;13.8475;10-Dec-2015

DSP Mutual Fund
119226;DSP Short Term Fund - Direct Plan - Growth;INF740K01NJ5;;25.5625;25.4986;25.5625;10-Dec-2015
119222;DSP Short Term Fund - Direct Plan - IDCW;INF740K01NK3;INF740K01NN7;11.8075;11.7780;11.8075;10-Dec-2015
119224;DSP Short Term Fund - Direct Plan - IDCW - Monthly;INF740K01NL1;INF740K01NM9;11.2489;11.2208;11.2489;10-Dec-2015
119223;DSP Short Term Fund - Direct Plan - IDCW - Weekly;INF740KA1PD9;INF740KA1PE7;10.1791;10.1537;10.1791;10-Dec-2015
101306;DSP Short Term Fund - IDCW - Monthly;INF740K01664;INF740K01AG8;11.2195;11.1915;11.2195;10-Dec-2015
101304;DSP Short Term Fund - Regular Plan - Growth;INF740K01656;;25.1437;25.0808;25.1437;10-Dec-2015
101305;DSP Short Term Fund - Regular Plan - IDCW;INF740K01649;INF740K01AF0;12.0045;11.9745;12.0045;10-Dec-2015
101303;DSP Short Term Fund - Regular Plan - Regular Plan - IDCW - Weekly;INF740KA1PF4;;10.1777;10.1523;10.1777;10-Dec-2015

Franklin Templeton Mutual Fund
118567;Franklin India Short Term Income Plan -  Retail Plan - Direct - Monthly - IDCW;INF090I01GN5;INF090I01GO3;1243.2703;1237.0539;1243.2703;10-Dec-2015
118566;Franklin India Short Term Income Plan -  Retail Plan - Direct - Quarterly - IDCW;INF090I01GL9;INF090I01GM7;1294.8374;1288.3632;1294.8374;10-Dec-2015
118568;Franklin India Short Term Income Plan -  Retail Plan - Direct - Weekly - IDCW;INF090I01GP0;;1113.1511;1107.5853;1113.1511;10-Dec-2015
101236;Franklin India Short Term Income Plan -  Retail Plan - Monthly - IDCW;INF090I01338;INF090I01346;1213.0470;1206.9818;1213.0470;10-Dec-2015
101238;Franklin India Short Term Income Plan -  Retail Plan - Quarterly - IDCW;INF090I01312;INF090I01320;1262.9048;1256.5903;1262.9048;10-Dec-2015
101242;Franklin India Short Term Income Plan -  Retail Plan - Weekly - IDCW;INF090I01353;;1110.9703;1105.4154;1110.9703;10-Dec-2015
118565;Franklin India SHORT TERM INCOME PLAN - Direct - GROWTH;INF090I01GK1;;3117.4887;3101.9013;3117.4887;10-Dec-2015
101232;Franklin India Short-Term Income Plan-Growth;INF090I01304;;3041.1467;3025.9410;3041.1467;10-Dec-2015
101244;Franklin India Short-Term Income Plan-Institutional Plan - Growth;INF090I01361;;2479.0302;2466.6350;2479.0302;10-Dec-2015
101246;Franklin India Short-Term Income Plan-Institutional Plan - Monthly Dividend;INF090I01387;INF090I01395;1283.8933;1277.4738;1283.8933;10-Dec-2015

Groww Mutual Fund
123708;Groww Short Duration Fund (formerly known as Indiabulls Short Term Fund )- Regular Plan - Growth Option;INF666M01AJ5;;1221.0905;1221.0905;1221.0905;10-Dec-2015
123704;Groww Short Duration Fund (formerly known as Indiabulls Short Term Fund) - Direct Plan - Growth Option;INF666M01AC0;;1258.1740;1258.1740;1258.1740;10-Dec-2015
123707;Groww Short Duration Fund (formerly known as Indiabulls Short Term Fund)- Direct Plan- Monthly - Income Distribution cum capital withdrawal Option (Payout & Reinvestment);INF666M01AI7;INF666M01AF3;1013.6978;1013.6978;1013.6978;10-Dec-2015
123705;Groww Short Duration Fund (formerly known as Indiabulls Short Term Fund)- Direct Plan- Weekly - Income Distribution cum capital withdrawal Option (Payout & Reinvestment);INF666M01AG1;INF666M01AD8;1002.2517;1002.2517;1002.2517;10-Dec-2015
123711;Groww Short Duration Fund (formerly known as Indiabulls Short Term Fund)- Regular Plan- Monthly - Income Distribution cum capital withdrawal Option (Payout & Reinvestment);INF666M01AP2;INF666M01AM9;1013.2405;1013.2405;1013.2405;10-Dec-2015
123709;Groww Short Duration Fund (formerly known as Indiabulls Short Term Fund)- Regular Plan- Weekly - Income Distribution cum capital withdrawal Option (Payout & Reinvestment);INF666M01AN7;INF666M01AK3;1010.4114;1010.4114;1010.4114;10-Dec-2015

HDFC Mutual Fund
119015;HDFC Short Term  Debt Fund - Fortnightly IDCW - Direct Plan;;;10.178;10.1526;10.178;10-Dec-2015
113048;HDFC Short Term  Debt Fund - Fortnightly IDCW Option;INF179K01CV4;INF179K01CW2;10.1177;10.0924;10.1177;10-Dec-2015
113047;HDFC Short Term  Debt Fund - Growth Option;INF179K01CU6;;16.1222;16.0819;16.1222;10-Dec-2015
119016;HDFC Short Term  Debt Fund - Growth Option - Direct Plan;INF179K01YM7;;16.1899;16.1494;16.1899;10-Dec-2015
133367;HDFC Short Term  Debt Fund - Normal IDCW - Direct Plan;INF179KA1Q53;;10.8232;10.7961;10.8232;10-Dec-2015
133368;HDFC Short Term  Debt Fund - Normal IDCW Option;INF179KA1Q79;;10.84;10.8129;10.84;10-Dec-2015

HSBC Mutual Fund
108363;HSBC Income Fund - Short Term - Inst. Plus - Growth;INF336L01925;;14.3055;14.3055;14.3055;10-Dec-2015
108254;HSBC Income Fund Short Term Instl Plus Weekly IDCW;;INF336L01958;10.18;10.18;10.18;10-Dec-2015
104429;HSBC Short Duration Fund - Closed (Direct - Monthly IDCW);;INF336L01982;10.1902;10.1902;10.1902;10-Dec-2015
101600;HSBC Short Duration Fund - Closed (Monthly IDCW);INF336L01990;INF336L01AA6;11.1118;11.1118;11.1118;10-Dec-2015
120062;HSBC Short Duration Fund - Direct Growth;INF336L01DL7;;24.9258;24.9258;24.9258;10-Dec-2015
120061;HSBC Short Duration Fund - Direct Monthly IDCW;;INF336L01DN3;10.2156;10.2156;10.2156;10-Dec-2015
120060;HSBC Short Duration Fund - Direct Monthly IDCW (Closed);INF336L01DM5;INF336L01EQ4;11.1579;11.1579;11.1579;10-Dec-2015
104430;HSBC Short Duration Fund - Institutional-Weekly IDCW;;INF336L01AC2;13.2601;13.2601;13.2601;10-Dec-2015
101599;HSBC Short Duration Fund - Regular Growth;INF336L01917;;24.316;24.316;24.316;10-Dec-2015

ICICI Prudential Mutual Fund
122674;ICICI Prudential Short Term Fund - Bonus;INF109KA1376;;30.1278;29.9772;30.1278;10-Dec-2015
122909;ICICI Prudential Short Term Fund - Direct Plan - Bonus;INF109KA1368;;30.6353;30.4821;30.6353;10-Dec-2015
120754;ICICI Prudential Short Term Fund - Direct Plan - Growth Option;INF109K013N3;;30.6353;30.4821;30.6353;10-Dec-2015
131478;ICICI Prudential Short Term Fund - Direct Plan - Half Yearly IDCW;INF109KA1X36;INF109KA1X28;11.1750;11.1191;11.1750;10-Dec-2015
120755;ICICI Prudential Short Term Fund - Direct Plan - Monthly IDCW;INF109K014N1;INF109K015N8;12.3179;12.2563;12.3179;10-Dec-2015
120753;ICICI Prudential Short Term Fund - Direct Plan - Reinvestment of IDCW Fortnightly;INF109K012N5;;12.3300;12.2684;12.3300;10-Dec-2015
101758;ICICI Prudential Short Term Fund - Growth Option;INF109K01654;;30.1278;29.9772;30.1278;10-Dec-2015
131479;ICICI Prudential Short Term Fund - Half Yearly IDCW;INF109KA1X10;INF109KA1X02;10.7663;10.7125;10.7663;10-Dec-2015
101759;ICICI Prudential Short Term Fund - Reinvestment of IDCW Fortnightly;INF109KB12M9;INF109K01662;12.0989;12.0384;12.0989;10-Dec-2015
101165;ICICI Prudential Short Term Fund - Monthly IDCW;INF109K01WL0;INF109K01647;12.1048;12.0443;12.1048;10-Dec-2015
101229;ICICI Prudential Short Term Fund - Institutional Plan - Dividend Monthly;INF109K01WK2;INF109K01670;12.6438;12.5806;12.6438;10-Dec-2015
101231;ICICI Prudential Short Term Fund-Institutional Growth;INF109K01696;;31.1547;30.9989;31.1547;10-Dec-2015
101230;ICICI Prudential Short Term Fund-Institutional Plan-Dividend Fortnightly;INF109K01688;;12.5833;12.5204;12.5833;10-Dec-2015

IDBI Mutual Fund
115005;IDBI Short Term Bond Fund Growth;INF397L01463;;14.8512;14.8512;14.8512;10-Dec-2015
118349;IDBI Short Term Bond Fund Growth Direct;INF397L01BG3;;15.1580;15.1580;15.1580;10-Dec-2015
114999;IDBI Short Term Bond Fund Monthly IDCW;INF397L01406;INF397L01414;10.8751;10.8751;10.8751;10-Dec-2015
118457;IDBI Short Term Bond Fund Monthly IDCW Direct;INF397L01BH1;INF397L01BI9;12.3884;12.3884;12.3884;10-Dec-2015
115000;IDBI Short Term Bond Fund Weekly IDCW;INF397L01430;INF397L01448;10.7045;10.7045;10.7045;10-Dec-2015
118458;IDBI Short Term Bond Fund Weekly IDCW Direct;INF397L01BK5;INF397L01BL3;10.9731;10.9731;10.9731;10-Dec-2015

Invesco Mutual Fund
117973;Invesco India Short Duration Fund - Daily IDCW (Reinvestment);;INF205K01UD7;1012.9518;1012.9518;1012.9518;10-Dec-2015
120559;Invesco India Short Duration Fund - Direct Plan - Daily IDCW (Reinvestment);;INF205K01UE5;1013.3354;1013.3354;1013.3354;10-Dec-2015
120560;Invesco India Short Duration Fund - Direct Plan - Growth;INF205K01UH8;;2005.6810;2005.6810;2005.6810;10-Dec-2015
120561;Invesco India Short Duration Fund - Direct Plan - Monthly IDCW (Payout / Reinvestment);INF205K01UI6;INF205K01UJ4;1843.9575;1843.9575;1843.9575;10-Dec-2015
120563;Invesco India Short Duration Fund - Direct Plan -Discretionary IDCW (Payout / Reinvestment);INF205K01UF2;INF205K01UG0;1415.2182;1415.2182;1415.2182;10-Dec-2015
120562;Invesco India Short Duration Fund - Direct Plan -Weekly IDCW (Reinvestment);;INF205K01UK2;1018.2297;1018.2297;1018.2297;10-Dec-2015
105185;Invesco India Short Duration Fund - Growth;INF205K01UN6;;1947.3904;1947.3904;1947.3904;10-Dec-2015
105191;Invesco India Short Duration Fund - Monthly IDCW (Payout / Reinvestment);INF205K01UO4;INF205K01UP1;1048.1415;1048.1415;1048.1415;10-Dec-2015
105189;Invesco India Short Duration Fund - Plan B - Growth;INF205K01UR7;;1940.4024;1940.4024;1940.4024;10-Dec-2015
105187;Invesco India Short Duration Fund - Plan B - Monthly IDCW (Payout / Reinvestment);INF205K01US5;INF205K01UT3;1290.7254;1290.7254;1290.7254;10-Dec-2015
105192;Invesco India Short Duration Fund - Plan B - Weekly IDCW (Reinvestment);;INF205K01UU1;1014.6557;1014.6557;1014.6557;10-Dec-2015
105190;Invesco India Short Duration Fund - Weekly IDCW (Reinvestment);;INF205K01UV9;1018.1418;1018.1418;1018.1418;10-Dec-2015
116110;Invesco India Short Duration Fund- Discretionary IDCW (Payout / Reinvestment);INF205K01UL0;INF205K01UM8;1264.4256;1264.4256;1264.4256;10-Dec-2015
105186;Invesco India Short Term Fund- Plan B - Daily Dividend;;INF205K01UQ9;1030.8411;1030.8411;1030.8411;10-Dec-2015
122797;Religare Invesco Short Term Fund - Direct Plan - Bonus Option;INF205K01VJ2;;2005.3897;2005.3897;2005.3897;10-Dec-2015

JM Financial Mutual Fund
120469;JM Short Term Fund (Direct) - Daily Dividend Option;;INF192K01DZ6;11.2462;11.2462;11.2462;10-Dec-2015
120470;JM Short Term Fund (Direct) - Dividend Option;INF192K01DX1;INF192K01DY9;10.5741;10.5741;10.5741;10-Dec-2015
120471;JM Short Term Fund (Direct) - Growth Option;INF192K01EA7;;20.8297;20.8297;20.8297;10-Dec-2015
115103;JM Short Term Fund - Daily Dividend Option;;INF192K01BD7;11.0086;11.0086;11.0086;10-Dec-2015
101524;JM Short Term Fund - Dividend Option;INF192K01BE5;INF192K01BF2;10.5387;10.5387;10.5387;10-Dec-2015
101521;JM Short Term Fund - Growth Option;INF192K01BG0;;20.6851;20.6851;20.6851;10-Dec-2015
115090;JM Short Term Fund - Regular Plan - Daily Dividend Option;;INF192K01AZ2;10.9230;10.9230;10.9230;10-Dec-2015
101519;JM Short Term Fund - Regular Plan - Dividend Option;INF192K01BA3;INF192K01BB1;11.5992;11.5992;11.5992;10-Dec-2015
101520;JM Short Term Fund - Regular Plan - Growth Option;INF192K01BC9;;28.2787;28.2787;28.2787;10-Dec-2015

Kotak Mahindra Mutual Fund
101373;Kotak Bond Short Term Plan-(Growth);INF174K01ES7;;27.5233;27.3857;27.5233;10-Dec-2015
119739;Kotak Bond Short Term Plan-(Growth) - Direct;INF174K01JI7;;27.9825;27.8426;27.9825;10-Dec-2015
125253;Kotak Bond Short Term Plan-(Half Yearly Payout of Income Distribution cum capital withdrawal option);INF174K01YP1;INF174K01YQ9;11.0531;10.9978;11.0531;10-Dec-2015
125254;Kotak Bond Short Term Plan-(Half Yearly Payout of Income Distribution cum capital withdrawal option) - Direct;INF174K01YR7;INF174K01YS5;10.4485;10.3963;10.4485;10-Dec-2015
101372;Kotak Bond Short Term Plan-(Payout of Income Distribution cum capital withdrawal option);INF174K01EU3;INF174K01ET5;10.1213;10.0707;10.1213;10-Dec-2015
119738;Kotak Bond Short Term Plan-(Payout of Income Distribution cum capital withdrawal option) - Direct;INF174K01JJ5;;10.2303;10.1791;10.2303;10-Dec-2015

L&T Mutual Fund
134419;L&T Short Term Bond Fund - Direct Plan - Annual IDCW;INF917K01VR5;INF917K01VQ7;10.6130;10.5599;10.6130;10-Dec-2015
119858;L&T Short Term Bond Fund - Direct Plan - Quarterly IDCW;INF917K01IS0;INF917K01IR2;11.1113;11.0557;11.1113;10-Dec-2015
134420;L&T Short Term Bond Fund - Regular Plan - Annual IDCW;INF917K01VT1;INF917K01VS3;10.6044;10.5514;10.6044;10-Dec-2015
116296;L&T Short Term Bond Fund - Regular Plan - Bonus;INF917K01CM6;;14.1518;14.0810;14.1518;10-Dec-2015
116299;L&T Short Term Bond Fund - Regular Plan - Growth;INF917K01CL8;;14.1518;14.0810;14.1518;10-Dec-2015
116297;L&T Short Term Bond Fund - Regular Plan - Monthly IDCW;INF917K01CH6;INF917K01CI4;10.6240;10.5709;10.6240;10-Dec-2015
116298;L&T Short Term Bond Fund - Regular Plan - Quarterly IDCW;INF917K01CJ2;INF917K01CK0;10.8860;10.8316;10.8860;10-Dec-2015
119857;L&T Short Term Bond Fund -Direct Plan -  Monthly IDCW;INF917K01IP6;INF917K01IO9;10.7466;10.6929;10.7466;10-Dec-2015
119856;L&T Short Term Bond Fund -Direct Plan- Growth;INF917K01IQ4;;14.3176;14.2460;14.3176;10-Dec-2015

Navi Mutual Fund
128298;Essel Short Term Fund- Bonus;;INF959L01BS5;12.2716;12.2716;12.2716;10-Dec-2015
128297;Essel Short Term Fund- Direct - Bonus;;INF959L01BR7;16.7763;16.7763;16.7763;10-Dec-2015
119169;Essel Short Term Fund-Direct Plan-Dividend Option-Monthly Dividend;INF959L01791;INF959L01809;11.0754;11.0754;11.0754;10-Dec-2015
119170;Essel Short Term Fund-Direct Plan-Dividend Option-Quarterly Dividend;INF959L01817;INF959L01825;11.0376;11.0376;11.0376;10-Dec-2015
119168;Essel Short Term Fund-Direct Plan-Growth Option;INF959L01783;;16.7739;16.7739;16.7739;10-Dec-2015
113173;Essel Short Term Fund-Dividend Option-Monthly Dividend;INF959L01148;INF959L01155;10.8415;10.8415;10.8415;10-Dec-2015
113211;Essel Short Term Fund-Dividend Option-Quarterly Dividend;INF959L01163;INF959L01171;10.7635;10.7635;10.7635;10-Dec-2015
113172;Essel Short Term Fund-Growth;INF959L01189;;16.3728;16.3728;16.3728;10-Dec-2015

Nippon India Mutual Fund
125269;NIPPON INDIA SHORT DURATION FUND - Direct Plan - IDCW Option;INF204KA1ES0;INF204KA1ET8;11.4043;11.3758;11.4043;10-Dec-2015
118797;NIPPON INDIA SHORT DURATION FUND - Direct Plan - MONTHLY IDCW Option;INF204K01B40;;11.0983;11.0706;11.0983;10-Dec-2015
118800;NIPPON INDIA SHORT DURATION FUND - Direct Plan - QUARTERLY IDCW OPTION;INF204K01B65;INF204K01B73;14.4493;14.4132;14.4493;10-Dec-2015
118796;Nippon India Short Duration Fund - Direct Plan Growth Plan - Growth Option;INF204K01B32;;28.0616;27.9914;28.0616;10-Dec-2015
125268;NIPPON INDIA SHORT DURATION FUND - IDCW Option;INF204KA1EQ4;INF204KA1ER2;11.2177;11.1897;11.2177;10-Dec-2015
101667;NIPPON INDIA SHORT DURATION FUND - MONTHLY IDCW Option;INF204K01FM2;INF204K01FN0;11.0003;10.9728;11.0003;10-Dec-2015
101669;NIPPON INDIA SHORT TERM FUND - QUARTERLY IDCW OPTION;INF204K01FO8;INF204K01FP5;14.2772;14.2415;14.2772;10-Dec-2015
101665;Nippon India Short Term Fund-Growth Plan;INF204K01FL4;;27.5808;27.5118;27.5808;10-Dec-2015

Principal Mutual Fund
119463;Principal Short Term Debt Fund - Direct Plan - Income Distribution CUM Capital Withdrawal Plan - Monthly;INF173K01GQ8;INF173K01GR6;12.8784;12.8140;12.8784;10-Dec-2015
101466;Principal Short Term Debt Fund - Income Distribution CUM Capital Withdrawal Option - Monthly;INF173K01BB1;INF173K01BC9;12.8418;12.7776;12.8418;10-Dec-2015
119462;Principal Short Term Debt Fund- Direct Plan - Growth Option;INF173K01GP0;;26.2839;26.1525;26.2839;10-Dec-2015
101465;Principal Short Term Debt Fund- Growth Plan;INF173K01BA3;;25.7539;25.6251;25.7539;10-Dec-2015

SBI Mutual Fund
106230;SBI Short Horizon Debt Fund - Short Term Fund - Retail Dividend - Fortnightly Income Distribution cum Capital Withdrawal Option (IDCW);INF200K01IA9;INF200K01IB7;10.9715;10.9441;10.9715;10-Dec-2015
106229;SBI Short Horizon Debt Fund - Short Term Fund - Retail Dividend - Monthly Income Distribution cum Capital Withdrawal Option (IDCW);INF200K01IC5;INF200K01ID3;11.0953;11.0676;11.0953;10-Dec-2015
106228;SBI Short Horizon Debt Fund - Short Term Fund - Retail Dividend - Weekly Income Distribution cum Capital Withdrawal Option (IDCW);INF200K01IE1;INF200K01IF8;10.9551;10.9277;10.9551;10-Dec-2015
106227;SBI SHORT HORIZON DEBT FUND-SHORT TERM FUND - RETAIL - GROWTH;INF200K01IG6;;19.1058;19.058;19.1058;10-Dec-2015
119813;SBI Short Term Debt Fund - Direct Plan - Monthly Income Distribution cum Capital Withdrawal Option (IDCW);INF200K01VF1;INF200K01VG9;11.8673;11.8376;11.8673;10-Dec-2015
119816;SBI SHORT TERM DEBT FUND - DIRECT PLAN -GROWTH;INF200K01VE4;;17.0649;17.0222;17.0649;10-Dec-2015
119815;SBI Short Term Debt Fund - Direct Plan Fortnightly Income Distribution cum Capital Withdrawal Option (IDCW);INF200K01VC8;INF200K01VD6;11.5179;11.4891;11.5179;10-Dec-2015
119817;SBI Short Term Debt Fund - Direct Plan Weekly Income Distribution cum Capital Withdrawal Option (IDCW);INF200K01VH7;INF200K01VI5;10.5505;10.5241;10.5505;10-Dec-2015
106233;SBI Short Term Debt Fund - Regular Plan - Monthly Income Distribution cum Capital Withdrawal Option (IDCW);INF200K01HV7;INF200K01HW5;11.6809;11.6517;11.6809;10-Dec-2015
106231;SBI SHORT TERM DEBT FUND - REGULAR PLAN -GROWTH;INF200K01HZ8;;16.888;16.8458;16.888;10-Dec-2015
106234;SBI Short Term Debt Fund - Regular Plan Fortnightly Income Distribution cum Capital Withdrawal Option (IDCW);INF200K01HT1;INF200K01HU9;10.2151;10.1896;10.2151;10-Dec-2015
106232;SBI Short Term Debt Fund - Regular Plan Weekly Income Distribution cum Capital Withdrawal Option (IDCW);INF200K01HX3;INF200K01HY1;10.5477;10.5213;10.5477;10-Dec-2015

Sundaram Mutual Fund
119665;Sundaram Short Term Debt Fund Direct Plan - Fortnightly Income Distribution cum Capital Withdrawal (IDCW);INF903J01QP1;INF903J01QQ9;12.7071;12.7071;12.7071;10-Dec-2015
119664;Sundaram Short Term Debt Fund Direct Plan - Growth;INF903J01QR7;;25.8888;25.8888;25.8888;10-Dec-2015
119666;Sundaram Short Term Debt Fund Direct Plan - Income Distribution cum Capital Withdrawal (IDCW);INF903J01QT3;INF903J01QU1;12.3301;12.3301;12.3301;10-Dec-2015
119662;Sundaram Short Term Debt Fund Direct Plan - Weekly Income Distribution cum Capital Withdrawal (IDCW);INF903J01QW7;INF903J01QX5;13.5474;13.5474;13.5474;10-Dec-2015
119667;Sundaram Short Term Debt Fund Direct Plan -Growth;INF903J01RP9;;12.8842;12.8842;12.8842;10-Dec-2015
119669;Sundaram Short Term Debt Fund Direct Plan -Income Distribution cum Capital Withdrawal (IDCW);INF903J01QO4;;11.5711;11.5711;11.5711;10-Dec-2015
119663;Sundaram Short Term Debt Fund Direct Plan- Income Distribution cum Capital Withdrawal ( IDCW);INF903J01QV9;;11.3341;11.3341;11.3341;10-Dec-2015
119668;Sundaram Short Term Debt Fund Direct Plan-Income Distribution cum Capital Withdrawal (IDCW);INF903J01QS5;;11.7485;11.7485;11.7485;10-Dec-2015
101565;Sundaram Short Term Debt Fund Regular Plan - Fortnightly Income Distribution cum Capital Withdrawal (IDCW);INF903J01FI9;INF903J01FO7;12.6482;12.6482;12.6482;10-Dec-2015
101563;Sundaram Short Term Debt Fund Regular Plan - Growth;INF903J01FG3;;25.3340;25.3340;25.3340;10-Dec-2015
101566;Sundaram Short Term Debt Fund Regular Plan - Income Distribution cum Capital Withdrawal (IDCW);INF903J01FJ7;INF903J01FP4;12.1896;12.1896;12.1896;10-Dec-2015
101564;Sundaram Short Term Debt Fund Regular Plan - Weekly Income Distribution cum Capital Withdrawal (IDCW);INF903J01FH1;INF903J01FN9;13.4034;13.4034;13.4034;10-Dec-2015
118332;Sundaram Short Term Debt Fund Regular Plan -Growth;INF903J01MF1;;12.6509;12.6509;12.6509;10-Dec-2015
101560;Sundaram Short Term Debt Fund Regular Plan -Income Distribution cum Capital Withdrawal ( IDCW );INF903J01FK5;;11.3451;11.3451;11.3451;10-Dec-2015
101561;Sundaram Short Term Debt Fund Regular Plan- Income Distribution cum Capital Withdrawal (IDCW );INF903J01FL3;;11.5878;11.5878;11.5878;10-Dec-2015
101562;Sundaram Short Term Debt Fund Regular Plan- Income Distribution cum Capital Withdrawal (IDCW);INF903J01FM1;;11.4936;11.4936;11.4936;10-Dec-2015

Tata Mutual Fund
119949;Tata Short Term Bond Fund - Direct Plan - Growth Option;INF277K01QR4;;28.0178;27.8777;28.0178;10-Dec-2015
101548;Tata Short Term Bond Fund -Regular Plan- Growth Option;INF277K01972;;27.4982;27.3607;27.4982;10-Dec-2015
119950;Tata Short Term Bond Fund Direct Plan - Monthly Payout of IDCW Option;INF277K01QP8;INF277K01QQ6;14.2311;14.1599;14.2311;10-Dec-2015
133974;Tata Short Term Bond Fund- Direct Plan - Periodic Payout of IDCW Option;INF277K01P38;INF277K01P46;14.8508;14.7765;14.8508;10-Dec-2015
101547;Tata Short Term Bond Fund- Regular Plan - Monthly Payout of IDCW Option;INF277K01EI9;INF277K01964;13.9853;13.9154;13.9853;10-Dec-2015
133975;Tata Short Term Bond Fund- Regular Plan - Periodic Payout of IDCW Option;INF277K01P12;INF277K01P20;14.5687;14.4959;14.5687;10-Dec-2015

Taurus Mutual Fund
101113;Taurus Short Term Income Fund- Regular Plan - Dividend Option;INF044D01583;INF044D01591;1532.4649;1532.4649;1532.4649;10-Dec-2015
101114;Taurus Short Term Income Fund- Regular Plan - Growth Option;INF044D01617;;2598.7846;2598.7846;2598.7846;10-Dec-2015
118890;Taurus Short Term Income Fund-Direct Plan-Dividend Option;INF044D01CX1;INF044D01CY9;1532.7583;1532.7583;1532.7583;10-Dec-2015
118889;Taurus Short Term Income Fund-Direct Plan-Growth Option;INF044D01CW3;;2612.9845;2612.9845;2612.9845;10-Dec-2015
111438;Taurus Ultra Short Term Bond  Fund - Retail Weekly Dividend Option  #;;INF044D01658;1003.2563;1003.2563;1003.2563;10-Dec-2015
111441;Taurus Ultra Short Term Bond Fund - Institutional Daily Div;;INF044D01674;1002.0132;1002.0132;1002.0132;10-Dec-2015
111445;Taurus Ultra Short Term Bond Fund - Regular Plan - SI Daily Dividend Option;;INF044D01716;1002.0133;1002.0133;1002.0133;10-Dec-2015
111443;Taurus Ultra Short Term Bond Fund - Regular Plan - SI Growth Option;INF044D01708;;1786.0549;1786.0549;1786.0549;10-Dec-2015
111446;Taurus Ultra Short Term Bond Fund - Regular Plan - SI Weekly Dividend Option;;INF044D01724;1003.7354;1003.7354;1003.7354;10-Dec-2015
111435;Taurus Ultra Short Term Bond Fund - Retail Growth Option #;INF044D01625;;1717.7215;1717.7215;1717.7215;10-Dec-2015
111437;Taurus Ultra Short Term Bond Fund - Retails Daily Dividend Option #;;INF044D01633;1002.0134;1002.0134;1002.0134;10-Dec-2015
118895;Taurus Ultra Short Term Bond Fund-Direct Plan-SI Daily Dividend Option;;INF044D01DF6;1002.0133;1002.0133;1002.0133;10-Dec-2015
118894;Taurus Ultra Short Term Bond Fund-Direct Plan-SI Growth Option;INF044D01DH2;;1794.8517;1794.8517;1794.8517;10-Dec-2015
118896;Taurus Ultra Short Term Bond Fund-Direct Plan-SI Weekly Dividend Option;;INF044D01DG4;1003.7765;1003.7765;1003.7765;10-Dec-2015

Union Mutual Fund
117282;Union Short Term Fund - Daily Dividend Option;;INF582M01385;1001.7531;1001.7531;1001.7531;10-Dec-2015
119320;Union Short Term Fund - Direct Plan - Daily Dividend Option;;INF582M01849;1001.7531;1001.7531;1001.7531;10-Dec-2015
119322;Union Short Term Fund - Direct Plan - Fortnightly Dividend Option;INF582M01880;INF582M01864;1005.5291;1005.5291;1005.5291;10-Dec-2015
119318;Union Short Term Fund - Direct Plan - Growth Option;INF582M01831;;1371.1826;1371.1826;1371.1826;10-Dec-2015
119319;Union Short Term Fund - Direct Plan - Monthly Dividend Option;INF582M01898;INF582M01872;1006.0239;1006.0239;1006.0239;10-Dec-2015
119321;Union Short Term Fund - Direct Plan - Weekly Dividend Option;;INF582M01856;1004.6226;1004.6226;1004.6226;10-Dec-2015
117280;Union Short Term Fund - Fortnightly Dividend Option;INF582M01427;INF582M01401;1005.4991;1005.4991;1005.4991;10-Dec-2015
117281;Union Short Term Fund - Growth Option;INF582M01377;;1367.6341;1367.6341;1367.6341;10-Dec-2015
117283;Union Short Term Fund - Monthly Dividend Option;INF582M01435;INF582M01419;1005.9947;1005.9947;1005.9947;10-Dec-2015
117284;Union Short Term Fund - Weekly Dividend Option;;INF582M01393;1004.6132;1004.6132;1004.6132;10-Dec-2015

UTI Mutual Fund
135497;UTI Short Duration Fund - Direct Plan - Annual IDCW;INF789FA1R33;INF789FA1R41;10.5747;10.5747;0;10-Dec-2015
124962;UTI Short Duration Fund - Direct Plan - Flexi IDCW;INF789FB1T70;INF789FB1T62;10.9888;10.9888;0;10-Dec-2015
120718;UTI Short Duration Fund - Direct Plan - Growth Option;INF789F01XY0;;17.9709;17.9709;17.9709;10-Dec-2015
131425;UTI Short Duration Fund - Direct Plan - Half Yearly Dividend Option;INF789FA1R17;INF789FA1R25;11.2395;11.2395;0;10-Dec-2015
131548;UTI Short Duration Fund - Direct Plan - Monthly IDCW;INF789F01XZ7;INF789F01YA8;10.609;10.609;0;10-Dec-2015
120719;UTI Short Duration Fund - Direct Plan - Quarterly IDCW;INF789FA1R66;INF789FA1R74;11.966;11.966;11.966;10-Dec-2015
106383;UTI Short Duration Fund - Discontinued Regular Option - Dividend Sub Option;INF789F01AH3;INF789F01AI1;14.7291;14.7291;14.7291;10-Dec-2015
106384;UTI Short Duration Fund - Discontinued Regular Option -Growth Sub Option;INF789F01AJ9;;25.8076;25.8076;25.8076;10-Dec-2015
134517;UTI Short Duration Fund - Regular Plan - Annual IDCW;INF789FA1Q91;INF789FA1R09;10.562;10.562;0;10-Dec-2015
125045;UTI Short Duration Fund - Regular Plan - Flexi IDCW;INF789FB1T54;INF789FB1T47;11.2206;11.2206;0;10-Dec-2015
106624;UTI Short Duration Fund - Regular Plan - Growth Option;INF789F01QA4;;17.7443;17.7443;17.7443;10-Dec-2015
131547;UTI Short Duration Fund - Regular Plan - Monthly IDCW;INF789F01QB2;INF789F01QC0;10.4553;10.4553;0;10-Dec-2015
106980;UTI Short Duration Fund - Regular Plan - Quarterly IDCW;INF789FC1GD5;INF789FA1R58;11.8893;11.8893;11.8893;10-Dec-2015

Open Ended Schemes ( Debt Scheme - Medium Duration Fund )


Aditya Birla Sun Life Mutual Fund
119540;Aditya Birla Sun Life Medium Term Plan - DIRECT - HALF YEARLY IDCW;INF209KA1KN3;;11.3549;11.1278;11.3549;10-Dec-2015
119538;Aditya Birla Sun Life Medium Term Plan - Direct - IDCW;INF209KA1KO1;;13.6497;13.3767;13.6497;10-Dec-2015
119541;Aditya Birla Sun Life Medium Term Plan - DIRECT - Quarterly IDCW;INF209KA1KP8;;10.7390;10.5242;10.7390;10-Dec-2015
119539;Aditya Birla Sun Life Medium Term Plan - Growth - Direct Plan;INF209K01XA9;;18.4189;18.0505;18.4189;10-Dec-2015
111803;Aditya Birla Sun Life Medium Term Plan - Growth - Regular Plan;INF209K01603;;18.1265;17.7640;18.1265;10-Dec-2015
111804;Aditya Birla Sun Life Medium Term Plan - Institutional - Growth Plan;INF209K01660;;17.5979;17.2459;17.5979;10-Dec-2015
111811;Aditya Birla Sun Life Medium Term Plan - REGULAR - HALFYEARLY IDCW;INF209K01595;INF209K01CZ0;11.0428;10.8219;11.0428;10-Dec-2015
111812;Aditya Birla Sun Life Medium Term Plan - Regular - IDCW;INF209K01611;INF209K01DA1;13.4367;13.1680;13.4367;10-Dec-2015
111809;Aditya Birla Sun Life Medium Term Plan - REGULAR - Quarterly IDCW;INF209K01637;INF209KB1OJ2;10.5799;10.3683;10.5799;10-Dec-2015

Axis Mutual Fund
120475;Axis Strategic Bond Fund - Direct Plan - Growth Option;INF846K01DT0;;14.2132;14.2132;14.2132;10-Dec-2015
120474;Axis Strategic Bond Fund - Direct Plan - Half Yearly IDCW;INF846K01DU8;INF846K01DV6;11.0080;11.0080;11.0080;10-Dec-2015
120476;Axis Strategic Bond Fund - Direct Plan - Quarterly IDCW;INF846K01DW4;INF846K01DX2;10.9759;10.9759;10.9759;10-Dec-2015
116894;Axis Strategic Bond Fund - Regular Plan - Growth Option;INF846K01BP2;;13.8211;13.8211;13.8211;10-Dec-2015
116896;Axis Strategic Bond Fund - Regular Plan - Half Yearly IDCW;INF846K01BR8;INF846K01BT4;10.9427;10.9427;10.9427;10-Dec-2015
116895;Axis Strategic Bond Fund - Regular Plan - Quarterly IDCW;INF846K01BQ0;INF846K01BS6;10.6393;10.6393;10.6393;10-Dec-2015

Bandhan Mutual Fund
108730;BANDHAN Bond Fund - Medium Term - Regular Plan - Bi-Monthly IDCW;INF194K01KF9;INF194K01KE2;11.2173;11.2173;11.2173;10-Dec-2015
108731;BANDHAN Bond Fund - Medium Term - Regular Plan - Daily IDCW;INF194K01JW6;INF194K01JV8;10.0886;10.0886;10.0886;10-Dec-2015
108729;BANDHAN Bond Fund - Medium Term - Regular Plan - Fortnightly IDCW;INF194K01KI3;INF194K01KH5;10.1523;10.1523;10.1523;10-Dec-2015
108728;BANDHAN Bond Fund - Medium Term - Regular Plan - Growth;INF194K01JU0;;24.7244;24.7244;24.7244;10-Dec-2015
113169;BANDHAN Bond Fund - Medium Term - Regular Plan - IDCW Quarterly;INF194K01JZ9;INF194K01JY2;10.7058;10.7058;10.7058;10-Dec-2015
108727;BANDHAN Bond Fund - Medium Term - Regular Plan - Monthly IDCW;INF194K01KC6;INF194K01KB8;10.1710;10.1710;10.1710;10-Dec-2015
118399;BANDHAN Bond Fund - Medium Term Plan-Direct Plan-Bi Monthly IDCW;INF194K01T59;INF194K01T42;11.4729;11.4729;11.4729;10-Dec-2015
118400;BANDHAN Bond Fund - Medium Term Plan-Direct Plan-Daily IDCW;;INF194K01S68;10.4184;10.4184;10.4184;10-Dec-2015
118404;BANDHAN Bond Fund - Medium Term Plan-Direct Plan-Fortnightly IDCW;INF194K01T83;INF194K01T75;10.1946;10.1946;10.1946;10-Dec-2015
118401;BANDHAN Bond Fund - Medium Term Plan-Direct Plan-Growth;INF194K01S50;;25.2577;25.2577;25.2577;10-Dec-2015
118402;BANDHAN Bond Fund - Medium Term Plan-Direct Plan-Monthly IDCW;INF194K01T26;INF194K01T18;10.4447;10.4447;10.4447;10-Dec-2015
131384;BANDHAN Bond Fund - Medium Term Plan-Direct Plan-Periodic IDCW;INF194KA1TD2;INF194KA1TE0;11.2683;11.2683;11.2683;10-Dec-2015
118403;BANDHAN Bond Fund - Medium Term Plan-Direct Plan-Quartely IDCW;INF194K01S92;INF194K01S84;10.8068;10.8068;10.8068;10-Dec-2015

BNP Paribas Mutual Fund
127320;BNP Paribas Medium Term Fund - Annual Income Distribution cum Capital Withdrawal Option;INF251K01LP4;INF251K01LZ3;10.8584;10.8584;10.8584;10-Dec-2015
127307;BNP Paribas Medium Term Fund - Calendar Quarterly Income Distribution cum Capital Withdrawal Option;INF251K01LQ2;INF251K01MA4;10.5246;10.5246;10.5246;10-Dec-2015
127315;BNP Paribas Medium Term Fund - Direct Plan - Annual Income Distribution cum Capital Withdrawal Option;INF251K01LY6;INF251K01MG1;10.0000;10.0000;10.0000;10-Dec-2015
127311;BNP Paribas Medium Term Fund - Direct Plan - Calendar Quarterly Income Distribution cum Capital Withdrawal Option;INF251K01LW0;INF251K01ME6;10.3589;10.3589;10.3589;10-Dec-2015
127305;BNP Paribas Medium Term Fund - Direct Plan - Growth Option;INF251K01LU4;;11.9638;11.9638;11.9638;10-Dec-2015
127313;BNP Paribas Medium Term Fund - Direct Plan - Half yearly Income Distribution cum Capital Withdrawal Option;INF251K01LX8;INF251K01MF3;10.0000;10.0000;10.0000;10-Dec-2015
127310;BNP Paribas Medium Term Fund - Direct Plan - Monthly Income Distribution cum Capital Withdrawal Option;INF251K01LV2;INF251K01MD8;10.0000;10.0000;10.0000;10-Dec-2015
127304;BNP Paribas Medium Term Fund - Growth Option;INF251K01LT6;;11.7742;11.7742;11.7742;10-Dec-2015
127319;BNP Paribas Medium Term Fund - Half Yearly Income Distribution cum Capital Withdrawal Option;INF251K01LR0;INF251K01MB2;10.3340;10.3340;10.3340;10-Dec-2015
127308;BNP Paribas Medium Term Fund - Monthly Income Distribution cum Capital Withdrawal Option;INF251K01LS8;INF251K01MC0;10.1607;10.1607;10.1607;10-Dec-2015

DSP Mutual Fund
118924;DSP Bond Fund - Direct Plan - Growth;INF740K01MZ3;;46.5919;46.1260;46.5919;10-Dec-2015
118922;DSP Bond Fund - Direct Plan - IDCW;INF740K01NB2;INF740K01ND8;11.0447;10.9343;11.0447;10-Dec-2015
118921;DSP Bond Fund - Direct Plan - IDCW - Monthly;INF740K01NA4;INF740K01NC0;11.0128;10.9027;11.0128;10-Dec-2015
100078;DSP Bond Fund - Growth;INF740K01557;;45.6818;45.2250;45.6818;10-Dec-2015
100077;DSP Bond Fund - IDCW;INF740K01565;INF740K01995;10.9082;10.7991;10.9082;10-Dec-2015
100079;DSP Bond Fund - IDCW - Monthly;INF740K01573;INF740K01AA1;10.9165;10.8073;10.9165;10-Dec-2015

Franklin Templeton Mutual Fund
118554;Franklin India Income Opportunities Fund - Direct - Growth;INF090I01JI9;;17.5351;17.0090;17.5351;10-Dec-2015
118555;Franklin India Income Opportunities Fund - Direct - IDCW ;INF090I01JG3;INF090I01JH1;11.4104;11.0681;11.4104;10-Dec-2015
112304;Franklin India Income Opportunities Fund - Growth;INF090I01445;;17.1071;16.5939;17.1071;10-Dec-2015
112305;Franklin India Income Opportunities Fund - IDCW ;INF090I01452;INF090I01460;11.1539;10.8193;11.1539;10-Dec-2015

Groww Mutual Fund
121153;Indiabulls Income Fund - Direct Plan - Growth Option;INF666M01642;;12.4751;12.3503;12.4751;10-Dec-2015
121156;Indiabulls Income Fund - Direct Plan - Half Yearly Dividend Option;INF666M01709;INF666M01675;10.6759;10.5691;10.6759;10-Dec-2015
121154;Indiabulls Income Fund - Direct Plan - Monthly Dividend Option;INF666M01683;INF666M01659;10.5780;10.4722;10.5780;10-Dec-2015
121155;Indiabulls Income Fund - Direct Plan - Quarterly Dividend Option;INF666M01691;INF666M01667;10.7016;10.5946;10.7016;10-Dec-2015
121158;Indiabulls Income Fund - Regular Plan - Growth Option;INF666M01717;;12.0840;11.9632;12.0840;10-Dec-2015
121157;Indiabulls Income Fund - Regular Plan - Half Yearly Dividend Option;INF666M01774;INF666M01741;10.5737;10.4680;10.5737;10-Dec-2015
121159;Indiabulls Income Fund - Regular Plan - Monthly Dividend Option;INF666M01758;INF666M01725;10.3202;10.2170;10.3202;10-Dec-2015
121160;Indiabulls Income Fund - Regular Plan - Quarterly Dividend Option;INF666M01766;INF666M01733;10.8862;10.7773;10.8862;10-Dec-2015

HDFC Mutual Fund
101990;HDFC Medium Term Debt Fund - Fornightly IDCW Option;INF179K01897;INF179K01905;10.5802;10.5537;10.5802;10-Dec-2015
119080;HDFC Medium Term Debt Fund - Fortnightly IDCW Opt - Direct Plan;INF179KA1NP8;INF179KA1NO1;10.5826;10.5561;10.5826;10-Dec-2015
101989;HDFC Medium Term Debt Fund - Growth Option;INF179K01913;;28.8728;28.8006;28.8728;10-Dec-2015
119081;HDFC Medium Term Debt Fund - Growth Option - Direct Plan;INF179K01WI9;;29.2869;29.2137;29.2869;10-Dec-2015
132852;HDFC Medium Term Debt Fund - IDCW Option;INF179KA1E16;INF179KA1E08;10.9549;10.9275;10.9549;10-Dec-2015
132853;HDFC Medium Term Debt Fund - IDCW Option - Direct Plan;INF179KA1D90;INF179KA1D82;10.9648;10.9374;10.9648;10-Dec-2015

ICICI Prudential Mutual Fund
132981;ICICI Prudential Medium Term Bond Fund - Annual IDCW;INF109KA12G3;INF109KA13G1;11.0044;10.8944;11.0044;10-Dec-2015
130935;ICICI Prudential Medium Term Bond Fund - Bonus;INF109KA1B99;;10.8761;10.7673;10.8761;10-Dec-2015
120670;ICICI Prudential Medium Term Bond Fund - Direct Plan - Growth;INF109K015A5;;23.1011;22.8701;23.1011;10-Dec-2015
120672;ICICI Prudential Medium Term Bond Fund - Direct Plan - Half Yearly IDCW;INF109K016A3;INF109K017A1;10.7925;10.6846;10.7925;10-Dec-2015
120671;ICICI Prudential Medium Term Bond Fund - Direct Plan - Quarterly IDCW;INF109K018A9;INF109K019A7;10.8650;10.7564;10.8650;10-Dec-2015
130936;ICICI Prudential Medium Term Bond Fund - Direct Plan Bonus;INF109KA1B81;;11.3110;11.1979;11.3110;10-Dec-2015
102741;ICICI Prudential Medium Term Bond Fund - Growth;INF109K01AH4;;22.5701;22.3444;22.5701;10-Dec-2015
117330;ICICI Prudential Medium Term Bond Fund - Half Yearly IDCW;INF109K01B53;INF109K01B61;10.6176;10.5114;10.6176;10-Dec-2015
113137;ICICI Prudential Medium Term Bond Fund - Quarterly IDCW;INF109K01UF6;INF109K01IO3;10.4768;10.3720;10.4768;10-Dec-2015
132982;ICICI Prudential Medium Term Bond Fund -Direct Plan - Annual IDCW;INF109KA10G7;INF109KA11G5;11.0142;N.A.;N.A.;10-Dec-2015
117706;ICICI Prudential Medium Term Bond Fund Plan B - Half Yearly Dividend;INF109K01B87;;10.5549;10.4494;10.5549;10-Dec-2015
113138;ICICI Prudential Medium Term Bond Fund Plan B - Quarterly Dividend;INF109K01UI0;INF109K01IQ8;10.3741;10.2704;10.3741;10-Dec-2015
113136;ICICI Prudential Medium Term Bond Fund Plan C - Quarterly Dividend;INF109K01UO8;INF109K01UN0;10.3746;10.2709;10.3746;10-Dec-2015
102743;ICICI Prudential Medium Term Bond Fund-Plan B-Growth;INF109K01AJ0;;23.3006;23.0676;23.3006;10-Dec-2015

Kotak Mahindra Mutual Fund
128008;Kotak Medium Term Fund - Direct - Quarterly Payout of Income Distribution cum capital withdrawal option;INF174K01VR3;INF174K01VT9;10.5355;10.5355;10.5355;10-Dec-2015
128079;Kotak Medium Term Fund - Direct - Standard Income Distribution cum capital withdrawal option;INF174K01VSI;INF174K01VU7;12.0918;12.0918;12.0918;10-Dec-2015
128006;Kotak Medium Term Fund - Direct Growth;INF174K01VQ5;;12.0919;12.0919;12.0919;10-Dec-2015
128009;Kotak Medium Term Fund - Growth;INF174K01VL6;;11.934;11.934;11.934;10-Dec-2015
128007;Kotak Medium Term Fund - Quarterly Payout of Income Distribution cum capital withdrawal option;INF174K01VM4;INF174K01VO0;10.4966;10.4966;10.4966;10-Dec-2015
128078;Kotak Medium Term Fund - Standard Income Distribution cum capital withdrawal option;INF174K01VN2;INF174K01VP7;10.8865;10.8865;10.8865;10-Dec-2015

L&T Mutual Fund
134425;L&T Resurgent India  Bond Fund - Direct Plan - Annual IDCW;INF917K01WF8;INF917K01WC5;10.5871;10.3754;10.5871;10-Dec-2015
133604;L&T Resurgent India  Bond Fund - Direct Plan - Growth;INF917K01TK4;;10.8762;10.6587;10.8762;10-Dec-2015
133606;L&T Resurgent India  Bond Fund - Direct Plan - IDCW;INF917K01TM0;INF917K01TL2;10.5003;10.2903;10.5003;10-Dec-2015
134426;L&T Resurgent India  Bond Fund - Regular Plan - Annual IDCW;INF917K01WE1;INF917K01WD3;10.5851;10.3734;10.5851;10-Dec-2015
133607;L&T Resurgent India  Bond Fund - Regular Plan - Growth;INF917K01TH0;;10.7992;10.5832;10.7992;10-Dec-2015
133605;L&T Resurgent India  Bond Fund - Regular Plan - IDCW;INF917K01TJ6;INF917K01TI8;10.4241;10.2156;10.4241;10-Dec-2015

Nippon India Mutual Fund
130056;NIPPON INDIA MEDIUJM DURATION FUND - QUARTERLY IDCW Option;INF204KA1QC8;INF204KA1QE4;10.4748;10.3701;10.4748;10-Dec-2015
130051;Nippon India Medium Duration  Fund - Bonus Option;INF204KA1QA2;;11.5361;11.4207;11.5361;10-Dec-2015
130052;Nippon India Medium Duration Fund - Direct Plan - Bonus Option;INF204KA1QG9;;11.6684;11.5517;11.6684;10-Dec-2015
130050;Nippon India Medium Duration Fund - Direct Plan - Growth Option;INF204KA1QF1;;11.6684;11.5517;11.6684;10-Dec-2015
130054;NIPPON INDIA MEDIUM DURATION FUND - DIRECT Plan - IDCW Option;INF204KA1QH7;INF204KA1QJ3;11.4672;11.3525;11.4672;10-Dec-2015
130055;NIPPON INDIA MEDIUM DURATION FUND - DIRECT Plan - QUARTERLY IDCW Option;INF204KA1QI5;INF204KA1QK1;10.5053;10.4002;10.5053;10-Dec-2015
130037;Nippon India Medium Duration Fund - Growth Option;INF204KA1PZ1;;11.5361;11.4207;11.5361;10-Dec-2015
130053;NIPPON INDIA MEDIUM DURATION FUND - IDCW Option;INF204KA1QB0;INF204KA1QD6;11.3546;11.2411;11.3546;10-Dec-2015

SBI Mutual Fund
119824;SBI MAGNUM MEDIUM DURATION FUND - DIRECT PLAN - GROWTH;INF200K01VB0;;24.4619;24.2173;24.4619;10-Dec-2015
119825;SBI Magnum Medium Duration Fund - Direct Plan - Income Distribution cum Capital Withdrawal Option (IDCW);INF200K01UZ1;INF200K01VA2;12.2232;12.101;12.2232;10-Dec-2015
102053;SBI MAGNUM MEDIUM DURATION FUND - REGULAR PLAN - GROWTH;INF200K01719;;24.1033;23.8623;24.1033;10-Dec-2015
102054;SBI Magnum Medium Duration Fund - Regular Plan - Income Distribution cum Capital Withdrawal Option (IDCW);INF200K01727;INF200K01735;12.042;11.9216;12.042;10-Dec-2015

Sundaram Mutual Fund
119675;Sundaram Medium Duration Fund (Formerly Known as Sundaram Medium Term Bond Fund) Direct Plan - Growth;INF903J01PO6;;42.0568;41.6362;42.0568;10-Dec-2015
119676;Sundaram Medium Duration Fund (Formerly Known as Sundaram Medium Term Bond Fund) Direct Plan -Income Distribution cum Capital Withdrawal (IDCW);INF903J01PH0;INF903J01PM0;11.6993;11.5823;11.6993;10-Dec-2015
119672;Sundaram Medium Duration Fund (Formerly Known as Sundaram Medium Term Bond Fund) Direct Plan-Income Distribution cum Capital Withdrawal (IDCW);INF903J01PK4;INF903J01PL2;18.1479;17.9664;18.1479;10-Dec-2015
100608;Sundaram Medium Duration Fund (Formerly Known as Sundaram Medium Term Bond Fund) Institutional Plan - Growth;INF903J01FY6;;46.2563;45.7937;46.2563;10-Dec-2015
100603;Sundaram Medium Duration Fund (Formerly Known as Sundaram Medium Term Bond Fund) Regular Plan - Growth;INF903J01FQ2;;40.9308;40.5215;40.9308;10-Dec-2015
100604;Sundaram Medium Duration Fund (Formerly Known as Sundaram Medium Term Bond Fund) Regular Plan -Growth;INF903J01FX8;;13.9795;13.8397;13.9795;10-Dec-2015
100610;Sundaram Medium Duration Fund (Formerly Known as Sundaram Medium Term Bond Fund) Regular Plan -Income Distribution cum Capital Withdrawal (IDCW);INF903J01FT6;INF903J01FW0;11.4146;11.3005;11.4146;10-Dec-2015
100609;Sundaram Medium Duration Fund (Formerly Known as Sundaram Medium Term Bond Fund) Regular Plan- Income Distribution cum Capital Withdrawal(IDCW);INF903J01FS8;INF903J01FV2;11.4587;11.3441;11.4587;10-Dec-2015
100602;Sundaram Medium Duration Fund (Formerly Known as Sundaram Medium Term Bond Fund) Regular Plan-Income Distribution cum Capital Withdrawal(IDCW);INF903J01FR0;INF903J01FU4;11.4240;11.3098;11.4240;10-Dec-2015

Tata Mutual Fund
101703;Tata Medium Term Fund -Regular Plan - Growth Option;INF277K01717;;22.7161;22.4889;22.7161;10-Dec-2015
119126;Tata Medium Term Fund- Direct Plan - Payout of IDCW Option;INF277K01PG9;INF277K01PH7;12.8665;12.7378;12.8665;10-Dec-2015
119127;Tata Medium Term Fund- Direct Plan- Growth Option;INF277K01PI5;;23.4303;23.1960;23.4303;10-Dec-2015
101605;Tata Medium Term Fund- Regular Plan - Payout of IDCW option;INF277K01DW2;INF277K01709;12.5331;12.4078;12.5331;10-Dec-2015
101704;Tata Medium Term Fund B - Growth Option;INF277K01733;;23.5126;23.2775;23.5126;10-Dec-2015
101606;Tata Medium Term Fund B - Income / Bonus Option;INF277K01DX0;;12.9975;12.8675;12.9975;10-Dec-2015

UTI Mutual Fund
134505;UTI Medium Duration Fund - Direct Plan - Annual IDCW;INF789FB1KL1;INF789FB1KM9;10.6116;10.6116;0;10-Dec-2015
134506;UTI Medium Duration Fund - Direct Plan - Flexi IDCW;INF789FB1KO5;INF789FB1KN7;10.6118;10.6118;0;10-Dec-2015
134503;UTI Medium Duration Fund - Direct Plan - Growth Option;INF789FB1KE6;;10.6114;10.6114;0;10-Dec-2015
134504;UTI Medium Duration Fund - Direct Plan - Half-Yearly IDCW;INF789FB1KJ5;INF789FB1KK3;10.6125;10.6125;0;10-Dec-2015
134501;UTI Medium Duration Fund - Direct Plan - Monthly IDCW;INF789FB1KF3;INF789FB1KG1;10.5353;10.5353;0;10-Dec-2015
134502;UTI Medium Duration Fund - Direct Plan - Quarterly IDCW;INF789FB1KH9;INF789FB1KI7;10.5352;10.5352;0;10-Dec-2015
134500;UTI Medium Duration Fund - Regular Plan - Annual IDCW;INF789FB1KA4;INF789FB1KB2;10.543;10.543;0;10-Dec-2015
134499;UTI Medium Duration Fund - Regular Plan - Growth Option;INF789FB1JU4;;10.543;10.543;0;10-Dec-2015
134497;UTI Medium Duration Fund - Regular Plan - Half-Yearly IDCW;INF789FB1JY6;INF789FB1JZ3;10.4672;10.4672;0;10-Dec-2015
134495;UTI Medium Duration Fund - Regular Plan - Monthly IDCW;INF789FB1JV2;INF789FB1KP2;10.4673;10.4673;0;10-Dec-2015
134496;UTI Medium Duration Fund - Regular Plan - Quarterly IDCW;INF789FB1JW0;INF789FB1JX8;10.4669;10.4669;0;10-Dec-2015

Open Ended Schemes ( Debt Scheme - Medium to Long Duration Fund )


Aditya Birla Sun Life Mutual Fund
111777;Aditya Birla Sun Life Income Fund (Discipline Advantage Plan);INF209K01LD8;;16.2236;16.2236;16.2236;10-Dec-2015
133446;Aditya Birla Sun Life Income Fund - Direct - IDCW;INF209KA1WL2;INF209KA1WM0;10.3058;10.3058;10.3058;10-Dec-2015
119655;Aditya Birla Sun Life Income Fund - Direct - Quarterly IDCW;INF209K01R13;INF209K01WZ8;13.2432;13.2432;13.2432;10-Dec-2015
119657;Aditya Birla Sun Life Income Fund - Growth - Direct Plan;INF209K01WY1;;65.5225;65.5225;65.5225;10-Dec-2015
100038;Aditya Birla Sun Life Income Fund - Growth - Regular Plan;INF209K01579;;64.3067;64.3067;64.3067;10-Dec-2015
133445;Aditya Birla Sun Life Income Fund - Regular - IDCW;INF209KA1WJ6;INF209KA1WK4;10.2277;10.2277;10.2277;10-Dec-2015
100037;Aditya Birla Sun Life Income Fund - Regular - Quarterly IDCW;INF209K01587;INF209K01CY3;12.9226;12.9226;12.9226;10-Dec-2015

Bandhan Mutual Fund
108766;BANDHAN Bond Fund - Income Plan - Regular Plan - Annual IDCW;INF194K01IN7;INF194K01IM9;18.2635;18.2635;18.2635;10-Dec-2015
108765;BANDHAN Bond Fund - Income Plan - Regular Plan - Growth;INF194K01IL1;;35.0832;35.0832;35.0832;10-Dec-2015
108763;BANDHAN Bond Fund - Income Plan - Regular Plan - Half-yearly IDCW;INF194K01IQ0;INF194K01IP2;11.3498;11.3498;11.3498;10-Dec-2015
131387;BANDHAN Bond Fund - Income Plan - Regular Plan - Periodic IDCW;INF194KA1SU8;INF194KA1SV6;11.5200;11.5200;11.5200;10-Dec-2015
108764;BANDHAN Bond Fund - Income Plan - Regular Plan - Quarterly IDCW;INF194K01IT4;INF194K01IS6;11.5170;11.5170;11.5170;10-Dec-2015
118393;BANDHAN Bond Fund - Income Plan-Direct Plan-Annual IDCW;INF194K01R77;INF194K01R69;15.4189;15.4189;15.4189;10-Dec-2015
118394;BANDHAN Bond Fund - Income Plan-Direct Plan-Growth;INF194K01R51;;35.9098;35.9098;35.9098;10-Dec-2015
131386;BANDHAN Bond Fund - Income Plan-Direct Plan-Periodic IDCW;INF194KA1SX2;INF194KA1SY0;11.5439;11.5439;11.5439;10-Dec-2015
118396;BANDHAN Bond Fund - Income Plan-Direct Plan-Quarterly IDCW;INF194K01S35;INF194K01S27;11.8448;11.8448;11.8448;10-Dec-2015
108768;BANDHAN Bond Fund - Short Term - Regular Plan - Growth;INF194K01HF5;;30.0847;30.0847;30.0847;10-Dec-2015
108767;BANDHAN Bond Fund - Short Term - Regular Plan - Monthly IDCW;INF194K01HH1;INF194K01HG3;10.1732;10.1732;10.1732;10-Dec-2015

Bank of India Mutual Fund
119395;BANK OF INDIA Conservative Hybrid  Fund-Direct Plan-Quarterly IDCW;INF761K01850;INF761K01843;11.0341;10.9238;11.0341;10-Dec-2015
111718;BANK OF INDIA Conservative Hybrid  Fund-ECO Plan-Quarterly IDCW;INF761K01439;INF761K01421;10.2069;10.1048;0.0000;10-Dec-2015
119393;BANK OF INDIA Conservative Hybrid Fund Fund-Direct Plan-Growth;INF761K01819;;16.9059;16.7368;16.9059;10-Dec-2015
119394;BANK OF INDIA Conservative Hybrid Fund-Direct Plan-Monthly IDCW;INF761K01835;INF761K01827;10.5583;10.4527;10.5583;10-Dec-2015
111715;BANK OF INDIA Conservative Hybrid Fund-ECO Plan-Growth;INF761K01397;;16.9226;16.7534;0.0000;10-Dec-2015
111717;BANK OF INDIA Conservative Hybrid Fund-ECO Plan-Monthly IDCW;INF761K01413;INF761K01405;15.6264;15.4701;0.0000;10-Dec-2015
111714;BANK OF INDIA Conservative Hybrid Fund-Regular Plan-Annual IDCW;INF761K01454;INF761K01447;10.2652;10.1625;10.2652;10-Dec-2015
111712;BANK OF INDIA Conservative Hybrid Fund-Regular Plan-Growth;INF761K01462;;16.7518;16.5843;16.7518;10-Dec-2015
111716;BANK OF INDIA Conservative Hybrid Fund-Regular Plan-Monthly IDCW;INF761K01488;INF761K01470;12.2952;12.1722;12.2952;10-Dec-2015
111713;BANK OF INDIA Conservative Hybrid Fund-Regular Plan-Quarterly IDCW;INF761K01504;INF761K01496;10.9965;10.8865;10.9965;10-Dec-2015

Baroda BNP Paribas Mutual Fund
101155;BARODA INCOME FUND - Plan A - Dividend Option;INF955L01211;INF955L01229;22.5905;22.3646;22.5905;10-Dec-2015
101154;BARODA INCOME FUND - Plan A - Growth Option;INF955L01237;;22.5905;22.3646;22.5905;10-Dec-2015
119362;BARODA INCOME FUND - Plan B (Direct) - Growth Option;INF955L01BQ7;;23.2021;22.9701;23.2021;10-Dec-2015

Canara Robeco Mutual Fund
118282;CANARA ROBECO INCOME FUND - DIRECT PLAN - GROWTH OPTION;INF760K01FI1;;31.0242;31.0242;31.0242;10-Dec-2015
118281;CANARA ROBECO INCOME FUND - DIRECT PLAN - QUARTERLY IDCW (Payout/Reinvestment);INF760K01FG5;INF760K01FH3;14.2729;14.2729;14.2729;10-Dec-2015
101588;CANARA ROBECO INCOME FUND - REGULAR PLAN - GROWTH OPTION;INF760K01324;;30.4913;30.4913;30.4913;10-Dec-2015
101587;CANARA ROBECO INCOME FUND - REGULAR PLAN - QUARTERLY IDCW (Payout/Reinvestment);INF760K01340;INF760K01357;14.0217;14.0217;14.0217;10-Dec-2015

HDFC Mutual Fund
100124;HDFC Income Fund - Growth Option;INF179K01962;;32.7983;32.6343;32.7983;10-Dec-2015
119069;HDFC Income Fund - Growth Option - Direct Plan;INF179K01WL3;;33.6439;33.4757;33.6439;10-Dec-2015
133365;HDFC Income Fund - Normal IDCW - Direct Plan;INF179KA1Q12;;10.6437;10.5905;10.6437;10-Dec-2015
133366;HDFC Income Fund - Normal IDCW Option;INF179KA1Q38;;10.3425;10.2908;10.3425;10-Dec-2015
100123;HDFC Income Fund - Quarterly IDCW Option;INF179K01947;INF179K01954;11.029;10.9739;11.029;10-Dec-2015
119068;HDFC Income Fund - Quarterly IDCW- Direct Plan;INF179K01WJ7;INF179K01WK5;11.3527;11.2959;11.3527;10-Dec-2015

HSBC Mutual Fund
120059;HSBC Medium to Long Duration Fund - Direct Growth;INF336L01DE2;;25.0505;25.0505;25.0505;10-Dec-2015
101685;HSBC Medium to Long Duration Fund - Regular Growth;INF336L01776;;24.465;24.465;24.465;10-Dec-2015
101686;HSBC Medium to Long Duration Fund - Regular Quarterly IDCW;INF336L01784;INF336L01792;11.1977;11.1977;11.1977;10-Dec-2015

ICICI Prudential Mutual Fund
130932;ICICI Prudential Bond Fund - Bonus;INF109KA1C72;;10.5559;10.4503;10.5559;10-Dec-2015
120619;ICICI Prudential Bond Fund - Direct Plan - Growth;INF109K01V83;;20.5503;20.3448;20.5503;10-Dec-2015
131480;ICICI Prudential Bond Fund - Direct Plan - Half Yearly IDCW;INF109KA1X77;INF109KA1X69;10.4395;10.3351;10.4395;10-Dec-2015
120617;ICICI Prudential Bond Fund - Direct Plan - IDCW Monthly;INF109K01V59;INF109K01V67;11.4995;11.3845;11.4995;10-Dec-2015
120618;ICICI Prudential Bond Fund - Direct Plan - IDCW Quarterly;INF109K01V75;INF109K01V91;11.1108;10.9997;11.1108;10-Dec-2015
109740;ICICI Prudential Bond Fund - Growth;INF109K01BO8;;20.3918;20.1879;20.3918;10-Dec-2015
131481;ICICI Prudential Bond Fund - Half Yearly IDCW;INF109KA1X51;INF109KA1X44;10.4633;N.A.;N.A.;10-Dec-2015
109741;ICICI Prudential Bond Fund - IDCW Monthly;INF109K01EU9;INF109K01BP5;11.4047;11.2907;11.4047;10-Dec-2015
109743;ICICI Prudential Bond Fund - IDCW Quarterly;INF109K01EV7;INF109K01BS9;10.7970;10.6890;10.7970;10-Dec-2015
109742;ICICI Prudential Bond Fund- Institutional Growth;INF109K01BQ3;;17.8382;17.6598;17.8382;10-Dec-2015
109744;ICICI Prudential Bond Fund- Institutional Monthly Dividend;INF109K01ES3;INF109K01BR1;10.6442;10.5378;10.6442;10-Dec-2015
109745;ICICI Prudential Bond Fund- Institutional Quarterly Dividend;INF109K01ET1;INF109K01BT7;11.1967;11.0847;11.1967;10-Dec-2015

JM Financial Mutual Fund
120428;JM Medium to Long Duration Fund (Direct) - Bonus Option - Principal Units;INF192K01CX3;;18.4046;18.4046;18.4046;10-Dec-2015
120430;JM Medium to Long Duration Fund (Direct) - Growth Option;INF192K01CW5;;43.1877;43.1877;43.1877;10-Dec-2015
120431;JM Medium to Long Duration Fund (Direct) - Quarterly IDCW;INF192K01CU9;INF192K01CV7;15.1890;15.1890;15.1890;10-Dec-2015
100223;JM Medium to Long Duration Fund (Regular) - Growth Option;INF192K01AB3;;41.9790;41.9790;41.9790;10-Dec-2015
100222;JM Medium to Long Duration Fund (Regular) - Quarterly IDCW;INF192K01999;INF192K01AA5;14.2731;14.2731;14.2731;10-Dec-2015
101181;JM Medium to Long Duration Fund (Regular) - Bonus Option- Principal Units;INF192K01AC1;;17.1746;17.1746;17.1746;10-Dec-2015

Kotak Mahindra Mutual Fund
119736;Kotak Bond - Quaterly Payout of Income Distribution cum capital withdrawal option - Direct;INF174K01JF3;;11.4344;11.3201;11.4344;10-Dec-2015
119734;Kotak Bond Fund - Direct Plan - Standard IDCW option;INF174K01JD8;;21.7483;21.5308;21.7483;10-Dec-2015
119735;Kotak Bond Fund - Growth - Direct;INF174K01JC0;;41.6208;41.2046;41.6208;10-Dec-2015
100300;Kotak Bond Fund - Regular Plan - Standard IDCW Option;INF174K01EQ1;INF174K01EP3;24.9858;24.7359;24.9858;10-Dec-2015
100299;Kotak Bond Fund - Regular Plan Growth;INF174K01EM0;;40.7823;40.3745;40.7823;10-Dec-2015
100301;Kotak Bond Regular Plan Bonus Plan;INF174K01ER9;;27.1853;26.9134;27.1853;10-Dec-2015
100298;Kotak Bond Regular Plan Quaterly Payout of Income Distribution cum capital withdrawal option;INF174K01EO6;INF174K01EN8;10.831;10.7227;10.831;10-Dec-2015
100291;Kotak Bond-Deposit-Dividend;INF174K01EK4;INF174K01EL2;12.0988;11.9778;12.0988;10-Dec-2015
100292;Kotak Bond-Deposit-Growth;INF174K01EJ6;;38.0326;37.6523;38.0326;10-Dec-2015

LIC Mutual Fund
120279;LIC MF Medium to Long Duration Fund-Direct Plan-Growth;INF767K01EW0;;40.3785;39.9747;40.3785;10-Dec-2015
120278;LIC MF Medium to Long Duration Fund-Direct Plan-IDCW;INF767K01EV2;INF767K01EX8;10.7487;10.6412;10.7487;10-Dec-2015
100315;LIC MF Medium to Long Duration Fund-Regular Plan-Growth;INF767K01923;;39.7404;39.3430;39.7404;10-Dec-2015
100314;LIC MF Medium to Long Duration Fund-Regular Plan-IDCW;INF767K01907;INF767K01915;10.5578;10.4522;10.5578;10-Dec-2015

Nippon India Mutual Fund
100386;NIPPON INDIA MEDIUM TO LONG DURATION  FUND - ANNUAL IDCW Option;INF204K01CT4;INF204K01CU2;12.5717;12.5717;12.5717;10-Dec-2015
118680;NIPPON INDIA MEDIUM TO LONG DURATION  FUND - Direct Plan - ANNUAL IDCW Option;INF204K01YT8;INF204K01YU6;13.8117;13.8117;13.8117;10-Dec-2015
118681;NIPPON INDIA MEDIUM TO LONG DURATION  FUND - Direct Plan - HALF YEARLY IDCW Option;INF204K01YR2;INF204K01YS0;13.0866;13.0866;13.0866;10-Dec-2015
118683;NIPPON INDIA MEDIUM TO LONG DURATION  FUND - Direct Plan - MONTHLY IDCW Option;INF204K01YN1;;10.8136;10.8136;10.8136;10-Dec-2015
118679;Nippon India Medium to Long Duration  Fund - Direct Plan Growth Plan-Bonus Option;INF204K01F38;;13.6965;13.6965;13.6965;10-Dec-2015
100388;Nippon India Medium to Long Duration  Fund - Growth Plan Bonus Option;INF204K01CM9;;13.4338;13.4338;13.4338;10-Dec-2015
100387;Nippon India Medium to Long Duration  Fund - Growth Plan Growth Option;INF204K01CL1;;46.7278;46.7278;46.7278;10-Dec-2015
100385;NIPPON INDIA MEDIUM TO LONG DURATION  FUND - HALF YEARLY IDCW Option;INF204K01CR8;INF204K01CS6;12.3400;12.3400;12.3400;10-Dec-2015
100384;NIPPON INDIA MEDIUM TO LONG DURATION  FUND - QUARTERLY IDCW Option;INF204K01CP2;INF204K01CQ0;13.0424;13.0424;13.0424;10-Dec-2015
118684;NIPPON INDIA MEDIUM TO LONG DURATION FUND - Direct Plan - QUARTERLY IDCW Option;INF204K01YP6;INF204K01YQ4;13.3982;13.3982;13.3982;10-Dec-2015
118687;Nippon India Medium to Long Duration Fund - Direct Plan Growth Plan - Growth Option;INF204K01XS2;;47.9310;47.9310;47.9310;10-Dec-2015
100383;NIPPON INDIA MEDIUM TO LONG DURATION FUND - MONTHLY IDCW Option;INF204K01CN7;INF204K01CO5;10.3543;10.3543;10.3543;10-Dec-2015

SBI Mutual Fund
119713;SBI Magnum Income Fund - Direct Plan - Half Yearly - Income Distribution cum Capital Withdrawal Option (IDCW);INF200K01SP6;INF200K01SQ4;12.6116;12.4855;12.6116;10-Dec-2015
121940;SBI Magnum Income Fund - Direct Plan - Quarterly Income Distribution cum Capital Withdrawal Option (IDCW);INF200K01YS8;INF200K01YT6;12.7343;12.607;12.7343;10-Dec-2015
100638;SBI Magnum Income Fund - Regular Plan - Half Yearly - Income Distribution cum Capital Withdrawal Option (IDCW);INF200K01610;INF200K01628;11.7114;11.5943;11.7114;10-Dec-2015
121944;SBI Magnum Income Fund - Regular Plan - Quarterly Income Distribution cum Capital Withdrawal Option (IDCW);INF200K01YQ2;INF200K01YR0;12.5582;12.4326;12.5582;10-Dec-2015
119712;SBI Magnum Income Fund-DIRECT PLAN - Bonus;INF200K01SO9;;21.3911;21.1772;21.3911;10-Dec-2015
119714;SBI Magnum Income Fund-DIRECT PLAN -Growth;INF200K01SR2;;35.2314;34.8791;35.2314;10-Dec-2015
100640;SBI Magnum Income Fund-REGULAR PLAN-Bonus;INF200K01602;;21.1191;20.9079;21.1191;10-Dec-2015
100639;SBI Magnum Income Fund-REGULAR PLAN-Growth;INF200K01594;;34.8545;34.506;34.8545;10-Dec-2015

Tata Mutual Fund
119879;Tata Income Fund - Direct Plan - Bonus;INF277K01OZ2;;14.0617;13.9211;14.0617;10-Dec-2015
119876;Tata Income Fund - Direct Plan - Growth Option;INF277K01OY5;;45.6185;45.1623;45.6185;10-Dec-2015
100418;Tata Income Fund -Regular Plan - Growth Option;INF277K01659;;44.8493;44.4008;44.8493;10-Dec-2015
101186;Tata Income Fund- Regular Plan - Periodic Payout of IDCW Option;INF277K01DT8;INF277K01667;26.0019;25.7419;26.0019;10-Dec-2015
119877;TATA Income Fund-Direct Plan - Half Yearly Payout of IDCW Option;INF277K01PA2;INF277K01PB0;12.7242;12.5970;12.7242;10-Dec-2015
100417;Tata Income Fund-Regular Plan - Half Yearly Payout of IDCW Option;INF277K01DU6;INF277K01675;12.4864;12.3615;12.4864;10-Dec-2015
119873;Tata Long Term Debt Fund - Direct Plan - Quartelry Dividend Plan;INF277K01PE4;INF277K01PF1;11.2351;11.1227;11.2351;10-Dec-2015
101419;Tata Long Term Debt Fund - Regular Plan  -Bonus;INF277K01691;;13.7164;13.5792;13.7164;10-Dec-2015
100416;Tata Long Term Debt Fund - Regular Plan - Quarterly Dividend;INF277K01DV4;INF277K01683;11.1578;11.0462;11.1578;10-Dec-2015

UTI Mutual Fund
133280;UTI Medium to Long Duration Fund - Direct Plan - Flexi IDCW;INF789FA1U04;INF789FA1U12;10.787;10.787;0;10-Dec-2015
134998;UTI Medium to Long Duration Fund - Direct Plan - Half-Yearly IDCW;INF789FA1T64;INF789FA1T72;10.3959;10.3959;0;10-Dec-2015
120690;UTI Medium to Long Duration Fund - Direct Plan - Quarterly IDCW;INF789F01SO1;INF789F01SP8;14.2574;14.2574;14.2574;10-Dec-2015
133869;UTI Medium to Long Duration Fund - Regular Plan - Annual IDCW;INF789FA1T23;INF789FA1T31;10.372;10.372;0;10-Dec-2015
133872;UTI Medium to Long Duration Fund - Regular Plan - Flexi IDCW;INF789FA1T49;INF789FA1T56;10.3739;10.3739;0;10-Dec-2015
135581;UTI Medium to Long Duration Fund - Regular Plan - Half-Yearly IDCW;INF789FA1T07;INF789FA1T15;9.9371;9.9371;0;10-Dec-2015
100742;UTI Medium to Long Duration Fund - Regular Plan - Quarterly IDCW;INF789F01380;INF789F01398;13.3119;13.3119;13.3119;10-Dec-2015
100741;UTI Medium to Long Duration Fund- Regular Plan - Growth;INF789F01406;;43.2715;43.2715;43.2715;10-Dec-2015
120689;UTI Medium to Long Duration Fund-Growth - Direct;INF789F01SQ6;;44.5743;44.5743;44.5743;10-Dec-2015

Open Ended Schemes ( Debt Scheme - Long Duration Fund )


ICICI Prudential Mutual Fund
131623;ICICI Prudential Long Term Bond Fund - Annual IDCW;INF109KA11C4;INF109KA10C6;10.2552;10.1526;10.2552;10-Dec-2015
122673;ICICI Prudential Long Term Bond Fund - Bonus;INF109KA1335;;44.9848;44.5350;44.9848;10-Dec-2015
120743;ICICI Prudential Long Term Bond Fund - Direct Plan - Growth;INF109K017L8;;46.3461;45.8826;46.3461;10-Dec-2015
120748;ICICI Prudential Long Term Bond Fund - Direct Plan - Half Yearly IDCW;INF109K018L6;INF109K019L4;11.5152;11.4000;11.5152;10-Dec-2015
120747;ICICI Prudential Long Term Bond Fund - Direct Plan - Quarterly IDCW;INF109K010M1;INF109K011M9;11.9335;11.8142;11.9335;10-Dec-2015
100365;ICICI Prudential Long Term Bond Fund - Growth;INF109K01365;;44.9846;44.5348;44.9846;10-Dec-2015
100364;ICICI Prudential Long Term Bond Fund - Half Yearly IDCW;INF109K01EX3;INF109K01357;10.8506;10.7421;10.8506;10-Dec-2015
100367;ICICI Prudential Long Term Bond Fund - Quarterly IDCW;INF109K01EZ8;INF109K01399;11.7309;11.6136;11.7309;10-Dec-2015
131622;ICICI Prudential Long Term Bond Fund Direct Plan - Annual IDCW;INF109KA13C0;INF109KA12C2;11.3242;11.2110;11.3242;10-Dec-2015
100366;ICICI Prudential Long Term Bond Fund-Institutional Quarterly Dividend;INF109K01EY1;INF109K01381;11.1274;11.0161;11.1274;10-Dec-2015
101642;ICICI Prudential Long Term Bond Fund - Institutional Dividend Halfyearly;INF109K01EW5;INF109K01373;10.5319;10.4266;10.5319;10-Dec-2015
101643;ICICI Prudential Long Term Bond Fund-Institutional Option-Growth;INF109K01407;;48.0891;47.6082;48.0891;10-Dec-2015

Open Ended Schemes ( Debt Scheme - Dynamic Bond )


360 ONE Mutual Fund
122612;360 ONE Dynamic Bond Fund - Regular Plan - Growth Option;INF579M01183;;11.7869;11.7869;11.7869;10-Dec-2015
122715;360 ONE Dynamic Bond Fund Direct Plan Growth;INF579M01266;;11.9331;11.9331;11.9331;10-Dec-2015
122721;360 ONE Dynamic Bond Fund Direct Plan Monthly Dividend;INF579M01282;INF579M01316;11.1104;11.1104;11.1104;10-Dec-2015
122717;360 ONE Dynamic Bond Fund Direct Plan Quarterly Dividend;INF579M01290;INF579M01324;11.5185;11.5185;11.5185;10-Dec-2015
122711;360 ONE Dynamic Bond Fund Regular Plan Bonus;INF579M01191;;11.7869;11.7869;11.7869;10-Dec-2015
122720;360 ONE Dynamic Bond Fund Regular Plan Half Yearly Dividend;INF579M01225;INF579M01258;11.3742;11.3742;11.3742;10-Dec-2015
122719;360 ONE Dynamic Bond Fund Regular Plan Monthly Dividend;INF579M01209;INF579M01233;10.9664;10.9664;10.9664;10-Dec-2015
122712;360 ONE Dynamic Bond Fund Regular Plan Quarterly Dividend;INF579M01217;INF579M01241;11.3742;11.3742;11.3742;10-Dec-2015

Aditya Birla Sun Life Mutual Fund
119505;Aditya Birla Sun Life Dynamic Bond Fund - Growth - Direct Plan;INF209K01N82;;25.9119;25.6528;25.9119;10-Dec-2015
102767;Aditya Birla Sun Life Dynamic Bond Fund - Growth - Regular Plan;INF209K01793;;25.5423;25.2869;25.5423;10-Dec-2015
132918;Aditya Birla Sun Life Dynamic Bond Fund -Direct - IDCW;INF209KA1TX3;;11.1712;11.1712;11.1712;10-Dec-2015
119503;Aditya Birla Sun Life Dynamic Bond Fund -DIRECT - MONTHLY IDCW;INF209K01R62;;10.8676;10.7589;10.8676;10-Dec-2015
119502;Aditya Birla Sun Life Dynamic Bond Fund -Direct - Quarterly IDCW;INF209K01R88;;11.0828;10.9720;11.0828;10-Dec-2015
132917;Aditya Birla Sun Life Dynamic Bond Fund -Regular - IDCW;INF209KA1TV7;;11.0960;11.0960;11.0960;10-Dec-2015
111521;Aditya Birla Sun Life Dynamic Bond Fund -REGULAR - MONTHLY IDCW;INF209K01801;INF209K01DG8;10.8166;10.7084;10.8166;10-Dec-2015
102766;Aditya Birla Sun Life Dynamic Bond Fund -Regular - Quarterly IDCW;INF209K01819;INF209K01DH6;10.8933;10.7844;10.8933;10-Dec-2015
111848;Aditya Birla Sun Life Dynamic Bond Fund-Discipline Advantage Plan-Growth;INF209K01JW2;;17.6687;17.4920;17.6687;10-Dec-2015

Axis Mutual Fund
120451;Axis Dynamic Bond Fund - Direct Plan - Growth Option;INF846K01DI3;;15.3793;15.2255;15.3793;10-Dec-2015
120450;Axis Dynamic Bond Fund - Direct Plan - Half Yearly IDCW;INF846K01DJ1;INF846K01DK9;11.1654;11.0537;11.1654;10-Dec-2015
120452;Axis Dynamic Bond Fund - Direct Plan - Quarterly IDCW;INF846K01DL7;INF846K01DM5;11.0533;10.9428;11.0533;10-Dec-2015
115068;Axis Dynamic Bond Fund - Regular Plan - Growth Option;INF846K01917;;14.8002;14.6522;14.8002;10-Dec-2015
115131;Axis Dynamic Bond Fund - Regular Plan - Half Yearly IDCW;INF846K01941;INF846K01958;10.7931;10.6852;10.7931;10-Dec-2015
115069;Axis Dynamic Bond Fund - Regular Plan - Quarterly IDCW;INF846K01925;INF846K01933;10.5875;10.4816;10.5875;10-Dec-2015

Bandhan Mutual Fund
108561;BANDHAN Dynamic Bond Fund - Regular Plan B - Quarterly IDCW;INF194K01QI0;INF194K01QH2;10.7163;10.7163;10.7163;10-Dec-2015
108675;BANDHAN Dynamic Bond Fund - Regular Plan B - Annual IDCW;INF194K01QL4;INF194K01QK6;10.7967;10.7967;10.7967;10-Dec-2015
111524;BANDHAN Dynamic Bond Fund - Regular Plan B - Growth;INF194K01QG4;;17.4317;17.4317;17.4317;10-Dec-2015
122868;BANDHAN Dynamic Bond Fund - Regular Plan B - Half Yearly IDCW;INF194K018R9;INF194K019R7;10.2337;10.2337;10.2337;10-Dec-2015
111523;BANDHAN Dynamic Bond Fund - Regular Plan B - IDCW;INF194K01QO8;INF194K01QN0;10.3931;10.3931;10.3931;10-Dec-2015
131397;BANDHAN Dynamic Bond Fund - Regular Plan B - Periodic IDCW;INF194KA1TM3;INF194KA1TN1;11.4734;11.4734;11.4734;10-Dec-2015
118415;BANDHAN Dynamic Bond Fund-Direct Plan-Annual IDCW;INF194K01O13;INF194K01O05;12.5267;12.5267;12.5267;10-Dec-2015
118416;BANDHAN Dynamic Bond Fund-Direct Plan-Growth;INF194K01N63;;17.9018;17.9018;17.9018;10-Dec-2015
122618;BANDHAN Dynamic Bond Fund-Direct Plan-Half Yearly IDCW;INF194K011P8;INF194K012P6;10.3430;10.3430;10.3430;10-Dec-2015
118417;BANDHAN Dynamic Bond Fund-Direct Plan-IDCW;INF194K01O47;INF194K01O39;12.5752;12.5752;12.5752;10-Dec-2015
131396;BANDHAN Dynamic Bond Fund-Direct Plan-Periodic IDCW;INF194KA1TP6;INF194KA1TQ4;11.5785;11.5785;11.5785;10-Dec-2015
118418;BANDHAN Dynamic Bond Fund-Direct Plan-Quarterly IDCW;INF194K01N89;INF194K01N71;12.4527;12.4527;12.4527;10-Dec-2015

Baroda BNP Paribas Mutual Fund
117631;Baroda Dynamic Bond Fund - Plan A - Growth Option;INF955L01906;;13.5849;13.5170;13.5849;10-Dec-2015
117629;Baroda Dynamic Bond Fund - Plan A - IDCW;INF955L01880;;12.2620;12.2007;12.2620;10-Dec-2015
119337;Baroda Dynamic Bond Fund - Plan B (Direct) - Growth Option;INF955L01AA3;;13.9685;13.8987;13.9685;10-Dec-2015
119336;Baroda Dynamic Bond Fund - Plan B (Direct) - IDCW;INF955L01989;;12.6479;12.5847;12.6479;10-Dec-2015

BNP Paribas Mutual Fund
119991;BNP Paribas Flexi Debt Fund - Direct Plan - Daily Income Distribution cum Capital Withdrawal Option;;INF251K01GX8;10.0684;10.0684;10.0684;10-Dec-2015
119992;BNP Paribas Flexi Debt Fund - Direct Plan - Growth Option;INF251K01GW0;;25.2823;25.2823;25.2823;10-Dec-2015
119993;BNP Paribas Flexi Debt Fund - Direct Plan - Half Yearly Income Distribution cum Capital Withdrawal Option;INF251K01HD8;INF251K01HE6;10.0000;10.0000;10.0000;10-Dec-2015
119994;BNP Paribas Flexi Debt Fund - Direct Plan - Monthly Income Distribution cum Capital Withdrawal Option;INF251K01GZ3;INF251K01HA4;9.9920;9.9920;9.9920;10-Dec-2015
119995;BNP Paribas Flexi Debt Fund - Direct Plan - Quarterly Income Distribution cum Capital Withdrawal Option;INF251K01HB2;INF251K01HC0;10.2160;10.2160;10.2160;10-Dec-2015
119996;BNP Paribas Flexi Debt Fund - Direct Plan - Weekly Income Distribution cum Capital Withdrawal Option;;INF251K01GY6;10.0000;10.0000;10.0000;10-Dec-2015
117958;BNP Paribas Flexi Debt Fund Daily Income Distribution cum Capital Withdrawal Option;;INF251K01DX5;10.0585;10.0585;10.0585;10-Dec-2015
117957;BNP Paribas Flexi Debt Fund Growth Option;INF251K01DW7;;24.9148;24.9148;24.9148;10-Dec-2015
117962;BNP Paribas Flexi Debt Fund Half Yearly Income Distribution cum Capital Withdrawal Option;INF251K01ED5;INF251K01EE3;10.1997;10.1997;10.1997;10-Dec-2015
117960;BNP Paribas Flexi Debt Fund Monthly Income Distribution cum Capital Withdrawal Option;INF251K01DZ0;INF251K01EA1;9.9847;9.9847;9.9847;10-Dec-2015
117961;BNP Paribas Flexi Debt Fund Quarterly Income Distribution cum Capital Withdrawal Option;INF251K01EB9;INF251K01EC7;10.1960;10.1960;10.1960;10-Dec-2015
117959;BNP Paribas Flexi Debt Fund Weekly Income Distribution cum Capital Withdrawal Option;;INF251K01DY3;10.0263;10.0263;10.0263;10-Dec-2015
113526;BNP PARIBAS Flexi Debt Fund-Regular Plan A - Growth Option;INF251K01EF0;;16.9286;16.9286;16.9286;10-Dec-2015
113528;BNP PARIBAS Flexi Debt Fund-Regular Plan A - Quarterly Dividend Option;;INF251K01EH6;10.2052;10.2052;10.2052;10-Dec-2015

Canara Robeco Mutual Fund
118284;CANARA ROBECO DYNAMIC BOND FUND - DIRECT PLAN - GROWTH OPTION;INF760K01EC7;;16.4604;16.4604;16.4604;10-Dec-2015
118283;CANARA ROBECO DYNAMIC BOND FUND - DIRECT PLAN - IDCW (Payout/Reinvestment);INF760K01EA1;INF760K01EB9;13.4430;13.4430;13.4430;10-Dec-2015
111962;CANARA ROBECO DYNAMIC BOND FUND - REGULAR PLAN - GROWTH OPTION;INF760K01449;;16.2618;16.2618;16.2618;10-Dec-2015
111963;CANARA ROBECO DYNAMIC BOND FUND - REGULAR PLAN - IDCW (Payout/Reinvestment);INF760K01423;INF760K01431;13.2687;13.2687;13.2687;10-Dec-2015

DSP Mutual Fund
119239;DSP Strategic Bond Fund - Direct Plan - Growth;INF740K01QG4;;1746.8408;1745.0940;1746.8408;10-Dec-2015
119238;DSP Strategic Bond Fund - Direct Plan - IDCW;INF740K01QI0;INF740K01QK6;1190.1181;1188.9280;1190.1181;10-Dec-2015
119240;DSP Strategic Bond Fund - Direct Plan - IDCW - Daily;;INF740KA1OX0;1040.7446;1039.7039;1040.7446;10-Dec-2015
119236;DSP Strategic Bond Fund - Direct Plan - IDCW - Monthly;INF740K01QH2;INF740K01QJ8;1047.8206;1046.7728;1047.8206;10-Dec-2015
119237;DSP Strategic Bond Fund - Direct Plan - IDCW - Weekly;INF740KA1OY8;INF740KA1OZ5;1018.2243;1017.2061;1018.2243;10-Dec-2015
105669;DSP Strategic Bond Fund - Regular Plan - Growth;INF740K01GK7;;1728.3659;1726.6375;1728.3659;10-Dec-2015
105668;DSP Strategic Bond Fund - Regular Plan - IDCW;INF740K01GO9;INF740K01GN1;1155.0233;1153.8683;1155.0233;10-Dec-2015
111786;DSP Strategic Bond Fund - Regular Plan - IDCW - Daily;;INF740KA1PA5;1022.8515;1021.8286;1022.8515;10-Dec-2015
105667;DSP Strategic Bond Fund - Regular Plan - IDCW - Monthly;INF740K01GM3;INF740K01GL5;1032.9729;1031.9399;1032.9729;10-Dec-2015
105878;DSP Strategic Bond Fund - Regular Plan - IDCW - Weekly;INF740K01GQ4;INF740K01GP6;1017.6773;1016.6596;1017.6773;10-Dec-2015

Franklin Templeton Mutual Fund
118495;Franklin India Dynamic Accrual Fund - Direct - Growth;INF090I01HB8;;51.1735;49.6383;51.1735;10-Dec-2015
118496;Franklin India Dynamic Accrual Fund - Direct - IDCW ;INF090I01GZ9;INF090I01HA0;11.9633;11.6044;11.9633;10-Dec-2015
100498;Franklin India Dynamic Accrual Fund - IDCW ;INF090I01BN6;INF090I01BO4;11.6899;11.3392;11.6899;10-Dec-2015
100499;Franklin India Dynamic Accrual Fund-Growth;INF090I01BP1;;50.1364;48.6323;50.1364;10-Dec-2015

HDFC Mutual Fund
101872;HDFC Dynamic Debt Fund - Growth Option;INF179K01848;;49.4491;49.2019;49.4491;10-Dec-2015
119075;HDFC Dynamic Debt Fund - Growth Option - Direct Plan;INF179K01WB4;;50.6768;50.4234;50.6768;10-Dec-2015
119072;HDFC Dynamic Debt Fund - Half Yearly IDCW - Direct Plan;INF179K01WC2;INF179K01WD0;11.941;11.8813;11.941;10-Dec-2015
101874;HDFC Dynamic Debt Fund - Half Yearly IDCW Option;INF179K01855;INF179K01863;11.3067;11.2502;11.3067;10-Dec-2015
133369;HDFC Dynamic Debt Fund - Normal IDCW - Direct Plan;INF179KA1Q95;;10.6681;10.6148;10.6681;10-Dec-2015
133370;HDFC Dynamic Debt Fund - Normal IDCW Option;INF179KA1R11;;10.5935;10.5405;10.5935;10-Dec-2015
119073;HDFC Dynamic Debt Fund - Quarterly IDCW - Direct Plan;INF179K01WE8;INF179K01WF5;12.1109;12.0503;12.1109;10-Dec-2015
101873;HDFC Dynamic Debt Fund - Quarterly IDCW Option;INF179K01871;INF179K01889;11.7887;11.7298;11.7887;10-Dec-2015
119074;HDFC Dynamic Debt Fund - Yearly IDCW - Direct Plan;INF179K01WG3;INF179K01WH1;13.0023;12.9373;13.0023;10-Dec-2015
101875;HDFC Dynamic Debt Fund - Yearly IDCW Option;INF179K01921;INF179K01939;12.6508;12.5875;12.6508;10-Dec-2015

HSBC Mutual Fund
120048;HSBC Dynamic Bond Fund - Direct Growth;INF336L01CO3;;20.334;20.334;20.334;10-Dec-2015
120047;HSBC Dynamic Bond Fund - Direct Monthly IDCW;;INF336L01CN5;10.0141;10.0141;10.0141;10-Dec-2015
106736;HSBC Dynamic Bond Fund - Growth;INF336L01545;;19.3749;19.3749;19.3749;10-Dec-2015
106737;HSBC Dynamic Bond Fund - Regular Growth;INF336L01461;;19.8734;19.8734;19.8734;10-Dec-2015
106738;HSBC Dynamic Bond Fund - Regular Monthly IDCW;;INF336L01453;10.7851;10.7851;10.7851;10-Dec-2015

ICICI Prudential Mutual Fund
113218;ICICI Prudential All Seasons Bond Fund - Annual IDCW;INF109K01GO7;INF109K01GP4;10.8306;10.7764;10.8306;10-Dec-2015
130937;ICICI Prudential All Seasons Bond Fund - Bonus;INF109KA1H36;;11.3800;11.3231;11.3800;10-Dec-2015
120601;ICICI Prudential All Seasons Bond Fund - Direct Plan - Annual IDCW;INF109K012E4;INF109K013E2;10.7495;10.6958;10.7495;10-Dec-2015
120603;ICICI Prudential All Seasons Bond Fund - Direct Plan - Growth;INF109K016E5;;17.4609;17.3736;17.4609;10-Dec-2015
120600;ICICI Prudential All Seasons Bond Fund - Direct Plan - IDCW;INF109K014E0;INF109K015E7;12.1846;12.1237;12.1846;10-Dec-2015
120602;ICICI Prudential All Seasons Bond Fund - Direct Plan - Quarterly IDCW;INF109K017E3;INF109K018E1;10.9827;10.9278;10.9827;10-Dec-2015
120604;ICICI Prudential All Seasons Bond Fund - Direct Plan - Weekly IDCW;INF109K019E9;INF109K010F5;10.4559;10.4036;10.4559;10-Dec-2015
130938;ICICI Prudential All Seasons Bond Fund - Direct Plan Bonus;INF109KA1H28;;11.5704;11.5125;11.5704;10-Dec-2015
112096;ICICI Prudential All Seasons Bond Fund - Growth;INF109K01GN9;;17.3148;17.2282;17.3148;10-Dec-2015
112097;ICICI Prudential All Seasons Bond Fund - IDCW;INF109K01GK5;INF109K01GL3;11.6603;11.6020;11.6603;10-Dec-2015
112094;ICICI Prudential All Seasons Bond Fund - Premium Growth Option;INF109K01GM1;;17.1840;17.0981;17.1840;10-Dec-2015
113403;ICICI Prudential All Seasons Bond Fund - Quarterly IDCW;INF109K01GE8;INF109K01GF5;10.7544;10.7006;10.7544;10-Dec-2015
101351;ICICI Prudential All Seasons Bond Fund - Weekly IDCW;INF109K01FD2;INF109K01704;10.4290;10.3769;10.4290;10-Dec-2015
101350;ICICI Prudential All Seasons Bond Fund Retail - Cumulative;INF109K01712;;32.9094;32.7449;32.9094;10-Dec-2015
113417;ICICI Prudential All Seasons Bond Fund Retail - Quarterly Dividend;INF109K01GG3;INF109K01GH1;10.8996;10.8451;10.8996;10-Dec-2015

IDBI Mutual Fund
118428;IDBI Dynamic Bond Fund Annual IDCW Direct;INF397L01BR0;;10.5676;10.4619;10.5676;10-Dec-2015
116582;IDBI Dynamic Bond Fund Annual IDCW Regular;INF397L01638;;10.5033;10.3983;10.5033;10-Dec-2015
116583;IDBI Dynamic Bond Fund Growth;INF397L01661;;12.8164;12.6882;12.8164;10-Dec-2015
116811;IDBI Dynamic Bond Fund Growth Direct;INF397L01BN9;;12.9720;12.8423;12.9720;10-Dec-2015
118429;IDBI Dynamic Bond Fund Quarterly IDCW Direct;INF397L01BO7;INF397L01BP4;11.3633;11.2497;11.3633;10-Dec-2015
116810;IDBI Dynamic Bond Fund Quarterly IDCW Regular;INF397L01604;INF397L01612;10.5556;10.4500;10.5556;10-Dec-2015

JM Financial Mutual Fund
120432;JM Dynamic Bond Fund (Direct) - Daily IDCW;;INF192K01CZ8;10.0068;10.0068;10.0068;10-Dec-2015
120434;JM Dynamic Bond Fund (Direct) - IDCW;INF192K01DB7;INF192K01DC5;23.0059;23.0059;23.0059;10-Dec-2015
133414;JM Dynamic Bond Fund (Direct) - Monthly IDCW;INF192K01IL5;INF192K01IM3;23.0602;23.0602;23.0602;10-Dec-2015
120433;JM Dynamic Bond Fund (Direct) - Weekly IDCW;;INF192K01DA9;10.5581;10.5581;10.5581;10-Dec-2015
122323;JM Dynamic Bond Fund (Regular) - Bonus Option - Principal Units;INF192K01EX9;;22.5137;22.5137;22.5137;10-Dec-2015
105639;JM Dynamic Bond Fund (Regular) - Daily IDCW;;INF192K01668;10.0065;10.0065;10.0065;10-Dec-2015
101806;JM Dynamic Bond Fund (Regular) - Growth Option;INF192K01700;;22.5135;22.5135;22.5135;10-Dec-2015
133389;JM Dynamic Bond Fund (Regular) - Half Yearly Bonus Option - Principal Units;INF192K01IN1;;22.5766;22.5766;22.5766;10-Dec-2015
101805;JM Dynamic Bond Fund (Regular) - IDCW;INF192K01684;INF192K01692;22.5884;22.5884;22.5884;10-Dec-2015
133390;JM Dynamic Bond Fund (Regular) - Monthly IDCW;INF192K01IJ9;INF192K01IK7;22.6550;22.6550;22.6550;10-Dec-2015
105637;JM Dynamic Bond Fund (Regular) - Weekly IDCW;;INF192K01676;10.5521;10.5521;10.5521;10-Dec-2015
101807;JM Dynamic Bond Fund (Regular)- Premium Plan IDCW;INF192K01734;INF192K01742;10.3495;10.3495;10.3495;10-Dec-2015
122315;JM Dynamic Bond Fund - (Direct) - Bonus Option-Principal Units;INF192K01EZ4;;22.7932;22.7932;22.7932;10-Dec-2015
120435;JM Dynamic Bond Fund - (Direct) - Growth Option;INF192K01DD3;;22.8262;22.8262;22.8262;10-Dec-2015
133388;JM Dynamic Bond Fund - (Direct) - Half Yearly Bonus Option - Principal Units;INF192K01IP6;;22.8916;22.8916;22.8916;10-Dec-2015
105638;JM Dynamic Bond Fund - Premium Plan - Daily Dividend Option;;INF192K01718;10.0067;10.0067;10.0067;10-Dec-2015
101808;JM Dynamic Bond Fund - Premium Plan - Growth Option;INF192K01759;;21.7769;21.7769;21.7769;10-Dec-2015

Kotak Mahindra Mutual Fund
119754;Kotak Dynamic Bond Fund - Daily Dividend - Direct;INF174K01JW8;;10.0379;10.0379;10.0379;10-Dec-2015
119753;Kotak Dynamic Bond Fund - Direct Plan - Standard Income Distribution cum capital withdrawal option;INF174K01JX6;;10.6438;10.6438;10.6438;10-Dec-2015
119755;Kotak Dynamic Bond Fund - Growth - Direct;INF174K01JU2;;18.5871;18.5871;18.5871;10-Dec-2015
119756;Kotak Dynamic Bond Fund - Weekly Dividend Direct;INF174K01JV0;;12.4281;12.4281;12.4281;10-Dec-2015
117998;Kotak Dynamic Bond Fund Regular Plan - Standard Income Distribution cum capital withdrawal option;INF174K01IY6;INF174K01IZ3;10.997;10.997;10.997;10-Dec-2015
108500;Kotak Dynamic Bond Fund Regular Plan Daily Dividend;INF174K01FB0;;10.0365;10.0365;10.0365;10-Dec-2015
108511;Kotak Dynamic Bond Fund Regular Plan Growth;INF174K01FA2;;18.25;18.25;18.25;10-Dec-2015
108512;Kotak Dynamic Bond Fund Regular Plan Weekly Dividend;INF174K01FC8;;10.3448;10.3448;10.3448;10-Dec-2015

L&T Mutual Fund
119428;L&T Flexi Bond Fund - Direct Plan- Growth;INF917K01HA0;;15.6980;15.6195;15.6980;10-Dec-2015
119427;L&T Flexi Bond Fund - Direct Plan- IDCW;INF917K01GY2;;10.6499;10.5967;10.6499;10-Dec-2015
118053;L&T Flexi Bond Fund - Regular Plan - Growth;INF677K01916;;15.5104;15.4328;15.5104;10-Dec-2015
118054;L&T Flexi Bond Fund - Regular Plan - IDCW;INF677K01924;INF677K01932;10.6027;10.5497;10.6027;10-Dec-2015
118052;L&T Flexi Bond Fund - Retail Plan Dividend Option;INF677K01890;INF677K01908;10.8157;10.7616;10.8157;10-Dec-2015
118051;L&T Flexi Bond Fund - Retail Plan Growth Option;INF677K01882;;19.2281;19.1320;19.2281;10-Dec-2015

Navi Mutual Fund
117839;ESSEL FLEXIBLE INCOME FUND MONTHLY DIVIDEND;INF959L01502;INF959L01528;11.1441;11.1441;11.1441;10-Dec-2015
119151;ESSEL FLEXIBLE INCOME FUND-DIRECT PLAN-GROWTH OPTION;INF959L01627;;12.5241;12.5241;12.5241;10-Dec-2015
119152;ESSEL FLEXIBLE INCOME FUND-DIRECT PLAN-MONTHLY DIVIDEND OPTION;INF959L01635;INF959L01643;11.3843;11.3843;11.3843;10-Dec-2015
119153;ESSEL FLEXIBLE INCOME FUND-DIRECT PLAN-QUARTERLY DIVIDEND OPTION;INF959L01650;INF959L01668;11.8823;11.8823;11.8823;10-Dec-2015
117810;ESSEL FLEXIBLE INCOME FUND-GROWTH;INF959L01494;;12.1585;12.1585;12.1585;10-Dec-2015

Nippon India Mutual Fund
118750;NIPPON INDIA DYNAMIC BOND FUND - Direct Plan - IDCW Option;INF204K01A33;INF204K01A41;15.3152;15.1620;15.3152;10-Dec-2015
118749;NIPPON INDIA DYNAMIC BOND FUND - Direct Plan - QUARTERLY IDCW Option;INF204K01A58;INF204K01A66;10.3906;10.2867;10.3906;10-Dec-2015
118747;Nippon India Dynamic Bond Fund - Direct Plan Growth Plan - Growth Option;INF204K01A25;;19.9276;19.7283;19.9276;10-Dec-2015
102851;NIPPON INDIA DYNAMIC BOND FUND - IDCW Option;INF204K01FJ8;INF204K01FK6;13.8923;13.7534;13.8923;10-Dec-2015
117974;NIPPON INDIA DYNAMIC BOND FUND - QUARTERLY IDCW Option;INF204K01XB8;INF204K01XC6;10.4348;10.3305;10.4348;10-Dec-2015
102849;Nippon India Dynamic Bond Fund-Growth Plan-Growth Option;INF204K01FI0;;19.5398;19.3444;19.5398;10-Dec-2015

PGIM India Mutual Fund
120084;PGIM India Dynamic Bond Fund - Direct Plan-Growth Option;INF663L01AD7;;1392.0451;1378.1246;1392.0451;10-Dec-2015
120085;PGIM India Dynamic Bond Fund - Direct Plan-Monthly Dividend Option;INF663L01AF2;INF663L01AE5;1025.3045;1015.0515;1025.3045;10-Dec-2015
120086;PGIM India Dynamic Bond Fund - Direct Plan-Quarterly Dividend Option;INF663L01AI6;INF663L01AH8;1095.7113;1084.7542;1095.7113;10-Dec-2015
116483;PGIM India Dynamic Bond Fund - Dividend Option - Monthly;INF663L01492;INF663L01500;990.0014;980.1014;990.0014;10-Dec-2015
116484;PGIM India Dynamic Bond Fund - Dividend Option - Quarterly;INF663L01526;INF663L01534;1072.9088;1062.1797;1072.9088;10-Dec-2015
116485;PGIM India Dynamic Bond Fund - Growth Option;INF663L01484;;1364.4871;1350.8422;1364.4871;10-Dec-2015
122260;PGIM India Dynamic Bond Fund-Bonus Option;INF663L01BF0;;1365.2123;1351.5602;1365.2123;10-Dec-2015

Principal Mutual Fund
119460;Principal Dynamic Bond Fund - Direct Plan - Dividend Option -Annually;INF173K01GI5;INF173K01GJ3;11.6781;11.5613;11.6781;10-Dec-2015
119461;Principal Dynamic Bond Fund - Direct Plan - Growth Option;INF173K01GL9;;25.4223;25.1681;25.4223;10-Dec-2015
100960;Principal Dynamic Bond Fund - Dividend Option -Annual;INF173K01AX7;INF173K01AY5;11.3412;11.2278;11.3412;10-Dec-2015
100963;Principal Dynamic Bond Fund - Growth Option;INF173K01AT5;;24.8691;24.6204;24.8691;10-Dec-2015
100961;Principal Dynamic Bond Fund -Dividend Option - Quarterly;INF173K01AU3;INF173K01AV1;13.2116;13.0795;13.2116;10-Dec-2015
119459;Principal Dynamic Bond Fund- Direct Plan - Dividend Option - Quarterly;INF173K01GM7;INF173K01GN5;13.1468;13.0153;13.1468;10-Dec-2015

quant Mutual Fund
100173;Quant Dynamic Bond-Bonus;INF966L01101;;26.0053;25.8753;26.0053;10-Dec-2015
120831;Quant Dynamic Bond-Bonus Option-Direct Plan;INF966L01762;;26.0053;25.8753;26.0053;10-Dec-2015
100171;Quant Dynamic Bond-Dividend;INF966L01077;INF966L01085;11.5350;11.4773;11.5350;10-Dec-2015
120829;Quant Dynamic Bond-Dividend Option-Direct Plan;INF966L01739;INF966L01747;11.6368;11.5786;11.6368;10-Dec-2015
100172;Quant Dynamic Bond-Growth;INF966L01093;;49.4536;49.2063;49.4536;10-Dec-2015
120830;Quant Dynamic Bond-Growth Option-Direct Plan;INF966L01754;;49.8776;49.6282;49.8776;10-Dec-2015

Quantum Mutual Fund
134494;Quantum Dynamic Bond Fund - Direct Plan Growth Option;INF082J01176;;10.5150;10.5150;10.5150;10-Dec-2015
134493;Quantum Dynamic Bond Fund - Direct Plan Monthly IDCW;INF082J01184;INF082J01192;10.0231;10.0231;10.0231;10-Dec-2015

SBI Mutual Fund
119671;SBI Dynamic Bond Fund - DIRECT PLAN - Growth;INF200K01RD4;;17.9825;17.9375;17.9825;10-Dec-2015
119670;SBI Dynamic Bond Fund - Direct Plan - Income Distribution cum Capital Withdrawal Option (IDCW);INF200K01RB8;INF200K01RC6;12.6551;12.6235;12.6551;10-Dec-2015
102205;SBI Dynamic Bond Fund - REGULAR PLAN - Growth;INF200K01958;;17.6528;17.6087;17.6528;10-Dec-2015
102206;SBI Dynamic Bond Fund - Regular Plan - Income Distribution cum Capital Withdrawal Option (IDCW);INF200K01966;INF200K01974;11.8744;11.8447;11.8744;10-Dec-2015

Tata Mutual Fund
119097;Tata Dynamic Bond Fund- Direct Plan-Growth Option;INF277K01MV5;;23.1308;23.0151;23.1308;10-Dec-2015
101909;Tata Dynamic Bond Fund- Regular Plan - Growth Option;INF277K01360;;22.4781;22.3657;22.4781;10-Dec-2015
101224;Tata Dynamic Bond Fund- Regular Plan - Payout of IDCW Option;INF277K01DE0;INF277K01352;14.9528;14.8780;14.9528;10-Dec-2015
119098;Tata Dynamic Bond- Direct Plan - Payout of IDCW Option;INF277K01MT9;INF277K01MU7;15.6610;15.5827;15.6610;10-Dec-2015
102031;Tata Dynamic Bond Fund B - Dividend;INF277K01DF7;INF277K01378;13.8182;13.7491;13.8182;10-Dec-2015
101910;Tata Dynamic Bond Fund B - Growth;INF277K01386;;22.7807;22.6668;22.7807;10-Dec-2015

Taurus Mutual Fund
114538;Taurus Dynamic Income Fund - Regular Plan - Dividend Option;INF044D01AH8;INF044D01AI6;10.3816;10.2778;10.3816;10-Dec-2015
114537;Taurus Dynamic Income Fund - Regular Plan - Growth Option;INF044D01AK2;;14.4413;14.2969;14.4413;10-Dec-2015
118875;Taurus Dynamic Income Fund-Direct Plan-Dividend Option;INF044D01DA7;INF044D01DB5;10.4000;10.2960;10.4000;10-Dec-2015
118874;Taurus Dynamic Income Fund-Direct Plan-Growth Option;INF044D01CZ6;;14.6454;14.4989;14.6454;10-Dec-2015

Union Mutual Fund
119311;Union Dynamic Bond Fund - Direct Plan - Growth Option;INF582M01799;;13.4356;13.3684;13.4356;10-Dec-2015
119310;Union Dynamic Bond Fund - Direct Plan - IDCW Option;INF582M01815;INF582M01807;13.4356;13.3684;13.4356;10-Dec-2015
116555;Union Dynamic Bond Fund - Growth Option;INF582M01336;;13.1774;13.1115;13.1774;10-Dec-2015
116556;Union Dynamic Bond Fund - IDCW Option;INF582M01351;INF582M01344;13.1774;13.1115;13.1774;10-Dec-2015

UTI Mutual Fund
133180;UTI Dynamic Bond Fund - Direct Plan - Flexi IDCW;INF789FA1S81;INF789FA1S99;10.5511;10.5511;10.5511;10-Dec-2015
120762;UTI Dynamic Bond Fund - Direct Plan - Growth Option;INF789F01XD4;;16.6799;16.6799;16.6799;10-Dec-2015
134788;UTI Dynamic Bond Fund - Direct Plan - Half-Yearly IDCW;INF789FA1S40;INF789FA1S57;10.1615;10.1615;0;10-Dec-2015
120763;UTI Dynamic Bond Fund - Direct Plan - Quarterly IDCW;INF789F01XB8;INF789F01XC6;13.8281;13.8281;13.8281;10-Dec-2015
133852;UTI Dynamic Bond Fund - Regular Plan - Annual IDCW;INF789FA1S08;INF789FA1S16;10.462;10.462;0;10-Dec-2015
135336;UTI Dynamic Bond Fund - Regular Plan - Flexi IDCW;INF789FA1S24;INF789FA1S32;10.2801;10.2801;0;10-Dec-2015
113077;UTI Dynamic Bond Fund - Regular Plan - Growth Option;INF789F01JQ5;;16.4246;16.4246;16.4246;10-Dec-2015
113078;UTI Dynamic Bond Fund - Regular Plan - Quarterly IDCW;INF789F01JO0;INF789F01JP7;11.2083;11.2083;11.2083;10-Dec-2015

Open Ended Schemes ( Debt Scheme - Corporate Bond Fund )


Aditya Birla Sun Life Mutual Fund
111780;Aditya Birla Sun Life Corporate Bond Fund - Discipline Advantage Plan;INF209K01KK5;;17.0112;16.9687;17.0112;10-Dec-2015
119533;Aditya Birla Sun Life Corporate Bond Fund - Growth - Direct Plan;INF209K01S38;;55.5378;55.3990;55.5378;10-Dec-2015
103178;Aditya Birla Sun Life Corporate Bond Fund - Growth - Regular Plan;INF209K01785;;55.3683;55.2299;55.3683;10-Dec-2015
124832;Aditya Birla Sun Life Corporate Bond Fund -DIRECT - IDCW;INF209KA1KT0;;10.3457;10.3198;10.3457;10-Dec-2015
119532;Aditya Birla Sun Life Corporate Bond Fund -DIRECT - MONTHLY IDCW;INF209K01N90;INF209KA1KU8;11.8003;11.7708;11.8003;10-Dec-2015
124833;Aditya Birla Sun Life Corporate Bond Fund -REGULAR - IDCW;INF209KA1KS2;;10.3722;10.3463;10.3722;10-Dec-2015
103183;Aditya Birla Sun Life Corporate Bond Fund -REGULAR - MONTHLY IDCW;INF209K01983;INF209K01DL8;11.7844;11.7549;11.7844;10-Dec-2015

BNP Paribas Mutual Fund
119983;BNP Paribas Corporate Bond Fund - Direct Plan - Annual Income Distribution cum Capital Withdrawal Option;INF251K01GU4;INF251K01GV2;10.7942;10.7942;10.7942;10-Dec-2015
119984;BNP Paribas Corporate Bond Fund - Direct Plan - Growth Option;INF251K01GP4;;15.9645;15.9645;15.9645;10-Dec-2015
119985;BNP Paribas Corporate Bond Fund - Direct Plan - Monthly Income Distribution cum Capital Withdrawal Option;INF251K01GQ2;INF251K01GR0;10.2523;10.2523;10.2523;10-Dec-2015
119986;BNP Paribas Corporate Bond Fund - Direct Plan - Quarterly Income Distribution cum Capital Withdrawal Option;INF251K01GS8;INF251K01GT6;10.0000;10.0000;10.0000;10-Dec-2015
114100;BNP PARIBAS Corporate Bond Fund - Regular Plan - Annual-Income Distribution cum Capital Withdrawal Option;INF251K01EN4;INF251K01EO2;10.6741;10.6741;10.6741;10-Dec-2015
114099;BNP PARIBAS Corporate Bond Fund - Regular Plan - Growth Option;INF251K01EI4;;18.1402;18.1402;18.1402;10-Dec-2015
114105;BNP PARIBAS Corporate Bond Fund - Regular Plan - Monthly-Income Distribution cum Capital Withdrawal Option;INF251K01EJ2;INF251K01EK0;10.0703;10.0703;10.0703;10-Dec-2015
114097;BNP PARIBAS Corporate Bond Fund - Regular Plan - Quarterly-Income Distribution cum Capital Withdrawal Option;INF251K01EL8;INF251K01EM6;10.2403;10.2403;10.2403;10-Dec-2015
117949;BNP PARIBAS CORPORATE BOND FUND ANNUAL Income Distribution cum Capital Withdrawal OPTION;INF251K01EU9;INF251K01EV7;10.6915;10.6915;10.6915;10-Dec-2015
117951;BNP PARIBAS CORPORATE BOND FUND GROWTH OPTION;INF251K01EP9;;15.7284;15.7284;15.7284;10-Dec-2015
117950;BNP PARIBAS CORPORATE BOND FUND MONTHLY Income Distribution cum Capital Withdrawal OPTION;INF251K01EQ7;INF251K01ER5;10.0701;10.0701;10.0701;10-Dec-2015
117948;BNP PARIBAS CORPORATE BOND FUND QUARTERLY Income Distribution cum Capital Withdrawal OPTION;INF251K01ES3;INF251K01ET1;10.2388;10.2388;10.2388;10-Dec-2015

Canara Robeco Mutual Fund
126685;CANARA ROBECO CORPORATE BOND FUND - DIRECT PLAN - GROWTH OPTION;INF760K01HB2;;11.9303;11.9303;11.9303;10-Dec-2015
126686;CANARA ROBECO CORPORATE BOND FUND - DIRECT PLAN - IDCW (Payout/Reinvestment);INF760K01HC0;INF760K01HD8;10.9711;10.9711;10.9711;10-Dec-2015
126687;CANARA ROBECO CORPORATE BOND FUND - REGULAR PLAN - GROWTH OPTION;INF760K01GY6;;11.8702;11.8702;11.8702;10-Dec-2015
126688;CANARA ROBECO CORPORATE BOND FUND - REGULAR PLAN - IDCW (Payout/Reinvestment);INF760K01GZ3;INF760K01HA4;10.9127;10.9127;10.9127;10-Dec-2015

Franklin Templeton Mutual Fund
118569;Franklin India Corporate Debt Fund - Direct - GROWTH;INF090I01FW8;;52.1885;51.9276;52.1885;10-Dec-2015
100528;Franklin India Corporate Debt Fund - Growth;INF090I01DG6;;50.9009;50.6464;50.9009;10-Dec-2015
100527;Franklin India Corporate Debt Fund - Plan A - Annual - IDCW;INF090I01DH4;INF090I01DI2;17.5397;17.4520;17.5397;10-Dec-2015
118570;Franklin India Corporate Debt Fund - Plan A - Direct - Annual - IDCW;INF090I01FX6;INF090I01FY4;18.0374;17.9472;18.0374;10-Dec-2015
118573;Franklin India Corporate Debt Fund - Plan A - Direct - Half yearly - IDCW;INF090I01FU2;INF090I01FV0;14.4674;14.3951;14.4674;10-Dec-2015
118571;Franklin India Corporate Debt Fund - Plan A - Direct - Monthly - IDCW;INF090I01FQ0;INF090I01FR8;16.2541;16.1728;16.2541;10-Dec-2015
118572;Franklin India Corporate Debt Fund - Plan A - Direct - Quarterly - IDCW;INF090I01FS6;INF090I01FT4;14.0615;13.9912;14.0615;10-Dec-2015
100531;Franklin India Corporate Debt Fund - Plan B - Half yearly - IDCW;INF090I01DN2;INF090I01DO0;13.9073;13.8378;13.9073;10-Dec-2015
100529;Franklin India Corporate Debt Fund - Plan B - Monthly - IDCW;INF090I01DJ0;INF090I01DK8;15.7991;15.7201;15.7991;10-Dec-2015
100530;Franklin India Corporate Debt Fund - Plan B - Quarterly - IDCW;INF090I01DL6;INF090I01DM4;13.6633;13.5950;13.6633;10-Dec-2015

HDFC Mutual Fund
113070;HDFC Corporate Bond Fund - Growth Option;INF179K01DC2;;16.0493;15.8888;16.0493;10-Dec-2015
118987;HDFC Corporate Bond Fund - Growth Option - Direct Plan;INF179K01XD8;;16.0929;15.932;16.0929;10-Dec-2015
132848;HDFC Corporate Bond Fund - IDCW Option;INF179KA1D33;INF179KA1D25;10.9159;10.8067;10.9159;10-Dec-2015
132849;HDFC Corporate Bond Fund - IDCW Option - Direct Plan;INF179KA1D17;;11.0443;10.9339;11.0443;10-Dec-2015
113071;HDFC Corporate Bond Fund - Quarterly IDCW Option;INF179K01DD0;INF179K01DE8;10.2919;10.189;10.2919;10-Dec-2015
118986;HDFC Corporate Bond Fund - Quarterly IDCW Option - Direct Plan;INF179K01XB2;INF179K01XC0;10.3674;10.2637;10.3674;10-Dec-2015

ICICI Prudential Mutual Fund
130947;ICICI Prudential Corporate Bond Fund - Bonus;INF109KA1I84;;10.6612;10.6612;10.6612;10-Dec-2015
111988;ICICI Prudential Corporate Bond Fund - Daily IDCW;INF109K01CR9;;10.1096;10.1096;10.1096;10-Dec-2015
120695;ICICI Prudential Corporate Bond Fund - Direct Plan - Daily IDCW;INF109K013B8;;10.1038;10.1038;10.1038;10-Dec-2015
120696;ICICI Prudential Corporate Bond Fund - Direct Plan - Fortnightly IDCW;INF109K014B6;INF109K015B3;10.1128;10.1128;10.1128;10-Dec-2015
120692;ICICI Prudential Corporate Bond Fund - Direct Plan - Growth;INF109K016B1;;15.1892;15.1892;15.1892;10-Dec-2015
131152;ICICI Prudential Corporate Bond Fund - Direct Plan - Half Yearly IDCW Option;INF109KA1N38;INF109KA1N20;10.3543;10.3543;10.3543;10-Dec-2015
120697;ICICI Prudential Corporate Bond Fund - Direct Plan - Monthly IDCW;INF109K017B9;INF109K018B7;10.0941;10.0941;10.0941;10-Dec-2015
120694;ICICI Prudential Corporate Bond Fund - Direct Plan - Quarterly IDCW;INF109K019B5;INF109K012C8;11.2463;11.2463;11.2463;10-Dec-2015
120693;ICICI Prudential Corporate Bond Fund - Direct Plan - Weekly IDCW;INF109K010C2;INF109K011C0;10.0789;10.0789;10.0789;10-Dec-2015
111990;ICICI Prudential Corporate Bond Fund - Fortnightly IDCW;INF109K01SJ2;INF109K01CS7;10.0822;10.0822;10.0822;10-Dec-2015
111987;ICICI Prudential Corporate Bond Fund - Growth;INF109K01CQ1;;14.9100;14.9100;14.9100;10-Dec-2015
131151;ICICI Prudential Corporate Bond Fund - Half Yearly IDCW Option;INF109KA1N12;INF109KA1N04;10.2703;10.2703;10.2703;10-Dec-2015
111991;ICICI Prudential Corporate Bond Fund - Monthly IDCW;INF109K01SK0;INF109K01CT5;10.0819;10.0819;10.0819;10-Dec-2015
111982;ICICI Prudential Corporate Bond Fund - Premium Daily Dividend;INF109K01CL2;;10.0375;10.0375;10.0375;10-Dec-2015
111989;ICICI Prudential Corporate Bond Fund - Weekly IDCW;INF109K01SL8;INF109K01SM6;10.0758;10.0758;10.0758;10-Dec-2015
111992;ICICI Prudential Corporate Bond Fund -Quarterly IDCW;INF109K01SN4;INF109K01SO2;10.6658;10.6658;10.6658;10-Dec-2015
111976;ICICI Prudential Corporate Bond Fund Retail Daily Dividend;INF109K01CF4;;10.0371;10.0371;10.0371;10-Dec-2015
111978;ICICI Prudential Corporate Bond Fund Retail Fort Nightly Dividend;INF109K01SF0;INF109K01CH0;10.0812;10.0812;10.0812;10-Dec-2015
111972;ICICI Prudential Corporate Bond Fund Retail Growth;INF109K01CE7;;16.2018;16.2018;16.2018;10-Dec-2015
111979;ICICI Prudential Corporate Bond Fund Retail Monthly Dividend;INF109K01QM0;INF109K01CI8;10.0810;10.0810;10.0810;10-Dec-2015
111980;ICICI Prudential Corporate Bond Fund Retail Quarterly Dividend;INF109K01FQ4;INF109K01CJ6;10.6668;10.6668;10.6668;10-Dec-2015
111977;ICICI Prudential Corporate Bond Fund Retail Weekly Dividend;INF109K01SE3;INF109K01CG2;10.0806;10.0806;10.0806;10-Dec-2015

Invesco Mutual Fund
106179;Invesco India Corporate Bond Fund - Annual IDCW (Payout / Reinvestment);INF205K01QX3;INF205K01QY1;1472.8220;1472.8220;1472.8220;10-Dec-2015
120500;Invesco India Corporate Bond Fund - Direct Plan - Annual IDCW (Payout / Reinvestment);INF205K01RA9;INF205K01RB7;1484.2740;1484.2740;1484.2740;10-Dec-2015
120499;Invesco India Corporate Bond Fund - Direct Plan - Discretionary IDCW (Payout / Reinvestment);INF205K01RD3;INF205K01RE1;1375.1754;1375.1754;1375.1754;10-Dec-2015
120497;Invesco India Corporate Bond Fund - Direct Plan - Growth;INF205K01RF8;;1710.5854;1710.5854;1710.5854;10-Dec-2015
120496;Invesco India Corporate Bond Fund - Direct Plan - Monthly IDCW (Payout / Reinvestment);INF205K01RG6;INF205K01RH4;1111.3897;1111.3897;1111.3897;10-Dec-2015
120501;Invesco India Corporate Bond Fund - Direct Plan - Quarterly IDCW (Payout / Reinvestment);INF205K01RI2;INF205K01RJ0;1062.3393;1062.3393;1062.3393;10-Dec-2015
106177;Invesco India Corporate Bond Fund - Growth;INF205K01RM4;;1674.5717;1674.5717;1674.5717;10-Dec-2015
106171;Invesco India Corporate Bond Fund - Monthly IDCW (Payout / Reinvestment);INF205K01RN2;INF205K01RO0;1231.8806;1231.8806;1231.8806;10-Dec-2015
106172;Invesco India Corporate Bond Fund - Quarterly IDCW (Payout / Reinvestment);INF205K01RP7;INF205K01RQ5;1049.8020;1049.8020;1049.8020;10-Dec-2015
106176;Religare Invesco Active Income Fund - Bonus;INF205K01QZ8;;1244.4063;1244.4063;1244.4063;10-Dec-2015
120498;Religare Invesco Active Income Fund - Direct Plan - Bonus;INF205K01RC5;;1270.7519;1270.7519;1270.7519;10-Dec-2015
106173;Religare Invesco Active Income Fund - Plan B - Growth;INF205K01RR3;;1496.0068;1496.0068;1496.0068;10-Dec-2015
106174;Religare Invesco Active Income Fund - Plan B - MonthlyDividend;;INF205K01510;1352.2247;1352.2247;1352.2247;10-Dec-2015

Kotak Mahindra Mutual Fund
133770;Kotak Coporate Bond Fund- Retail Plan-Growth Option;;;1882.5117;1863.6866;1882.5117;10-Dec-2015
133791;Kotak Corporate Bond Fund- Direct Plan- Growth Option;INF178L01BY0;;1939.4338;1920.0395;1939.4338;10-Dec-2015
133792;Kotak Corporate Bond Fund- Direct Plan- Monthly Payout of Income Distribution cum capital withdrawal option;INF178L01BZ7;;1093.1892;1082.2573;1093.1892;10-Dec-2015
133772;Kotak Corporate Bond Fund- Institutional Plan-Growth Option;INF178L01921;;1930.9157;1911.6065;1930.9157;10-Dec-2015
133782;Kotak Corporate Bond Fund- Regular Plan-Growth Option;INF178L01BO1;;1911.7792;1892.6614;1911.7792;10-Dec-2015
133787;Kotak Corporate Bond Fund- Regular Plan-Monthly Dividend Option;INF178L01BQ6;INF178L01BP8;1040.8449;1030.4365;1040.8449;10-Dec-2015
133777;Kotak Corporate Bond Fund- Regular Plan-Quarterly Dividend Option;INF178L01BR4;;1060.0728;1049.4721;1060.0728;10-Dec-2015
133779;Kotak Corporate Bond Fund- Retail Plan- Monthly Dividend Option;INF178L01855;;1051.4255;1040.9112;1051.4255;10-Dec-2015
133771;Kotak Corporate Bond Fund- Retail Plan- Weekly Dividend Option;INF178L01897;;1064.3581;1053.7145;1064.3581;10-Dec-2015
133783;Kotak Corporate Bond Fund- Retail Plan-Daily Dividend Option;;;1064.1301;1053.4888;1064.1301;10-Dec-2015
133776;Kotak Corporate Bond Fund- Standard Plan-Daily Dividend Option;INF178L01BU8;;1064.6057;1053.9596;1064.6057;10-Dec-2015
133786;Kotak Corporate Bond Fund- Standard Plan-Weekly Dividend Option;;INF178L01BT0 ;1111.7532;1100.6357;1111.7532;10-Dec-2015

L&T Mutual Fund
119844;L&T Triple Ace Bond Fund - Direct Plan -Growth;INF917K01HN3;;38.0904;37.5190;38.0904;10-Dec-2015
119846;L&T Triple Ace Bond Fund - Direct Plan -Semi Annual IDCW;INF917K01HR4;INF917K01HQ6;15.5071;15.2745;15.5071;10-Dec-2015
112414;L&T Triple Ace Bond Fund - Regular Plan - Quarterly IDCW;INF917K01AF4;INF917K01AG2;11.7830;11.6063;11.7830;10-Dec-2015
119847;L&T Triple Ace Bond Fund -Direct Plan- Quarterly IDCW;INF917K01HP8;INF917K01HO1;12.4416;12.2550;12.4416;10-Dec-2015
112420;L&T Triple Ace Bond Fund -Regular Plan - Bonus;INF917K01AK4;;14.1693;13.9568;14.1693;10-Dec-2015
112416;L&T Triple Ace Bond Fund -Regular Plan - Semi Annual IDCW;INF917K01AI8;INF917K01AJ6;15.1758;14.9482;15.1758;10-Dec-2015
112410;L&T Triple Ace Bond Fund-Regular Plan-Growth;INF917K01AH0;;37.3023;36.7428;37.3023;10-Dec-2015

Nippon India Mutual Fund
109472;NIPPON INDIA CORPORATE BOND FUND - DAILY IDCW Option;;INF204K01EG7;17.0947;17.0947;17.0947;10-Dec-2015
118808;NIPPON INDIA CORPORATE BOND FUND - DIRECT Plan - DAILY IDCW Option;;INF204K01C23;17.0952;17.0952;17.0952;10-Dec-2015
125266;NIPPON INDIA CORPORATE BOND FUND - DIRECT Plan - IDCW Option;INF204KA1EO9;INF204KA1EP6;10.2939;10.2939;10.2939;10-Dec-2015
118809;NIPPON INDIA CORPORATE BOND FUND - DIRECT Plan - MONTHLY IDCW Option;INF204K01C56;INF204K01C64;10.9006;10.9006;10.9006;10-Dec-2015
118811;NIPPON INDIA CORPORATE BOND FUND - DIRECT Plan - QUARTERLY IDCW Option;INF204K01C72;INF204K01C80;11.5401;11.5401;11.5401;10-Dec-2015
118812;NIPPON INDIA CORPORATE BOND FUND - DIRECT Plan - WEEKLY IDCW Option;INF204K01C31;INF204K01C49;17.0980;17.0980;17.0980;10-Dec-2015
118807;Nippon India Corporate Bond Fund - Direct Plan Growth Plan - Bonus;INF204K01D63;;22.0817;22.0817;22.0817;10-Dec-2015
118814;Nippon India Corporate Bond Fund - Direct Plan Growth Plan - Growth Option;INF204K01C15;;30.9289;30.9289;30.9289;10-Dec-2015
100859;Nippon India Corporate Bond Fund - Growth Plan - Bonus Option;INF204KA12N8;;21.8722;21.8722;21.8722;10-Dec-2015
100856;Nippon India Corporate Bond Fund - Growth Plan - Growth Option;INF204K01EF9;;30.6252;30.6252;30.6252;10-Dec-2015
125267;NIPPON INDIA CORPORATE BOND FUND - IDCW Option;INF204KA1EM3;INF204KA1EN1;10.2815;10.2815;10.2815;10-Dec-2015
100857;NIPPON INDIA CORPORATE BOND FUND - MONTHLY IDCW Option;INF204K01EJ1;INF204K01EK9;10.8452;10.8452;10.8452;10-Dec-2015
100858;NIPPON INDIA CORPORATE BOND FUND - QUARTERLY IDCW Option;INF204K01EL7;INF204K01EM5;11.4605;11.4605;11.4605;10-Dec-2015
109473;NIPPON INDIA CORPORATE BOND FUND - WEEKLY IDCW Option;INF204K01EH5;INF204K01EI3;17.0976;17.0976;17.0976;10-Dec-2015

Principal Mutual Fund
119479;Principal Corporate Bond Fund  - Direct Plan -Growth Option;INF173K01HM5;;26.2024;25.9404;26.2024;10-Dec-2015
102169;Principal Corporate Bond Fund - Dividend - Monthly;INF173K01312;INF173K01320;10.2504;10.1479;10.2504;10-Dec-2015
102170;Principal Corporate Bond Fund - Dividend - Quarterly;INF173K01338;INF173K01346;12.1581;12.0365;12.1581;10-Dec-2015
119478;Principal Corporate Bond Fund -Direct Plan - Dividend Option - Quarterly;INF173K01HS2;INF173K01HT0;12.2539;12.1314;12.2539;10-Dec-2015
102171;Principal Corporate Bond Fund -Growth;INF173K01288;;25.5946;25.3387;25.5946;10-Dec-2015

Sundaram Mutual Fund
119621;Sundaram Corporate Bond Fund Direct Plan - Growth;INF903J01NR4;;20.4733;20.4733;20.4733;10-Dec-2015
119622;Sundaram Corporate Bond Fund Direct Plan - Income Distribution cum Capital Withdrawal(IDCW);INF903J01NS2;INF903J01NT0;10.5395;10.5395;10.5395;10-Dec-2015
100786;Sundaram Corporate Bond Fund Regular Plan - Income Distribution cum Capital Withdrawal (IDCW );INF903J01HY2;INF903J01IC6;13.1960;13.1960;13.1960;10-Dec-2015
100785;Sundaram Corporate Bond Fund Regular Plan -Income Distribution cum Capital Withdrawal(IDCW);INF903J01HX4;INF903J01IB8;10.2993;10.2993;10.2993;10-Dec-2015
100789;Sundaram Corporate Bond Fund Regular Plan- Growth;INF903J01HW6;;20.3936;20.3936;20.3936;10-Dec-2015
100788;Sundaram Corporate Bond Fund Regular Plan- Income Distribution cum Capital Withdrawal (IDCW);INF903J01IA0;INF903J01IE2;12.5303;12.5303;12.5303;10-Dec-2015
100787;Sundaram Corporate Bond Fund Regular Plan-Income Distribution cum Capital Withdrawal (IDCW);INF903J01HZ9;INF903J01ID4;12.5303;12.5303;12.5303;10-Dec-2015

Tata Mutual Fund
106130;Tata Corporate Bond Fund -Regular Plan  -  Daily Dividend;;INF277K01AA4;1008.4750;1008.4750;1008.4750;10-Dec-2015
116516;Tata Corporate Bond Fund Retail Investment Plan Daily Dividend Option;;INF277K01GD5;1003.3596;1003.3596;1003.3596;10-Dec-2015
106128;Tata Corporate Bond Fund Retail Investment Plan Growth;INF277K01AD8;;1926.9138;1926.9138;1926.9138;10-Dec-2015
106123;Tata Corporate Bond Fund Retail Investment Plan Monthly Dividend;INF277K01CV6;INF277K01AE6;1003.9227;1003.9227;1003.9227;10-Dec-2015
119102;Tata Corporate Bond Fund- Direct Plan-Daily Dividend;;INF277K013D0;1008.5144;1008.5144;1008.5144;10-Dec-2015
119104;Tata Corporate Bond Fund- Direct Plan-Growth;INF277K01QT0;;1979.0626;1979.0626;1979.0626;10-Dec-2015
119105;Tata Corporate Bond Fund- Direct Plan-Monthly Dividend;INF277K01QU8;INF277K01QV6;1003.6897;1003.6897;1003.6897;10-Dec-2015
119103;Tata Corporate Bond Fund- Direct Plan-Weekly Dividend;INF277K014D8;INF277K015D5;1011.8484;1011.8484;1011.8484;10-Dec-2015
106129;Tata Corporate Bond Fund -Regular Plan -  Growth;INF277K01998;;1942.9002;1942.9002;1942.9002;10-Dec-2015
106132;Tata Corporate Bond Fund -Regular Plan -  Monthly Dividend;INF277K01CT0;INF277K01AB2;1003.4274;1003.4274;1003.4274;10-Dec-2015
106131;Tata Corporate Bond Fund-Regular Plan - Weekly Dividend;INF277K01CU8;INF277K01AC0;1010.9007;1010.9007;1010.9007;10-Dec-2015

Open Ended Schemes ( Debt Scheme - Credit Risk Fund )


Aditya Birla Sun Life Mutual Fund
134385;Aditya Birla Sun Life Credit Risk Fund - Direct - IDCW;INF209KA1K96;INF209KA1L04;10.6252;10.6252;10.6252;10-Dec-2015
134388;Aditya Birla Sun Life Credit Risk Fund - Direct Plan - Bonus;INF209KA1L12;;10.6252;10.6252;10.6252;10-Dec-2015
134387;Aditya Birla Sun Life Credit Risk Fund - Direct Plan - Growth;INF209KA1K88;;10.6253;10.6253;10.6253;10-Dec-2015
134386;Aditya Birla Sun Life Credit Risk Fund - Regular - IDCW;INF209KA1K54;INF209KA1K62;10.5733;10.5733;10.5733;10-Dec-2015
134384;Aditya Birla Sun Life Credit Risk Fund - Regular Plan - Bonus;INF209KA1K70;;10.5863;10.5863;10.5863;10-Dec-2015
134383;Aditya Birla Sun Life Credit Risk Fund - Regular Plan - Growth;INF209KA1K47;;10.5735;10.5735;10.5735;10-Dec-2015

Axis Mutual Fund
130314;Axis Credit Risk Fund - Direct Plan - Growth;INF846K01PJ5;;11.5817;11.4659;11.5817;10-Dec-2015
130312;Axis Credit Risk Fund - Direct Plan - Monthly IDCW;INF846K01PM9;INF846K01PN7;10.0358;9.9354;10.0358;10-Dec-2015
130311;Axis Credit Risk Fund - Direct Plan - Weekly IDCW;INF846K01PK3;INF846K01PL1;10.1531;10.0516;10.1531;10-Dec-2015
130309;Axis Credit Risk Fund - Regular Plan - Growth;INF846K01PO5;;11.4408;11.3264;11.4408;10-Dec-2015
130313;Axis Credit Risk Fund - Regular Plan - Monthly IDCW;INF846K01PR8;INF846K01PS6;10.0309;9.9306;10.0309;10-Dec-2015
130310;Axis Credit Risk Fund - Regular Plan - Weekly IDCW;INF846K01PP2;INF846K01PQ0;10.1416;10.0402;10.1416;10-Dec-2015

Bank of India Mutual Fund
133868;BANK OF INDIA Credit Risk  Fund - Direct Plan;INF761K01DG8;;10.7087;10.2804;10.7087;10-Dec-2015
133867;BANK OF INDIA Credit Risk Fund - Regular Plan;INF761K01DH6;;10.6986;10.2707;10.6986;10-Dec-2015

Baroda BNP Paribas Mutual Fund
133520;Baroda BNP Paribas Credit Risk Fund -Direct- Monthly IDCW;INF955L01FZ9;;10.5982;10.4922;10.5982;10-Dec-2015
133524;Baroda BNP Paribas Credit Risk Fund -Direct- Quarterly IDCW;INF955L01GA0;;10.5943;10.4884;10.5943;10-Dec-2015
133488;Baroda BNP Paribas Credit Risk Fund -Direct-Growth Option;INF955L01FR6;;11.0288;10.9185;11.0288;10-Dec-2015
133525;Baroda BNP Paribas Credit Risk Fund -Plan A -Bonus Option;INF955L01FT2;;10.9163;10.8071;10.9163;10-Dec-2015
133678;Baroda BNP Paribas Credit Risk Fund -Plan B(Direct)-Bonus Option;INF955L01FY2;;11.0288;10.9185;11.0288;10-Dec-2015
133486;Baroda BNP Paribas Credit Risk Fund -Regular-Growth Option;INF955L01FP0;;10.9163;10.8071;10.9163;10-Dec-2015
133517;Baroda BNP Paribas Credit Risk Fund -Regular-Monthly IDCW;INF955L01FU0;;10.4871;10.3822;10.4871;10-Dec-2015
133518;Baroda BNP Paribas Credit Risk Fund -Regular-Quarterly IDCW;INF955L01FV8;;10.4836;10.3788;10.4836;10-Dec-2015

DSP Mutual Fund
119084;DSP Credit Risk Fund - Direct Plan -  IDCW - Monthly;INF740K01OV8;INF740K01OW6;10.4429;10.3385;10.4429;10-Dec-2015
119082;DSP Credit Risk Fund - Direct Plan - Growth;INF740K01OS4;;24.1698;23.9281;24.1698;10-Dec-2015
119083;DSP Credit Risk Fund - Direct Plan - IDCW;INF740K01OT2;INF740K01OU0;11.8725;11.7538;11.8725;10-Dec-2015
119087;DSP Credit Risk Fund - Direct Plan - IDCW - Daily;;INF740KA1NX2;10.1168;10.0156;10.1168;10-Dec-2015
119085;DSP Credit Risk Fund - Direct Plan - IDCW - Quarterly ;INF740K01OX4;INF740K01OY2;10.6206;10.5144;10.6206;10-Dec-2015
119086;DSP Credit Risk Fund - Direct Plan - IDCW - Weekly;INF740KA1NY0;INF740KA1NZ7;10.1150;10.0139;10.1150;10-Dec-2015
101839;DSP Credit Risk Fund - Regular Plan - IDCW;INF740K01581;INF740K01AB9;11.8070;11.6889;11.8070;10-Dec-2015
101840;DSP Credit Risk Fund - Regular Plan - IDCW - Daily;;INF740KA1OA8;10.1164;10.0152;10.1164;10-Dec-2015
117061;DSP Credit Risk Fund - Regular Plan - IDCW - Monthly;INF740K01JW6;INF740K01JV8;10.4249;10.3207;10.4249;10-Dec-2015
117062;DSP Credit Risk Fund - Regular Plan - IDCW - Quarterly ;INF740K01JY2;INF740K01JX4;10.5841;10.4783;10.5841;10-Dec-2015
101838;DSP Credit Risk Fund - Regular Plan - IDCW - Weekly;INF740K01FR4;INF740K01FQ6;10.1141;10.0130;10.1141;10-Dec-2015
101837;DSP Credit Risk Fund - Regular Plan -Growth;INF740K01599;;23.7899;23.5520;23.7899;10-Dec-2015

Franklin Templeton Mutual Fund
118553;Franklin India Credit Risk Fund - Direct - Growth;INF090I01JL3;;15.3189;14.8593;15.3189;10-Dec-2015
118552;Franklin India Credit Risk Fund - Direct - IDCW ;INF090I01JJ7;INF090I01JK5;11.5550;11.2084;11.5550;10-Dec-2015
116153;Franklin India Credit Risk Fund - Growth;INF090I01ET7;;14.9430;14.4947;14.9430;10-Dec-2015
116154;Franklin India Credit Risk Fund - IDCW ;INF090I01ES9;INF090I01ER1;11.2293;10.8924;11.2293;10-Dec-2015

HDFC Mutual Fund
128053;HDFC Credit Risk Debt Fund - Growth Option;INF179KA1GC0;;11.9071;11.669;11.9071;10-Dec-2015
128051;HDFC Credit Risk Debt Fund - Growth Option - Direct Plan;INF179KA1FZ3;;12.0768;11.8353;12.0768;10-Dec-2015
133148;HDFC Credit Risk Debt Fund - IDCW Option;INF179KA1I87;INF179KA1I79;10.9636;10.7443;10.9636;10-Dec-2015
133147;HDFC Credit Risk Debt Fund - IDCW Option - Direct Plan;INF179KA1I61;INF179KA1I53;10.5856;10.3739;10.5856;10-Dec-2015
128050;HDFC Credit Risk Debt Fund - Quarterly IDCW - Direct Plan;INF179KA1GA4;INF179KA1GB2;10.4371;10.2284;10.4371;10-Dec-2015
128052;HDFC Credit Risk Debt Fund - Quarterly IDCW Option;INF179KA1GD8;INF179KA1GE6;10.4157;10.2074;10.4157;10-Dec-2015

ICICI Prudential Mutual Fund
134342;ICICI Prudential Credit Risk Fund - Annual IDCW;INF109KB1AF0;INF109KB1AG8;10.6268;10.5205;10.6268;10-Dec-2015
130943;ICICI Prudential Credit Risk Fund - Bonus;INF109KA1I27;;11.2552;11.1426;11.2552;10-Dec-2015
134341;ICICI Prudential Credit Risk Fund - Direct Plan - Annual IDCW;INF109KB1AD5;INF109KB1AE3;10.6733;10.5666;10.6733;10-Dec-2015
120711;ICICI Prudential Credit Risk Fund - Direct Plan - Growth;INF109K01V00;;15.9324;15.7731;15.9324;10-Dec-2015
120710;ICICI Prudential Credit Risk Fund - Direct Plan - Half Yearly IDCW;INF109K01V18;INF109K01V26;10.7594;10.6518;10.7594;10-Dec-2015
120709;ICICI Prudential Credit Risk Fund - Direct Plan - Quarterly IDCW;INF109K01V34;INF109K01V42;11.0435;10.9331;11.0435;10-Dec-2015
130944;ICICI Prudential Credit Risk Fund - Direct Plan Bonus;INF109KA1I19;;11.3355;11.2221;11.3355;10-Dec-2015
114239;ICICI Prudential Credit Risk Fund - Growth;INF109K01GU4;;15.5217;15.3665;15.5217;10-Dec-2015
114241;ICICI Prudential Credit Risk Fund - Half Yearly IDCW;INF109K01GX8;INF109K01GY6;10.4120;10.3079;10.4120;10-Dec-2015
114240;ICICI Prudential Credit Risk Fund - Quarterly IDCW;INF109K01GV2;INF109K01GW0;10.4652;10.3605;10.4652;10-Dec-2015

IDBI Mutual Fund
128337;IDBI Credit Risk Fund Annual IDCW - Direct Plan;INF397L01GD9;;11.6863;11.4526;11.6863;10-Dec-2015
128332;IDBI Credit Risk Fund Annual IDCW - Regular Plan;INF397L01FX9;;10.8435;10.6266;10.8435;10-Dec-2015
127181;IDBI Credit Risk Fund Growth Direct;INF397L01GG2;;11.9279;11.6893;11.9279;10-Dec-2015
127183;IDBI Credit Risk Fund Growth Regular;INF397L01GH0;;11.7628;11.5275;11.7628;10-Dec-2015
127184;IDBI Credit Risk Fund Quarterly IDCW - Direct Plan;INF397L01GA5;;10.5909;10.3791;10.5909;10-Dec-2015
127182;IDBI Credit Risk Fund Quarterly IDCW - Regular Plan;INF397L01FU5;;10.4333;10.2246;10.4333;10-Dec-2015

Invesco Mutual Fund
130722;Invesco India Credit Risk Fund - Direct Plan - Growth;INF205K01I83;;1139.2321;1127.8398;1139.2321;10-Dec-2015
130724;Invesco India Credit Risk Fund - Direct Plan - Monthly IDCW (Payout / Reinvestment);INF205K01I91;INF205K01J17;1013.3823;1003.2485;1013.3823;10-Dec-2015
130726;Invesco India Credit Risk Fund - Regular Plan - Discretionary IDCW (Payout / Reinvestment);INF205K01I59;INF205K01I75;1128.4617;1117.1771;1128.4617;10-Dec-2015
130721;Invesco India Credit Risk Fund - Regular Plan - Growth;INF205K01I34;;1128.4623;1117.1777;1128.4623;10-Dec-2015
130723;Invesco India Credit Risk Fund - Regular Plan - Monthly IDCW (Payout / Reinvestment);INF205K01I42;INF205K01I67;1013.4002;1003.2662;1013.4002;10-Dec-2015

Kotak Mahindra Mutual Fund
119740;Kotak Credit Risk Fund - Direct Plan - Standard Income Distribution cum capital withdrawal option;INF174K01MG5;;12.1854;11.9417;12.1854;10-Dec-2015
117716;Kotak Credit Risk Fund - Growth;INF174K01DY7;;15.8574;15.5403;15.8574;10-Dec-2015
119741;Kotak Credit Risk Fund - Growth - Direct;INF174K01LZ7;;16.2237;15.8992;16.2237;10-Dec-2015
117717;Kotak Credit Risk Fund - Monthly Payout of Income Distribution cum capital withdrawal option;INF174K01EC1;INF174K01EB3;10.2391;10.0343;10.2391;10-Dec-2015
119742;Kotak Credit Risk Fund - Monthly Payout of Income Distribution cum capital withdrawal option - Direct;INF174K01MC4;;10.3835;10.1758;10.3835;10-Dec-2015
117718;Kotak Credit Risk Fund - Quarterly Payout of Income Distribution cum capital withdrawal option;INF174K01EE7;INF174K01ED9;10.5976;10.3856;10.5976;10-Dec-2015
117715;Kotak Credit Risk Fund - Regular Plan - Standard Income Distribution cum capital withdrawal option;INF174K01EG2;INF174K01EF4;10.8212;10.6048;10.8212;10-Dec-2015
117719;Kotak Credit Risk Fund - Weekly Payout of Income Distribution cum capital withdrawal option;INF174K01DZ4;;10.0147;9.8144;10.0147;10-Dec-2015
119743;Kotak Credit Risk Fund - Weekly Reinvestment of Income Distribution cum capital withdrawal option- Direct;INF174K01MA8;;10.1824;9.9788;10.1824;10-Dec-2015

L&T Mutual Fund
112629;L&T Credit Risk - Retail Qtly Dividend;INF917K01CS3;INF917K01CT1;11.0819;10.9711;11.0819;10-Dec-2015
119785;L&T Credit Risk Fund - Direct Plan - IDCW;INF917K01UJ4;INF917K01UI6;10.7565;10.6489;10.7565;10-Dec-2015
134332;L&T Credit Risk Fund - Direct Plan -Annual IDCW;INF917K01UL0;INF917K01UK2;10.6832;10.5764;10.6832;10-Dec-2015
134331;L&T Credit Risk Fund - Regular Plan - Annual IDCW;INF917K01UN6;INF917K01UM8;10.6720;10.5653;10.6720;10-Dec-2015
112632;L&T Credit Risk Fund - Regular Plan - Growth;INF917K01130;;16.5309;16.3656;16.5309;10-Dec-2015
119786;L&T Credit Risk Fund- Direct Plan - Growth;INF917K01UH8;;16.6950;16.5281;16.6950;10-Dec-2015
112630;L&T Credit Risk Fund- Regular Plan - Bonus;INF917K01CU9;;16.2698;16.1071;16.2698;10-Dec-2015
112631;L&T Credit Risk Fund- Regular Plan - IDCW;INF917K01114;INF917K01122;10.6912;10.5843;10.6912;10-Dec-2015
112628;L&T Credit Risk Retail -Cumulative;INF917K01106;;16.2749;16.1122;16.2749;10-Dec-2015
112627;L&T Credit Risk- Retail Dividend;INF917K01080;INF917K01098;10.5301;10.4248;10.5301;10-Dec-2015

Nippon India Mutual Fund
112938;Nippon India Credit Risk Fund  - Growth Plan;INF204K01FQ3;;20.0925;19.8916;20.0925;10-Dec-2015
112939;Nippon India Credit Risk Fund  - Institutional Growth Plan;INF204K01FT7;;20.6221;20.4159;20.6221;10-Dec-2015
118780;Nippon India Credit Risk Fund - Direct Plan - Growth Plan;INF204K01A74;;20.5943;20.3884;20.5943;10-Dec-2015
132873;NIPPON INDIA CREDIT RISK FUND - DIRECT Plan - IDCW Option;INF204KA1WV6;;11.1496;11.0381;11.1496;10-Dec-2015
118781;NIPPON INDIA CREDIT RISK FUND - DIRECT Plan - QUARTERLY IDCW Option;INF204K01A82;INF204K01A90;13.2891;13.1562;13.2891;10-Dec-2015
132871;NIPPON INDIA CREDIT RISK FUND - IDCW Option;INF204KA1WT0;INF204KA1WS2;11.0221;10.9119;11.0221;10-Dec-2015
112941;NIPPON INDIA CREDIT RISK FUND - QUARTERLY IDCW Option;INF204K01FR1;INF204K01FS9;13.1170;12.9858;13.1170;10-Dec-2015

Principal Mutual Fund
119450;Principal Credit Risk Fund - Direct Plan - Growth Option;INF173K01FX6;;2309.7644;2298.2156;2309.7644;10-Dec-2015
119449;Principal Credit Risk Fund - Direct Plan - Monthly Dividend Option;INF173K01FY4;INF173K01FZ1;1243.3033;1237.0868;1243.3033;10-Dec-2015
102729;Principal Credit Risk Fund - Regular Plan - Growth Option;INF173K01DM4;;2282.6123;2271.1992;2282.6123;10-Dec-2015
102732;Principal Credit Risk Fund - Regular Plan - Monthly Dividend Option;INF173K01BJ4;INF173K01BK2;1240.2651;1234.0638;1240.2651;10-Dec-2015

SBI Mutual Fund
119792;SBI Credit Risk Fund - Direct Plan - Daily Income Distribution cum Capital Withdrawal Option (IDCW);;INF200K01SS0;10.1664;9.8614;10.1664;10-Dec-2015
119793;SBI Credit Risk Fund - Direct Plan - Income Distribution cum Capital Withdrawal Option (IDCW);INF200K01ST8;INF200K01SU6;13.7713;13.3582;13.7713;10-Dec-2015
119798;SBI CREDIT RISK FUND - DIRECT PLAN -GROWTH;INF200K01SV4;;23.4271;22.7243;23.4271;10-Dec-2015
118211;SBI Credit Risk Fund - Regular Plan - Daily Income Distribution cum Capital Withdrawal Option (IDCW);;INF200K01QK1;10.1667;9.8617;10.1667;10-Dec-2015
102505;SBI CREDIT RISK FUND - REGULAR PLAN - GROWTH;INF200K01685;;23.1562;22.4615;23.1562;10-Dec-2015
102506;SBI Credit Risk Fund - Regular Plan - Income Distribution cum Capital Withdrawal Option (IDCW);INF200K01693;INF200K01701;13.3445;12.9442;13.3445;10-Dec-2015

Sundaram Mutual Fund
134964;Sundaram  Short Term Credit Risk Fund- Direct Plan - Monthly Dividend;INF903J012Q9;INF903J017Q8;11.4956;11.4956;11.4956;10-Dec-2015
119633;Sundaram Short Term Credit Risk Fund - Direct Plan - Dividend Option;INF903J01OC4;INF903J01OD2;11.4954;11.4954;11.4954;10-Dec-2015
119632;Sundaram Short Term Credit Risk Fund - Direct Plan - Growth Option;INF903J01OE0;;21.8047;21.8047;21.8047;10-Dec-2015
101544;Sundaram Short Term Credit Risk Fund -Dividend;INF903J01EV5;INF903J01EW3;11.4773;11.4773;11.4773;10-Dec-2015
134971;Sundaram Short Term Credit Risk Fund- Regular Plan - Weekly Dividend;INF903J012P1;INF903J017P0;11.4773;11.4773;11.4773;10-Dec-2015
101545;Sundaram Short Term Credit Risk Fund-Appreciation;INF903J01EU7;;21.7746;21.7746;21.7746;10-Dec-2015

UTI Mutual Fund
117981;UTI Credit Risk Fund  - Regular Plan - Growth Option;INF789F01QZ1;;13.1542;13.1542;0;10-Dec-2015
135290;UTI Credit Risk Fund - Direct Plan - Annual IDCW;INF789FB1U28;INF789FB1U36;10.8394;10.8394;0;10-Dec-2015
120764;UTI Credit Risk Fund - Direct Plan - Growth Option;INF789F01YB6;;13.6475;13.6475;0;10-Dec-2015
131419;UTI Credit Risk Fund - Direct Plan - Monthly IDCW;INF789FB1U02;INF789FB1U10;10.4694;10.4694;0;10-Dec-2015
120765;UTI Credit Risk Fund - Direct Plan - Quarterly IDCW;INF789F01YC4;INF789F01YD2;11.5109;11.5109;0;10-Dec-2015
133344;UTI Credit Risk Fund - Regular Plan - Annual IDCW;INF789FA1V60;INF789FA1V78;10.7987;10.7987;0;10-Dec-2015
135051;UTI Credit Risk Fund - Regular Plan - Flexi IDCW;INF789FA1V86;INF789FA1V94;10.3653;10.3653;0;10-Dec-2015
135419;UTI Credit Risk Fund - Regular Plan - Half-Yearly IDCW;INF789FA1V45;INF789FA1V52;10.2174;10.2174;0;10-Dec-2015
131418;UTI Credit Risk Fund - Regular Plan - Monthly IDCW;INF789FB1T88;INF789FB1T96;10.3183;10.3183;0;10-Dec-2015
117982;UTI Credit Risk Fund - Regular Plan - Quarterly IDCW;INF789F01RA2;INF789F01RB0;11.2538;11.2538;0;10-Dec-2015

Open Ended Schemes ( Debt Scheme - Banking and PSU Fund )


Aditya Birla Sun Life Mutual Fund
119551;Aditya Birla Sun Life Banking & PSU Debt Fund  - DIRECT - IDCW;INF209KA12Z1;INF209KA13Z9;124.6787;124.3670;124.6787;10-Dec-2015
119552;Aditya Birla Sun Life Banking & PSU Debt Fund  - DIRECT - MONTHLY IDCW;INF209K01YM2;;105.0225;104.7599;105.0225;10-Dec-2015
119553;Aditya Birla Sun Life Banking & PSU Debt Fund  - Direct - Quarterly IDCW;INF209K01YO8;;105.6597;105.3956;105.6597;10-Dec-2015
108272;Aditya Birla Sun Life Banking & PSU Debt Fund  - REGULAR - IDCW;INF209K01LX6;INF209KA11Z3;124.0173;123.7073;124.0173;10-Dec-2015
110282;Aditya Birla Sun Life Banking & PSU Debt Fund  - REGULAR - MONTHLY IDCW;INF209K01LU2;;104.4899;104.2287;104.4899;10-Dec-2015
108274;Aditya Birla Sun Life Banking & PSU Debt Fund  - REGULAR - Quarterly IDCW;INF209K01LN7;;105.2533;104.9902;105.2533;10-Dec-2015
110490;Aditya Birla Sun Life Banking & PSU Debt Fund  - retail - monthly IDCW;INF209K01LR8;;104.4474;104.1863;104.4474;10-Dec-2015
106157;Aditya Birla Sun Life Banking & PSU Debt Fund  - retail - quarterly IDCW;INF209K01LS6;;107.9286;107.6588;107.9286;10-Dec-2015
108273;Aditya Birla Sun Life Banking & PSU Debt Fund - Regular Plan-Growth;INF209K01LV0;;183.1196;182.6618;183.1196;10-Dec-2015
103176;Aditya Birla Sun Life Banking & PSU Debt Fund - Retail Plan-Growth;INF209K01LT4;;274.8891;274.2019;274.8891;10-Dec-2015
119550;Aditya Birla Sun Life Banking & PSU Debt Fund- Direct Plan-Growth;INF209K01YN0;;184.2484;183.7878;184.2484;10-Dec-2015
112015;Aditya Birla Sun Life Treasury Optimizer Plan - Discipline Advantage Plan - Growth;INF209K01KM1;;169.8211;169.3965;169.8211;10-Dec-2015
120533;Aditya Birla Sun Life Banking & PSU Debt Fund - Growth - Direct Plan;INF209K01YL4;;43.2355;42.8031;43.2355;10-Dec-2015
103188;Aditya Birla Sun Life Banking & PSU Debt Fund - Growth - Regular Plan;INF209K01BF4;;42.6489;42.2224;42.6489;10-Dec-2015
133440;Aditya Birla Sun Life Banking & PSU Debt Fund - Monthly Dividend - Direct Plan;;INF209K01YJ8;10.6365;10.5301;10.6365;10-Dec-2015
133439;Aditya Birla Sun Life Banking & PSU Debt Fund - Monthly Dividend - Regular Plan;INF209KA1WN8;;10.5689;10.4632;10.5689;10-Dec-2015
103187;Aditya Birla Sun Life Banking & PSU Debt Fund - Regular Plan;INF209K01BE7;INF209K01EA9;10.5283;10.4230;10.5283;10-Dec-2015
120532;Aditya Birla Sun Life Banking & PSU Debt Fund - Weekly Dividend - Direct Plan;INF209K01YK6;;11.0128;10.9027;11.0128;10-Dec-2015

Axis Mutual Fund
128952;Axis Banking & PSU Debt Fund - Direct Plan - Bonus Option;INF846K01NF8;;1357.7000;1357.7000;1357.7000;10-Dec-2015
120437;Axis Banking & PSU Debt Fund - Direct Plan - Daily IDCW;;INF846K01CU0;1005.2037;1005.2037;1005.2037;10-Dec-2015
120438;Axis Banking & PSU Debt Fund - Direct Plan - Growth Option;INF846K01CR6;;1357.3217;1357.3217;1357.3217;10-Dec-2015
120439;Axis Banking & PSU Debt Fund - Direct Plan - Monthly IDCW;INF846K01CT2;INF846K01CS4;1006.1673;1006.1673;1006.1673;10-Dec-2015
120436;Axis Banking & PSU Debt Fund - Direct Plan - Weekly IDCW;INF846K01CV8;INF846K01CW6;1004.7986;1004.7986;1004.7986;10-Dec-2015
117447;Axis Banking & PSU Debt Fund - Regular Plan - Daily IDCW;;INF846K01CC8;1005.2037;1005.2037;1005.2037;10-Dec-2015
117446;Axis Banking & PSU Debt Fund - Regular Plan - Growth option;INF846K01CB0;;1350.0786;1350.0786;1350.0786;10-Dec-2015
117449;Axis Banking & PSU Debt Fund - Regular Plan - Monthly IDCW;INF846K01CF1;INF846K01CG9;1006.1031;1006.1031;1006.1031;10-Dec-2015
117448;Axis Banking & PSU Debt Fund - Regular Plan - Weekly IDCW;INF846K01CD6;INF846K01CE4;1004.7991;1004.7991;1004.7991;10-Dec-2015

Bandhan Mutual Fund
127471;Bandhan Banking and PSU Fund - Direct Daily IDCW;;INF194KA1JD3;10.0301;10.0301;10.0301;10-Dec-2015
121934;Bandhan Banking and PSU Fund - Direct Fortnightly IDCW;;INF194K010N5;10.0830;10.0830;10.0830;10-Dec-2015
121279;Bandhan Banking and PSU Fund - Direct Growth;INF194K015G8;;12.6949;12.6949;12.6949;10-Dec-2015
121281;Bandhan Banking and PSU Fund - Direct IDCW;INF194K016G6;INF194K017G4;10.6804;10.6804;10.6804;10-Dec-2015
121935;Bandhan Banking and PSU Fund - Direct Monthly IDCW;;INF194K011N3;10.1278;10.1278;10.1278;10-Dec-2015
121938;Bandhan Banking and PSU Fund - Direct Quarterly IDCW;INF194K018M0;;10.5818;10.5818;10.5818;10-Dec-2015
121933;Bandhan Banking and PSU Fund - Regular Annual IDCW;INF194K015M6;;10.6789;10.6789;10.6789;10-Dec-2015
127470;Bandhan Banking and PSU Fund - Regular Daily IDCW;;INF194KA1JC5;10.0830;10.0830;10.0830;10-Dec-2015
121931;Bandhan Banking and PSU Fund - Regular Fortnightly IDCW;;INF194K016M4;10.1803;10.1803;10.1803;10-Dec-2015
121280;Bandhan Banking and PSU Fund - Regular Growth;INF194K01SN6;;12.6554;12.6554;12.6554;10-Dec-2015
121282;Bandhan Banking and PSU Fund - Regular IDCW;INF194K01SO4;INF194K012D2;10.6658;10.6658;10.6658;10-Dec-2015
121932;Bandhan Banking and PSU Fund - Regular Monthly IDCW;;INF194K017M2;10.1358;10.1358;10.1358;10-Dec-2015
121937;Bandhan Banking and PSU Fund - Regular Quarterly IDCW;INF194K014M9;;10.5280;10.5280;10.5280;10-Dec-2015

DSP Mutual Fund
124175;DSP Banking & PSU Debt Fund - Direct Plan - Growth;INF740K01ZW2;;12.4296;12.3985;12.4296;10-Dec-2015
124178;DSP Banking & PSU Debt Fund - Direct Plan - IDCW;INF740K01A18;INF740K01A26;10.7833;10.7563;10.7833;10-Dec-2015
124182;DSP Banking & PSU Debt Fund - Direct Plan - IDCW - Daily Reinvest;;INF740KA1OF7;10.1549;10.1295;10.1549;10-Dec-2015
124176;DSP Banking & PSU Debt Fund - Direct Plan - IDCW - Monthly;INF740K01ZX0;INF740K01ZY8;10.1710;10.1456;10.1710;10-Dec-2015
124177;DSP Banking & PSU Debt Fund - Direct Plan - IDCW - Quarterly ;INF740K01ZZ5;INF740K01A00;10.3596;10.3337;10.3596;10-Dec-2015
124183;DSP Banking & PSU Debt Fund - Direct Plan - IDCW - Weekly;INF740KA1OG5;INF740KA1OH3;10.2689;10.2432;10.2689;10-Dec-2015
124172;DSP Banking & PSU Debt Fund - Regular Plan - Growth;INF740K01ZP6;;12.3329;12.3021;12.3329;10-Dec-2015
124174;DSP Banking & PSU Debt Fund - Regular Plan - IDCW;INF740K01ZU6;INF740K01ZV4;10.7559;10.7290;10.7559;10-Dec-2015
124173;DSP Banking & PSU Debt Fund - Regular Plan - IDCW - Daily Reinvest;;INF740KA1OI1;10.1546;10.1292;10.1546;10-Dec-2015
124180;DSP Banking & PSU Debt Fund - Regular Plan - IDCW - Monthly;INF740K01ZQ4;INF740K01ZR2;10.1697;10.1443;10.1697;10-Dec-2015
124181;DSP Banking & PSU Debt Fund - Regular Plan - IDCW - Quarterly ;INF740K01ZS0;INF740K01ZT8;10.3517;10.3258;10.3517;10-Dec-2015
124179;DSP Banking & PSU Debt Fund - Regular Plan - IDCW - Weekly;INF740KA1OJ9;INF740KA1OK7;10.1563;10.1309;10.1563;10-Dec-2015

Franklin Templeton Mutual Fund
129008;Franklin India Banking & PSU Debt Fund - Direct - Growth;INF090I01KR8;;11.6041;11.5461;11.6041;10-Dec-2015
129006;Franklin India Banking & PSU Debt Fund - Growth;INF090I01KO5;;11.4944;11.4369;11.4944;10-Dec-2015
129009;Franklin India Banking and PSU Debt Fund - Direct - IDCW ;INF090I01KS6;INF090I01KT4;10.6571;10.6038;10.6571;10-Dec-2015
129007;Franklin India Banking and PSU Debt Fund - IDCW ;INF090I01KP2;INF090I01KQ0;10.5637;10.5109;10.5637;10-Dec-2015

HDFC Mutual Fund
128628;HDFC Banking and PSU Debt Fund - Growth Option;INF179KA1JC4;;11.69;11.69;11.69;10-Dec-2015
128629;HDFC Banking and PSU Debt Fund - Growth Option - Direct Plan;INF179KA1IZ7;;11.6998;11.6998;11.6998;10-Dec-2015
128627;HDFC Banking and PSU Debt Fund - IDCW Option;INF179KA1JD2;INF179KA1JE0;10.1364;10.1364;10.1364;10-Dec-2015
128626;HDFC Banking and PSU Debt Fund - IDCW Option - Direct Plan;INF179KA1JA8;INF179KA1JB6;10.1364;10.1364;10.1364;10-Dec-2015

ICICI Prudential Mutual Fund
112343;ICICI Prudential Banking and PSU Debt Fund -  Daily IDCW;INF109K01WS5;INF109K01RV9;10.0538;10.0287;10.0538;10-Dec-2015
112344;ICICI Prudential Banking and PSU Debt Fund -  Weekly IDCW;INF109K01WR7;INF109K01RU1;10.1760;10.1506;10.1760;10-Dec-2015
130897;ICICI Prudential Banking and PSU Debt Fund - Bonus;INF109KA1B57;;11.2532;11.2251;11.2532;10-Dec-2015
120257;ICICI Prudential Banking and PSU Debt Fund - Direct Plan -  Daily IDCW;INF109K01Z89;INF109K01Z97;10.2672;10.2415;10.2672;10-Dec-2015
120256;ICICI Prudential Banking and PSU Debt Fund - Direct Plan -  Growth;INF109K010A6;;16.4989;16.4577;16.4989;10-Dec-2015
120258;ICICI Prudential Banking and PSU Debt Fund - Direct Plan -  Quarterly IDCW;INF109K011A4;INF109K012A2;10.4492;10.4231;10.4492;10-Dec-2015
120255;ICICI Prudential Banking and PSU Debt Fund - Direct Plan -  Weekly IDCW;INF109K013A0;INF109K014A8;10.3704;10.3445;10.3704;10-Dec-2015
130950;ICICI Prudential Banking and PSU Debt Fund - Direct Plan Bonus;INF109KA1B40;;11.2867;11.2867;11.2867;10-Dec-2015
131148;ICICI Prudential Banking and PSU Debt Fund - Direct Plan Half Yearly IDCW Option;INF109KA1M96;INF109KA1M88;10.3967;10.3707;10.3967;10-Dec-2015
112342;ICICI Prudential Banking and PSU Debt Fund - Growth;INF109K01RT3;;16.4052;16.3642;16.4052;10-Dec-2015
116174;ICICI Prudential Banking and PSU Debt Fund - Quarterly IDCW;INF109K01YE1;INF109K01YD3;10.4139;10.3879;10.4139;10-Dec-2015
131147;ICICI Prudential Banking and PSU Debt Fund Half Yearly IDCW Option;INF109KA1M70;INF109KA1M62;10.3430;10.3171;10.3430;10-Dec-2015
113247;ICICI Prudential Banking and PSU Debt Fund Retail Daily Dividend;INF109K01WW7;INF109K01JM5;10.0402;10.0151;10.0402;10-Dec-2015
113242;ICICI Prudential Banking and PSU Debt Fund Retail Growth;INF109K01II5;;15.4644;15.4257;15.4644;10-Dec-2015

Invesco Mutual Fund
122806;Invesco India Bank Debt Fund - Bonus Option;INF205K01VE3;;1243.2401;1230.8077;1243.2401;10-Dec-2015
118234;Invesco India Banking and PSU Fund - Daily IDCW (Reinvestment);;INF205K01JX8;1003.1264;993.0951;1003.1264;10-Dec-2015
120444;Invesco India Banking and PSU Fund - Direct Plan -  Growth Option;INF205K01KT4;;1280.5790;1267.7732;1280.5790;10-Dec-2015
120443;Invesco India Banking and PSU Fund - Direct Plan - Daily IDCW (Reinvestment);;INF205K01KS6;1003.2078;993.1757;1003.2078;10-Dec-2015
120445;Invesco India Banking and PSU Fund - Direct Plan - Monthly IDCW (Payout / Reinvestment);INF205K01KU2;INF205K01KV0;1011.7546;1001.6371;1011.7546;10-Dec-2015
118232;Invesco India Banking and PSU Fund - Growth Option;INF205K01JV2;;1243.2772;1230.8444;1243.2772;10-Dec-2015
118233;Invesco India Banking and PSU Fund - Monthly IDCW (Payout / Reinvestment);INF205K01JW0;INF205K01JY6;1011.3931;1001.2792;1011.3931;10-Dec-2015
122805;Religare Invesco Bank Debt Fund - Direct Plan - Bonus Option;INF205K01VN4;;1280.6047;1267.7987;1280.6047;10-Dec-2015

Kotak Mahindra Mutual Fund
123688;Kotak Banking and PSU Debt - Annual Dividend;INF174K01FS4;INF174K01FR6;16.3756;16.3756;16.3756;10-Dec-2015
123858;Kotak Banking and PSU Debt - Daily Dividend Reinvestment;;INF174K01SD9;10.0335;10.0335;10.0335;10-Dec-2015
123859;Kotak Banking and PSU Debt - Direct Daily Dividend Reinvestment;INF174K01SE7;;10.0817;10.0817;10.0817;10-Dec-2015
123690;Kotak Banking and PSU Debt - Growth;INF174K01FO3;;32.8985;32.8985;32.8985;10-Dec-2015
123691;Kotak Banking and PSU Debt - Monthly Payout of Income Distribution cum capital withdrawal option;INF174K01FQ8;INF174K01FP0;10.6844;10.6844;10.6844;10-Dec-2015
123689;Kotak Banking and PSU Debt Direct - Annual Dividend;INF174K01KI5;INF174K01KJ3;17.3279;17.3279;17.3279;10-Dec-2015
123693;Kotak Banking and PSU Debt Direct - Growth;INF174K01KH7;;33.0549;33.0549;33.0549;10-Dec-2015
123692;Kotak Banking and PSU Debt Direct - Monthly Payout of Income Distribution cum capital withdrawal option;INF174K01KK1;;10.8931;10.8931;10.8931;10-Dec-2015

L&T Mutual Fund
119794;L&T Banking and PSU Debt Fund -  Direct Plan - Monthly IDCW;INF917K01HI3;;10.3143;10.3143;10.3143;10-Dec-2015
118080;L&T Banking and PSU Debt Fund -  Regular Plan - Monthly IDCW;INF677K01AI8;INF677K01AJ6;10.2421;10.2421;10.2421;10-Dec-2015
119796;L&T Banking and PSU Debt Fund - Direct Plan - Daily IDCW ;;INF917K01HL7;12.4388;12.4388;12.4388;10-Dec-2015
119795;L&T Banking and PSU Debt Fund - Direct Plan - Growth;INF917K01HH5;;13.0920;13.0920;13.0920;10-Dec-2015
119797;L&T Banking and PSU Debt Fund - Direct Plan - Weekly IDCW;;INF917K01HK9;10.3401;10.3401;10.3401;10-Dec-2015
118071;L&T Banking and PSU Debt Fund - Institutional Plan - Growth Option;INF677K01981;;18.0526;18.0526;18.0526;10-Dec-2015
118076;L&T Banking and PSU Debt Fund - Regular Plan - Daily IDCW;;INF677K01AF4;10.4742;10.4742;10.4742;10-Dec-2015
118078;L&T Banking and PSU Debt Fund - Regular Plan - Growth;INF677K01AE7;;12.9358;12.9358;12.9358;10-Dec-2015
118077;L&T Banking and PSU Debt Fund - Regular Plan - Weekly IDCW;INF917K01HM5;INF677K01AH0;10.3610;10.3610;10.3610;10-Dec-2015
118074;L&T Banking and PSU Debt Fund - Retail Plan - Growth Option;INF677K01940;;18.1070;18.1070;18.1070;10-Dec-2015
118075;L&T Banking and PSU Debt Fund - Retail Plan - Monthly Dividend Option;INF677K01965;INF677K01973;10.2613;10.2613;10.2613;10-Dec-2015

LIC Mutual Fund
120337;LIC MF Banking & PSU Fund-Direct Plan-Daily IDCW;INF767K01GJ2;INF767K01GM6;10.1077;10.1077;10.1077;10-Dec-2015
120338;LIC MF Banking & PSU Fund-Direct Plan-Growth;INF767K01GI4;;18.9933;18.9933;18.9933;10-Dec-2015
120336;LIC MF Banking & PSU Fund-Direct Plan-Weekly IDCW;INF767K01GL8;INF767K01GO2;10.1021;10.1021;10.1021;10-Dec-2015
105822;LIC MF Banking & PSU Fund-Regular Plan-Daily IDCW;INF767K01519;INF767K01527;10.0994;10.0994;10.0994;10-Dec-2015
105823;LIC MF Banking & PSU Fund-Regular Plan-Growth;INF767K01535;;18.6072;18.6072;18.6072;10-Dec-2015
105856;LIC MF Banking & PSU Fund-Regular Plan-Monthly IDCW;INF767K01543;INF767K01550;10.1768;10.1768;10.1768;10-Dec-2015
105857;LIC MF Banking & PSU Fund-Regular Plan-Weekly IDCW;INF767K01568;INF767K01576;10.1019;10.1019;10.1019;10-Dec-2015

Nippon India Mutual Fund
134555;NIPPON INDIA BANKING and PSU  FUND - Direct Plan - IDCW Option;INF204KA1U79;INF204KA1U87;10.5311;10.5311;10.5311;10-Dec-2015
134553;NIPPON INDIA BANKING and PSU  FUND - WEEKLY IDCW Option;INF204KA1U12;INF204KA1U20;10.0965;10.0965;10.0965;10-Dec-2015
134547;Nippon India Banking and PSU  Fund- Direct Plan-Growth Plan- Growth Option;INF204KA1U53;;10.5311;10.5311;10.5311;10-Dec-2015
134550;NIPPON INDIA BANKING and PSU FUND - Direct Plan - MONTHLY IDCW Option;INF204KA1V37;INF204KA1V45;10.1751;10.1751;10.1751;10-Dec-2015
134556;NIPPON INDIA BANKING and PSU FUND - Direct Plan - QUARTERLY IDCW Option;INF204KA1U95;INF204KA1V03;10.3425;10.3425;10.3425;10-Dec-2015
134554;NIPPON INDIA BANKING and PSU FUND - Direct Plan - WEEKLY IDCW Option;INF204KA1V11;INF204KA1V29;10.0967;10.0967;10.0967;10-Dec-2015
134548;NIPPON INDIA BANKING and PSU FUND - IDCW Option;INF204KA1T72;INF204KA1T80;10.5190;10.5190;10.5190;10-Dec-2015
134549;NIPPON INDIA BANKING and PSU FUND - MONTHLY IDCW Option;INF204KA1U38;INF204KA1U46;10.1705;10.1705;10.1705;10-Dec-2015
134551;NIPPON INDIA BANKING and PSU FUND - QUARTERLY IDCW Option;INF204KA1T98;INF204KA1U04;10.3351;10.3351;10.3351;10-Dec-2015
134552;Nippon India Banking and PSU Fund- Direct Plan-Growth Plan- Bonus Option;INF204KA1U61;;10.5311;10.5311;10.5311;10-Dec-2015
134546;Nippon India Banking and PSU Fund- Growth Plan- Bonus Option;INF204KA1T64;;10.5190;10.5190;10.5190;10-Dec-2015
134545;Nippon India Banking and PSU Fund- Growth Plan- Growth Option;INF204KA1T56;;10.5190;10.5190;10.5190;10-Dec-2015

SBI Mutual Fund
125502;SBI Banking & PSU Fund - Direct Plan - Daily Income Distribution cum Capital Withdrawal Option (IDCW);;INF200K01V16;1006.195;1003.6795;1006.195;10-Dec-2015
125503;SBI BANKING & PSU FUND - Direct Plan - Growth;INF200K01V08;;1657.3957;1653.2522;1657.3957;10-Dec-2015
125505;SBI Banking & PSU Fund - Direct Plan - Monthly Income Distribution cum Capital Withdrawal Option (IDCW);INF200K01V40;INF200K01V57;1030.8017;1028.2247;1030.8017;10-Dec-2015
125504;SBI Banking & PSU Fund - Direct Plan - Weekly Income Distribution cum Capital Withdrawal Option (IDCW);INF200K01V32;INF200K01V24;1011.419;1008.8905;1011.419;10-Dec-2015
125498;SBI BANKING & PSU FUND - Regular Paln - Growth;INF200K01U41;;1635.4822;1631.3935;1635.4822;10-Dec-2015
125499;SBI Banking & PSU Fund - Regular Plan - Daily Income Distribution cum Capital Withdrawal Option (IDCW);;INF200K01U58;1004.7313;1002.2195;1004.7313;10-Dec-2015
125501;SBI Banking & PSU Fund - Regular Plan - Monthly Income Distribution cum Capital Withdrawal Option (IDCW);INF200K01U82;INF200K01U90;1027.786;1025.2165;1027.786;10-Dec-2015
125500;SBI Banking & PSU Fund - Regular Plan - Weekly Income Distribution cum Capital Withdrawal Option (IDCW);INF200K01U74;INF200K01U66;1004.0708;1001.5606;1004.0708;10-Dec-2015

Sundaram Mutual Fund
134363;Sundaram Banking & PSU Fund (Formerly Known as Sundaram Banking & PSU Debt Fund) - Direct Growth;INF903J017I5;;10.5507;10.5507;10.5507;10-Dec-2015
134370;Sundaram Banking & PSU Fund (Formerly Known as Sundaram Banking & PSU Debt Fund) - Direct Monthly Dividend;INF903J012J4;INF903J013J2;10.7149;10.7149;10.7149;10-Dec-2015
134355;Sundaram Banking & PSU Fund (Formerly Known as Sundaram Banking & PSU Debt Fund) - Regular Annual Bonus;INF903J016I7;;10.5328;10.5328;10.5328;10-Dec-2015
134358;Sundaram Banking & PSU Fund (Formerly Known as Sundaram Banking & PSU Debt Fund) - Regular Daily Dividend Reinvestment;;INF903J010I0;10.5378;10.5378;10.5378;10-Dec-2015
134356;Sundaram Banking & PSU Fund (Formerly Known as Sundaram Banking & PSU Debt Fund) - Regular Growth;INF903J016H9;;10.5327;10.5327;10.5327;10-Dec-2015
134359;Sundaram Banking & PSU Fund (Formerly Known as Sundaram Banking & PSU Debt Fund) - Regular Monthly Dividend;INF903J018H5;INF903J012I6;10.5381;10.5381;10.5381;10-Dec-2015
134361;Sundaram Banking & PSU Fund (Formerly Known as Sundaram Banking & PSU Debt Fund) - Regular Quarterly Bonus;INF903J014I2;;10.5362;10.5362;10.5362;10-Dec-2015
134362;Sundaram Banking & PSU Fund (Formerly Known as Sundaram Banking & PSU Debt Fund) - Regular Quarterly Dividend;INF903J019H3;INF903J013I4;10.5348;10.5348;10.5348;10-Dec-2015
134360;Sundaram Banking & PSU Fund (Formerly Known as Sundaram Banking & PSU Debt Fund) - Regular Weekly Dividend;INF903J017H7;INF903J011I8;10.5321;10.5321;10.5321;10-Dec-2015
119629;Sundaram Banking & PSU Fund (Formerly Known as Sundaram Banking and PSU Debt Fund) Direct Plan - Bonus;INF903J01RI4;;11.6773;11.6773;11.6773;10-Dec-2015
119627;Sundaram Banking & PSU Fund (Formerly Known as Sundaram Banking and PSU Debt Fund) Direct Plan - Daily Reinvestment of Income Distribution cum Capital Withdrawal (IDCW);;INF903J01PC1;10.0519;10.0519;10.0519;10-Dec-2015
119625;Sundaram Banking & PSU Fund (Formerly Known as Sundaram Banking and PSU Debt Fund) Direct Plan - Growth;INF903J01PA5;;23.3404;23.3404;23.3404;10-Dec-2015
119626;Sundaram Banking & PSU Fund (Formerly Known as Sundaram Banking and PSU Debt Fund) Direct Plan - Income Distribution cum Capital Withdrawal (IDCW);INF903J01PB3;INF903J01PE7;10.7916;10.7916;10.7916;10-Dec-2015
118326;Sundaram Banking & PSU Fund (Formerly Known as Sundaram Banking and PSU Debt Fund) Regular Plan - Bonus;INF903J01LY4;;11.7369;11.7369;11.7369;10-Dec-2015
100782;Sundaram Banking & PSU Fund (Formerly Known as Sundaram Banking and PSU Debt Fund) Regular Plan - Daily Reinvestment of Income Distribution cum Capital Withdrawal (IDCW);;INF903J01IP8;10.0519;10.0519;10.0519;10-Dec-2015
100784;Sundaram Banking & PSU Fund (Formerly Known as Sundaram Banking and PSU Debt Fund) Regular Plan - Growth;INF903J01IN3;;23.2749;23.2749;23.2749;10-Dec-2015
100793;Sundaram Banking & PSU Fund (Formerly Known as Sundaram Banking and PSU Debt Fund) Regular Plan - Income Distribution cum Capital Withdrawal (IDCW);INF903J01IO1;INF903J01IR4;10.7878;10.7878;10.7878;10-Dec-2015
100783;Sundaram Banking & PSU Fund (Formerly Known as Sundaram Banking and PSU Debt Fund) Regular Plan - Weekly Reinvestment of Income Distribution cum Capital Withdrawal (IDCW);;INF903J01IQ6;10.7135;10.7135;10.7135;10-Dec-2015
100781;Sundaram Banking & PSU Fund (Formerly Known as Sundaram Banking and PSU Debt Fund) Retail Plan - Growth;INF903J01IK9;;21.2584;21.2584;21.2584;10-Dec-2015
100780;Sundaram Banking & PSU Fund (Formerly Known as Sundaram Banking and PSU Debt Fund) Retail Plan - Monthly Income Distribution cum Capital Withdrawal (IDCW);INF903J01IL7;INF903J01IM5;10.6927;10.6927;10.6927;10-Dec-2015

UTI Mutual Fund
133972;UTI Banking & PSU Fund - Direct Plan - Flexi IDCW;INF789FA1V29;INF789FA1V37;10.6951;10.6951;0;10-Dec-2015
126940;UTI Banking & PSU Fund - Direct Plan - Growth Option;INF789F015Z6;;11.742;11.742;0;10-Dec-2015
126942;UTI Banking & PSU Fund - Direct Plan - Quarterly IDCW;INF789F016Z4;INF789F017Z2;10.976;10.976;0;10-Dec-2015
126941;UTI Banking & PSU Fund - Regular Plan - Quarterly IDCW;INF789F012Z3;INF789F013Z1;10.4283;10.4283;0;10-Dec-2015
126939;UTI Banking & PSU Fund- Regular Plan - Growth Option;INF789F014Z9;;11.7128;11.7128;0;10-Dec-2015

Open Ended Schemes ( Debt Scheme - Gilt Fund )


Aditya Birla Sun Life Mutual Fund
119614;Aditya Birla Sun Life Constant Maturity 10 Year Gilt Fund - Growth - Direct Plan;INF209K01XS1;;43.5567;43.5567;43.5567;10-Dec-2015
100061;Aditya Birla Sun Life Constant Maturity 10 Year Gilt Fund - Growth - Regular Plan;INF209K01AH2;;43.2429;43.2429;43.2429;10-Dec-2015
119615;Aditya Birla Sun Life Constant Maturity 10 Year Gilt Fund - Quarterly Dividend - Direct Plan;INF209KA1KX2;INF209K01XT9;11.2974;11.2974;11.2974;10-Dec-2015
100060;Aditya Birla Sun Life Constant Maturity 10 Year Gilt Fund - Quarterly Dividend - Regular Plan;INF209K01AI0;INF209K01DR5;12.4716;12.4716;12.4716;10-Dec-2015
119611;Aditya Birla Sun Life Gilt Plus - Liquid Plan - Annual Dividend - Direct Plan;INF209K01S04;;11.0979;11.0979;11.0979;10-Dec-2015
100056;Aditya Birla Sun Life Gilt Plus - Liquid Plan - Annual Dividend - Regular Plan;INF209K01991;INF209K01DM6;10.8821;10.8821;10.8821;10-Dec-2015
123860;Aditya Birla Sun Life Gilt Plus - Liquid Plan - Daily Dividend - Direct Plan;;;10.7532;10.7532;10.7532;10-Dec-2015
123863;Aditya Birla Sun Life Gilt Plus - Liquid Plan - Daily Dividend - Regular Plan;;;10.0100;10.0100;10.0100;10-Dec-2015
119612;Aditya Birla Sun Life Gilt Plus - Liquid Plan - Growth - Direct Plan;INF209K01XM4;;32.4412;32.4412;32.4412;10-Dec-2015
100055;Aditya Birla Sun Life Gilt Plus - Liquid Plan - Growth - Regular Plan;INF209K01AA7;;32.2138;32.2138;32.2138;10-Dec-2015
119610;Aditya Birla Sun Life Gilt Plus - Liquid Plan - Quarterly Dividend - Direct Plan;;;10.9248;10.9248;10.9248;10-Dec-2015
100054;Aditya Birla Sun Life Gilt Plus - Liquid Plan - Quarterly Dividend - Regular Plan;INF209K01AB5;;10.8103;10.8103;10.8103;10-Dec-2015
123862;Aditya Birla Sun Life Gilt Plus - Liquid Plan - Weekly Dividend - Direct Plan;;;10.0212;10.0212;10.0212;10-Dec-2015
123861;Aditya Birla Sun Life Gilt Plus - Liquid Plan - Weekly Dividend - Regular Plan;;;10.0198;10.0198;10.0198;10-Dec-2015
119606;Aditya Birla Sun Life Govenment Securities Fund -DIRECT - Quarterly IDCW;INF209KA1LC4;;10.4599;10.4076;10.4599;10-Dec-2015
100057;Aditya Birla Sun Life Govenment Securities Fund -Regular - Quarterly IDCW;INF209K01AF6;INF209K01DP9;10.3240;10.2724;10.3240;10-Dec-2015
100058;Aditya Birla Sun Life Government Securities Fund  - Growth - Regular Plan;INF209K01AC3;INF209K01AD1;39.3099;39.1134;39.3099;10-Dec-2015
119605;Aditya Birla Sun Life Government Securities Fund - Growth - Direct Plan;INF209K01XP7;;39.8997;39.7002;39.8997;10-Dec-2015

Axis Mutual Fund
128957;Axis Gilt Fund - Direct Plan - Bonus Option;INF846K01NJ0;;13.0721;13.0721;13.0721;10-Dec-2015
120447;Axis Gilt Fund - Direct Plan - Growth Option;INF846K01DD4;;13.0721;13.0721;13.0721;10-Dec-2015
120448;Axis Gilt Fund - Direct Plan - Half Yearly IDCW;INF846K01DF9;INF846K01DE2;11.3655;11.3655;11.3655;10-Dec-2015
120449;Axis Gilt Fund - Direct Plan - Regular IDCW;INF846K01DG7;INF846K01DH5;10.0432;10.0432;10.0432;10-Dec-2015
116471;Axis Gilt Fund - Regular Plan - Growth Option;INF846K01AX8;;12.8756;12.8756;12.8756;10-Dec-2015
116472;Axis Gilt Fund - Regular Plan - Half Yearly IDCW;INF846K01AZ3;INF846K01BB2;11.2402;11.2402;11.2402;10-Dec-2015
116470;Axis Gilt Fund - Regular Plan - Regular IDCW;INF846K01CK1;INF846K01CL9;10.0383;10.0383;10.0383;10-Dec-2015

Bandhan Mutual Fund
108645;BANDHAN GSF - Investment Plan - Annual Dividend;INF194K01DU3;INF194K01DT5;19.1474;19.1474;19.1474;10-Dec-2015
108558;BANDHAN Government Securities Fund - IP - Regular - Plan B - Half Yearly IDCW;INF194K01EB1;INF194K01EA3;10.5458;10.5458;10.5458;10-Dec-2015
108559;BANDHAN Government Securities Fund - IP - Regular Plan - Annual IDCW;INF194K01EE5;INF194K01ED7;10.6153;10.6153;10.6153;10-Dec-2015
108557;BANDHAN Government Securities Fund - IP - Regular Plan - Quarterly IDCW;INF194K01EH8;INF194K01EG0;11.0496;11.0496;11.0496;10-Dec-2015
131395;BANDHAN Government Securities Fund - IP - Regular -Plan B - Periodic IDCW;INF194KA1RW6;INF194KA1RX4;11.5134;11.5134;11.5134;10-Dec-2015
111525;BANDHAN Government Securities Fund - IP - Regular Plan - Growth;INF194K01DZ2;;17.1154;17.1154;17.1154;10-Dec-2015
111527;BANDHAN Government Securities Fund - IP - Regular Plan - IDCW;INF194K01EK2;INF194K01EJ4;10.3765;10.3765;10.3765;10-Dec-2015
118467;BANDHAN Government Securities Fund-  Investment Plan-Direct Plan-Annual IDCW;INF194K01Q78;INF194K01Q60;11.6565;11.6565;11.6565;10-Dec-2015
118464;BANDHAN Government Securities Fund-  Investment Plan-Direct Plan-Growth;INF194K01Q29;;17.4595;17.4595;17.4595;10-Dec-2015
118463;BANDHAN Government Securities Fund-  Investment Plan-Direct Plan-IDCW;INF194K01R36;INF194K01R28;11.2391;11.2391;11.2391;10-Dec-2015
131394;BANDHAN Government Securities Fund-  Investment Plan-Direct Plan-Periodic IDCW;INF194KA1RZ9;INF194KA1SA0;11.5400;11.5400;11.5400;10-Dec-2015
118466;BANDHAN Government Securities Fund-  Investment Plan-Direct Plan-Quarterly IDCW;INF194K01R02;INF194K01Q94;10.7209;10.7209;10.7209;10-Dec-2015

Baroda BNP Paribas Mutual Fund
119341;Baroda BNP Paribas GILT FUND - Direct Plan - Growth Option;INF955L01AD7;;23.5154;23.2802;23.5154;10-Dec-2015
119340;Baroda BNP Paribas GILT FUND - Direct Plan - IDCW Option;INF955L01AB1;INF955L01AC9;20.3579;20.1543;20.3579;10-Dec-2015
101187;Baroda BNP Paribas GILT FUND - Regular Plan - Growth Option;INF955L01450;;22.8208;22.5926;22.8208;10-Dec-2015
101188;Baroda BNP Paribas GILT FUND - Regular Plan - IDCW Option;INF955L01435;INF955L01443;19.8027;19.6047;19.8027;10-Dec-2015

Canara Robeco Mutual Fund
118299;CANARA ROBECO GILT FUND - DIRECT PLAN - GROWTH OPTION;INF760K01FC4;;39.4423;39.4423;39.4423;10-Dec-2015
118298;CANARA ROBECO GILT FUND - DIRECT PLAN - IDCW (Payout/Reinvestment);INF760K01FA8;INF760K01FB6;13.8343;13.8343;13.8343;10-Dec-2015
100597;CANARA ROBECO GILT FUND - REGULAR PLAN - GROWTH OPTION;INF760K01AE1;;39.0268;39.0268;39.0268;10-Dec-2015
100596;CANARA ROBECO GILT FUND - REGULAR PLAN - IDCW (Payout/Reinvestment);INF760K01AB7;INF760K01AC5;13.6795;13.6795;13.6795;10-Dec-2015

DSP Mutual Fund
119099;DSP Gilt Fund - Direct Plan - Growth;INF740K01NF3;;46.4435;46.3971;46.4435;10-Dec-2015
119101;DSP Gilt Fund - Direct Plan - IDCW;INF740K01NG1;INF740K01NI7;11.8022;11.7904;11.8022;10-Dec-2015
119100;DSP Gilt Fund - Direct Plan - IDCW - Monthly;INF740K01NE6;INF740K01NH9;10.5449;10.5344;10.5449;10-Dec-2015
100084;DSP Gilt Fund - Regular Plan - Growth;INF740K01615;;46.0973;46.0512;46.0973;10-Dec-2015
100085;DSP Gilt Fund - Regular Plan - IDCW;INF740K01607;INF740K01AD5;11.7233;11.7116;11.7233;10-Dec-2015
100086;DSP Gilt Fund - Regular Plan - IDCW - Monthly;INF740K01623;INF740K01AE3;10.5201;10.5096;10.5201;10-Dec-2015

Franklin Templeton Mutual Fund
118502;Franklin India GOVERNMENT SECURITIES FUND - Composite Plan - Direct - Growth;INF090I01HJ1;;48.9536;48.7088;48.9536;10-Dec-2015
118501;Franklin India GOVERNMENT SECURITIES FUND - Composite Plan - Direct - Quarterly Dividend;INF090I01HH5;INF090I01HI3;11.6483;11.5901;11.6483;10-Dec-2015
118498;Franklin India Government Securities Fund - Direct - Growth;INF090I01HS2;;34.6373;34.6373;34.6373;10-Dec-2015
118497;Franklin India Government Securities Fund - Direct - IDCW ;INF090I01HQ6;INF090I01HR4;11.7836;11.7836;11.7836;10-Dec-2015
100493;Franklin India Government Securities Fund - Growth;INF090I01CU9;;33.6505;33.6505;33.6505;10-Dec-2015
100494;Franklin India Government Securities Fund - IDCW ;INF090I01CS3;INF090I01CT1;11.4177;11.4177;11.4177;10-Dec-2015
118504;Franklin India GOVERNMENT SECURITIES FUND PF PLAN - Direct - Growth;INF090I01HP8;;21.2513;21.1450;21.2513;10-Dec-2015
100486;Franklin India Govt.Sec. Fund-Composite Plan - Dividend;INF090I01CP9;INF090I01CQ7;11.3339;11.2772;11.3339;10-Dec-2015
100485;Franklin India Govt.Sec. Fund-Composite Plan - Growth;INF090I01CR5;;48.0483;47.8081;48.0483;10-Dec-2015
100491;Franklin India Govt.Sec. Fund-PF Plan - Dividend;INF090I01CW5;INF090I01CX3;21.1040;20.9985;21.1040;10-Dec-2015
100490;Franklin India Govt.Sec. Fund-PF Plan - Growth;INF090I01CY1;;21.1040;20.9985;21.1040;10-Dec-2015

Groww Mutual Fund
118427;Indiabulls Gilt Fund - Direct Plan -  Growth Option;INF666M01295;;1315.1512;1301.9997;1315.1512;10-Dec-2015
118822;Indiabulls Gilt Fund - Indirect Plan - Fortnightly Dividend Option;INF666M01402;INF666M01410;1088.6026;1077.7166;1088.6026;10-Dec-2015
118820;Indiabulls Gilt Fund - Indirect Plan - Growth Option;INF666M01378;;1274.0394;1261.2990;1274.0394;10-Dec-2015
118823;Indiabulls Gilt Fund - Indirect Plan - Monthly Dividend Option;INF666M01428;INF666M01436;1041.7180;1031.3008;1041.7180;10-Dec-2015
118821;Indiabulls Gilt Fund - Indirect Plan - Weekly Dividend Option;INF666M01386;INF666M01394;1045.7308;1035.2735;1045.7308;10-Dec-2015

HDFC Mutual Fund
119116;HDFC Gilt Fund - Growth Option - Direct Plan;INF179K01VS0;;29.5396;29.5396;29.5396;10-Dec-2015
101083;HDFC Gilt Fund - Growth Plan;INF179K01756;;29.2186;29.2186;29.2186;10-Dec-2015
119115;HDFC Gilt Fund - IDCW Option - Direct Plan;INF179K01VR2;INF179K01VT8;11.244;11.244;11.244;10-Dec-2015
101084;HDFC Gilt Fund - IDCW Plan;INF179K01772;INF179K01764;10.933;10.933;10.933;10-Dec-2015

ICICI Prudential Mutual Fund
130903;ICICI Prudential Gilt Fund - Bonus;INF109KA1H10;;11.4603;11.4603;11.4603;10-Dec-2015
120590;ICICI Prudential Gilt Fund - Direct Plan - Growth;INF109K018C5;;49.5937;49.5937;49.5937;10-Dec-2015
120589;ICICI Prudential Gilt Fund - Direct Plan - IDCW;INF109K016C9;INF109K017C7;12.3677;12.3677;12.3677;10-Dec-2015
130955;ICICI Prudential Gilt Fund - Direct Plan Bonus;INF109KA1H02;;11.7023;11.7023;11.7023;10-Dec-2015
100369;ICICI Prudential Gilt Fund - Growth;INF109K01JR4;;48.5183;48.5183;48.5183;10-Dec-2015
100368;ICICI Prudential Gilt Fund - IDCW;INF109K01JQ6;INF109K01JP8;12.1568;12.1568;12.1568;10-Dec-2015
120607;ICICI Prudential Short Term Gilt Fund - Direct Plan -  Dividend;INF109K012D6;INF109K013D4;12.3143;12.3143;12.3143;10-Dec-2015
120608;ICICI Prudential Short Term Gilt Fund - Direct Plan -  Growth;INF109K014D2;;37.2237;37.2237;37.2237;10-Dec-2015
130956;ICICI Prudential Short Term Gilt Fund - Direct Plan Bonus;INF109KA1I50;;10.6218;10.6218;10.6218;10-Dec-2015
100370;ICICI Prudential Short Term Gilt Fund - Dividend;INF109K01JW4;INF109K01JV6;12.1599;12.1599;12.1599;10-Dec-2015
100371;ICICI Prudential Short Term Gilt Fund - Growth;INF109K01JX2;;36.7023;36.7023;36.7023;10-Dec-2015
100372;ICICI Prudential Short Term Gilt Fund - Half Yearly Dividend;INF109K01JZ7;INF109K01JY0;11.2464;11.2464;11.2464;10-Dec-2015

IDBI Mutual Fund
118034;IDBI Gilt Fund Annual IDCW;INF397L01AA8;INF397L01AB6;10.6894;10.6360;10.6894;10-Dec-2015
118447;IDBI Gilt Fund Annual IDCW Direct;INF397L01BZ3;INF397L01CA4;10.7599;10.7061;10.7599;10-Dec-2015
118030;IDBI Gilt Fund Growth;INF397L01AD2;;12.6307;12.5675;12.6307;10-Dec-2015
118341;IDBI Gilt Fund Growth Direct;INF397L01CC0;;12.7432;12.6795;12.7432;10-Dec-2015
118031;IDBI Gilt Fund Quarterly IDCW;INF397L01AE0;INF397L01AF7;10.2254;10.1743;10.2254;10-Dec-2015
118446;IDBI Gilt Fund Quarterly IDCW Direct;INF397L01CD8;INF397L01CE6;10.7581;10.7043;10.7581;10-Dec-2015

Invesco Mutual Fund
107476;Invesco India Gilt Fund - Annual IDCW (Payout / Reinvestment);INF205K01SJ8;INF205K01SK6;1263.4844;1263.4844;1263.4844;10-Dec-2015
122799;Invesco India GILT Fund - Bonus Option;INF205K01VK0;;1532.9708;1532.9708;1532.9708;10-Dec-2015
120520;Invesco India Gilt Fund - Direct  Plan - Growth;INF205K01SN0;;1565.7350;1565.7350;1565.7350;10-Dec-2015
120519;Invesco India Gilt Fund - Direct Plan - Annual IDCW (Payout / Reinvestment);INF205K01SL4;INF205K01SM2;1380.5691;1380.5691;1380.5691;10-Dec-2015
120521;Invesco India Gilt Fund - Direct Plan - Monthly IDCW (Reinvestment);;INF205K01SO8;1222.6664;1222.6664;1222.6664;10-Dec-2015
120522;Invesco India Gilt Fund - Direct Plan - Quarterly IDCW (Payout / Reinvestment);INF205K01SP5;INF205K01SQ3;1110.2440;1110.2440;1110.2440;10-Dec-2015
107477;Invesco India Gilt Fund - Growth;INF205K01SR1;;1523.4438;1523.4438;1523.4438;10-Dec-2015
107471;Invesco India Gilt Fund - Monthly IDCW (Reinvestment);;INF205K01SS9;1043.6696;1043.6696;1043.6696;10-Dec-2015
107472;Invesco India Gilt Fund - Quarterly IDCW (Payout / Reinvestment);INF205K01ST7;INF205K01SU5;1041.8589;1041.8589;1041.8589;10-Dec-2015

JM Financial Mutual Fund
120421;JM G-Sec Fund - (Direct) - Growth Option;INF192K01CR5;;46.0333;46.0333;46.0333;10-Dec-2015
120420;JM G-Sec Fund - (Direct) - Quarterly Dividend Option;INF192K01CP9;INF192K01CQ7;21.1553;21.1553;21.1553;10-Dec-2015
134662;JM G-Sec Fund - (Direct) Annual Dividend Option;INF192K01KI7;INF192K01KJ5;21.2663;21.2663;21.2663;10-Dec-2015
120419;JM G-Sec Fund - (Direct) Bonus Option - Principal Units;INF192K01CT1;;23.3211;23.3211;23.3211;10-Dec-2015
134661;JM G-Sec Fund - (Direct) Half Yearly Dividend Option;INF192K01KE6;INF192K01KF3;21.2663;21.2663;21.2663;10-Dec-2015
134664;JM G-Sec Fund - (Direct) Monthly Dividend Option;INF192K01JY6;INF192K01KB2;21.2663;21.2663;21.2663;10-Dec-2015
134659;JM G-Sec Fund - Annual Dividend Option;INF192K01KG1;INF192K01KH9;20.7457;20.7457;20.7457;10-Dec-2015
100253;JM G-Sec Fund - Bonus Option - Principal Units;INF192K01817;;21.9616;21.9616;21.9616;10-Dec-2015
100250;JM G-Sec Fund - Growth Option;INF192K01809;;45.1513;45.1513;45.1513;10-Dec-2015
134663;JM G-Sec Fund - Half Yearly Dividend Option;INF192K01KC0;INF192K01KD8;20.7457;20.7457;20.7457;10-Dec-2015
134660;JM G-Sec Fund - Monthly Dividend Option;INF192K01JW0;INF192K01JX8;20.7457;20.7457;20.7457;10-Dec-2015
100249;JM G-Sec Fund - Quarterly Dividend Option;INF192K01783;INF192K01791;20.6352;20.6352;20.6352;10-Dec-2015

Kotak Mahindra Mutual Fund
100281;Kotak Gilt-Investment  Provident Fund and Trust-Growth;INF174K01FL9;;49.9795;49.9795;49.9795;10-Dec-2015
119757;Kotak Gilt-Investment  Provident Fund and Trust-Growth - Direct;INF174K01KM7;;51.4788;51.4788;51.4788;10-Dec-2015
100280;Kotak Gilt-Investment  Provident Fund and Trust-Payout of Income Distribution cum capital withdrawal option;INF174K01FM7;;11.5516;11.5516;11.5516;10-Dec-2015
100265;Kotak Gilt-Investment Regular-Growth;INF174K01FI5;;48.874;48.874;48.874;10-Dec-2015
119759;Kotak Gilt-Investment Regular-Growth - Direct;INF174K01KE4;;50.2744;50.2744;50.2744;10-Dec-2015
100264;Kotak Gilt-Investment Regular-Payout of Income Distribution cum capital withdrawal option;INF174K01FK1;INF174K01FJ3;12.0918;12.0918;12.0918;10-Dec-2015
119758;Kotak Gilt-Investment Regular-Payout of Income Distribution cum capital withdrawal option - Direct;INF174K01KF1;;12.5668;12.5668;12.5668;10-Dec-2015

L&T Mutual Fund
119425;L&T Gilt Fund - Direct Plan - Growth;INF917K01FI7;;36.6740;36.6740;36.6740;10-Dec-2015
119426;L&T Gilt Fund - Direct Plan - Quarterly IDCW;INF917K01FK3;INF917K01FJ5;13.0354;13.0354;13.0354;10-Dec-2015
112429;L&T Gilt Fund - Regular Plan - Growth;INF917K01BP1;;36.1372;36.1372;36.1372;10-Dec-2015
112428;L&T Gilt Fund - Regular Plan - Quarterly IDCW;INF917K01BN6;INF917K01BO4;12.8652;12.8652;12.8652;10-Dec-2015

LIC Mutual Fund
120282;LIC MF Gilt Fund-Direct Plan-Growth;INF767K01EZ3;;32.1522;32.1522;32.1522;10-Dec-2015
120283;LIC MF Gilt Fund-Direct Plan-IDCW;INF767K01EY6;INF767K01FA3;10.6346;10.6346;10.6346;10-Dec-2015
100319;LIC MF Gilt Fund-PF Plan-Growth;INF767K01733;;18.1731;18.1731;18.1731;10-Dec-2015
100318;LIC MF Gilt Fund-PF Plan-IDCW;INF767K01717;INF767K01725;11.7598;11.7598;11.7598;10-Dec-2015
100317;LIC MF Gilt Fund-Regular Plan-Growth;INF767K01709;;31.5257;31.5257;31.5257;10-Dec-2015
100316;LIC MF Gilt Fund-Regular Plan-IDCW;INF767K01683;INF767K01691;10.4122;10.4122;10.4122;10-Dec-2015

Nippon India Mutual Fund
118670;NIPPON INDIA GILT  FUND - Direct Plan - MONTHLY IDCW Option;INF204K01XQ6;INF204K01XR4;11.0483;11.0483;11.0483;10-Dec-2015
118669;Nippon India Gilt  Fund - Direct Plan - P F Option - Automatic Capital Appreciation Payout Option;INF204K01E70;;19.0945;19.0945;19.0945;10-Dec-2015
118673;Nippon India Gilt  Fund - Direct Plan - P F Option - Defined Maturity Date Option;INF204K01E88;;19.0867;19.0867;19.0867;10-Dec-2015
118672;Nippon India Gilt  Fund - Direct Plan Growth Plan - Growth Option;INF204K01XP8;;19.1433;19.1433;19.1433;10-Dec-2015
109717;Nippon India Gilt  Fund - Institutional Plan-Growth Plan -Growth Option;INF204K01BX8;;18.7141;18.7141;18.7141;10-Dec-2015
109723;NIPPON INDIA GILT  FUND - MONTHLY IDCW Option;INF204K01BV2;INF204K01BW0;10.2350;10.2350;10.2350;10-Dec-2015
109720;Nippon India Gilt  Fund -Growth Plan - Growth Option;INF204K01BU4;;18.5924;18.5924;18.5924;10-Dec-2015
109716;Nippon India Gilt  Fund -P F Option-Automatic Annual Reinvest Option;INF204K01CA4;;15.5854;15.5854;15.5854;10-Dec-2015
109721;Nippon India Gilt  Fund -P F Option-Defined Maturity Date Option;INF204K01CB2;;18.5924;18.5924;18.5924;10-Dec-2015
133265;Nippon India Gilt  Fund- Direct Plan- Growth Plan- Bonus Option;INF204KA1YV2;;10.6993;10.6993;10.6993;10-Dec-2015
133264;Nippon India Gilt  Fund- Growth Plan- Bonus Option;INF204KA1YU4;;10.6679;10.6679;10.6679;10-Dec-2015
109718;Nippon India Gilt  Fund-Institutional Plan-P F Option-Automatic Capital Appreciation Payout Option;INF204K01CD8;;18.7141;18.7141;18.7141;10-Dec-2015
109724;Nippon India Gilt  Fund-P F Option-Automatic Capital Appreciation Payout Option;INF204K01CC0;;18.5924;18.5924;18.5924;10-Dec-2015
118674;Nippon India Gilt Fund - Direct Plan - P F Option - Automatic Annual Reinvest Option;;INF204K01E62;10.3594;10.3594;10.3594;10-Dec-2015

SBI Mutual Fund
102061;SBI MAGNUM GILT FUND -  GROWTH - PF (Fixed Period - 1 Yr) Option;INF200K01AB4;;19.4468;19.3496;19.4468;10-Dec-2015
101933;SBI MAGNUM GILT FUND -  GROWTH - PF (Fixed Period - 2 Yrs) Option;INF200K01AE8;;19.1748;19.0789;19.1748;10-Dec-2015
101934;SBI MAGNUM GILT FUND -  GROWTH - PF (Fixed Period - 3 Yrs) Option;INF200K01AH1;;18.8166;18.7225;18.8166;10-Dec-2015
101932;SBI MAGNUM GILT FUND -  GROWTH - PF (Regular) Option;INF200K01AK5;;20.1392;20.0385;20.1392;10-Dec-2015
119707;SBI MAGNUM GILT FUND - DIRECT PLAN - GROWTH;INF200K01SH3;;31.6648;31.6648;31.6648;10-Dec-2015
119706;SBI Magnum Gilt Fund - Direct Plan - Income Distribution cum Capital Withdrawal Option (IDCW);INF200K01SF7;INF200K01SG5;13.0917;13.0917;13.0917;10-Dec-2015
101950;SBI Magnum Gilt Fund - Income Distribution cum Capital Withdrawal Option (IDCW) - PF (Fixed Period - 1 Yr);INF200K01AC2;INF200K01AD0;12.3147;12.2531;12.3147;10-Dec-2015
101951;SBI Magnum Gilt Fund - Income Distribution cum Capital Withdrawal Option (IDCW) - PF (Fixed Period - 2 Yrs);INF200K01AF5;INF200K01AG3;12.435;12.3728;12.435;10-Dec-2015
101952;SBI Magnum Gilt Fund - Income Distribution cum Capital Withdrawal Option (IDCW) - PF (Fixed Period - 3 Yrs);INF200K01AI9;INF200K01AJ7;12.1297;12.0691;12.1297;10-Dec-2015
101935;SBI Magnum Gilt Fund - Income Distribution cum Capital Withdrawal Option (IDCW) - PF (Regular);INF200K01AL3;INF200K01AM1;12.772;12.7081;12.772;10-Dec-2015
101001;SBI MAGNUM GILT FUND - REGULAR PLAN - GROWTH;INF200K01982;;31.3729;31.3729;31.3729;10-Dec-2015
100999;SBI Magnum Gilt Fund - Regular Plan - Income Distribution cum Capital Withdrawal Option (IDCW);INF200K01990;INF200K01AA6;12.6363;12.6363;12.6363;10-Dec-2015

Sundaram Mutual Fund
101092;SUNDARAM GILT FUND (Growth. OPTION);INF903J01FA6;;24.2091;24.2091;24.2091;10-Dec-2015
119603;Sundaram Gilt Fund - Direct Plan - Growth Option;INF903J01NY0;;24.4705;24.4705;24.4705;10-Dec-2015
101059;SUNDARAM GILT FUND (DIV. OPTION);INF903J01FB4;INF903J01FC2;11.4544;11.4544;11.4544;10-Dec-2015
119608;Sundaram Gilt Fund - Direct Plan - Dividend Option;INF903J01NW4;INF903J01NX2;11.6203;11.6203;11.6203;10-Dec-2015

Tata Mutual Fund
101902;Tata Gilt High Fund - Dividend Opt;INF277K01DO9;INF277K01543;15.9846;15.9047;15.9846;10-Dec-2015
102016;Tata Gilt High Fund - Growth;INF277K01550;;26.2219;26.0908;26.2219;10-Dec-2015
119944;Tata Gilt Mid Term Fund - Direct Plan - Growth;INF277K01OQ1;;16.2735;16.2735;16.2735;10-Dec-2015
119945;Tata Gilt Mid Term Fund - Direct Plan - Periodic Dividend;INF277K01OR9;INF277K01OS7;15.2323;15.2323;15.2323;10-Dec-2015
119946;Tata Gilt Mid Term Fund - Direct Plan - Quarterly Dividend;INF277K01OT5;INF277K01OU3;14.5581;14.5581;14.5581;10-Dec-2015
112929;Tata Gilt Mid Term Fund - Regular Plan -Periodic Dividend;INF277K01LI4;INF277K01LJ2;15.1199;15.1199;15.1199;10-Dec-2015
112928;Tata Gilt Mid Term Fund -Regular Plan- Growth;INF277K01LH6;;15.9423;15.9423;15.9423;10-Dec-2015
112930;Tata Gilt Mid Term Fund -Regular Plan- Quarterly Dividend;INF277K01LK0;INF277K01LL8;14.3991;14.3991;14.3991;10-Dec-2015
102046;Tata Gilt Retirement Plan (28/2/25) - Payout of IDCW Option;;;19.3046;19.2081;19.3046;10-Dec-2015
101945;Tata Gilt Retirement Plan- 28/2/25 Growth Option;;;19.3290;19.2324;19.3290;10-Dec-2015
119954;Tata Gilt Securities Fund - Direct Plan - Payout of IDCW Option;INF277K01OV1;INF277K01OW9;13.8645;13.7952;13.8645;10-Dec-2015
101049;Tata Gilt Securities Fund - Regular Plan - Payout of IDCW Option;INF277K01DN1;INF277K01535;13.4942;13.4267;13.4942;10-Dec-2015
101042;Tata Gilt Securities Fund -Regular Plan- Growth Option;INF277K01519;;42.3306;42.1189;42.3306;10-Dec-2015
119953;Tata Gilt Securities Fund- Direct Plan - Growth Option;INF277K01OX7;;43.3919;43.1749;43.3919;10-Dec-2015
102263;Tata Gilt Securities Fund RIP ( Bonus);INF277K01527;;21.3852;21.2783;21.3852;10-Dec-2015

UTI Mutual Fund
120792;UTI - GILT FUND - Direct Plan - Growth Option;INF789F01TL5;;31.5062;31.5062;31.5062;10-Dec-2015
102512;UTI - GILT FUND - Discontinued PF Plan - Growth Option;INF789F01PT6;;23.2289;23.2289;23.2289;10-Dec-2015
102514;UTI - GILT FUND - Discontinued PF Plan Prescribed Date Auto Redemption Option;INF789F01PU4;;23.2419;23.2419;23.2419;10-Dec-2015
102510;UTI - GILT FUND - Regular Plan - Growth Option;INF789F01661;;31.2412;31.2412;31.2412;10-Dec-2015
102511;UTI - GILT FUND -Discontinued PF Plan -Dividend Option;INF789F01PR0;INF789F01PS8;15.0532;15.0532;15.0532;10-Dec-2015
120791;UTI Gilt Fund - Direct Plan - IDCW;INF789F01TJ9;INF789F01TK7;17.8355;17.8355;17.8355;10-Dec-2015
102509;UTI Gilt Fund - Regular Plan - IDCW;INF789F01646;INF789F01653;19.379;19.379;19.379;10-Dec-2015

Open Ended Schemes ( Debt Scheme - Gilt Fund with 10 year constant duration )


Bandhan Mutual Fund
108646;BANDHAN Government Securities Fund - Constant Maturity Plan - Regular Plan - Quarterly IDCW;INF194K01FF9;INF194K01FE2;10.7074;10.7074;10.7074;10-Dec-2015
108753;BANDHAN Government Securities Fund - Constant Maturity Plan - Regular Plan - Growth;INF194K01FA0;;21.2134;21.2134;21.2134;10-Dec-2015
111343;BANDHAN Government Securities Fund - Constant Maturity Plan - Regular Plan - Weekly IDCW;INF194K01FI3;INF194K01FH5;13.2921;13.2921;13.2921;10-Dec-2015
108644;BANDHAN Government Securities Fund - Constant Maturity Plan - Regular Plan - Monthly IDCW;INF194K01FC6;INF194K01FB8;10.4441;10.4441;10.4441;10-Dec-2015
118387;BANDHAN Government Securities Fund - Constant Maturity Plan -Direct Plan-Growth;INF194K01P38;;21.2661;21.2661;21.2661;10-Dec-2015
131390;BANDHAN Government Securities Fund - Constant Maturity Plan -Direct Plan-Periodic IDCW;INF194KA1SL7;INF194KA1SM5;11.3498;11.3498;11.3498;10-Dec-2015
118388;BANDHAN Government Securities Fund - Constant Maturity Plan -Direct Plan-Quarterly IDCW;INF194K01P87;INF194K01P79;10.9678;10.9678;10.9678;10-Dec-2015
118389;BANDHAN Government Securities Fund - Constant Maturity Plan -Direct Plan-Weekly IDCW;;INF194K01Q03;13.2989;13.2989;13.2989;10-Dec-2015

DSP Mutual Fund
131301;DSP 10Y G-Sec Fund - Direct Plan - Growth;INF740K019I5;;11.3090;11.2977;11.3090;10-Dec-2015
131304;DSP 10Y G-Sec Fund - Direct Plan - IDCW;INF740K010J2;INF740K011J0;10.6753;10.6646;10.6753;10-Dec-2015
131303;DSP 10Y G-Sec Fund - Direct Plan - IDCW - Monthly;INF740K012J8;INF740K013J6;10.3102;10.2999;10.3102;10-Dec-2015
131302;DSP 10Y G-Sec Fund - Direct Plan - IDCW - Quarterly;INF740K014J4;INF740K015J1;10.4266;10.4162;10.4266;10-Dec-2015
131297;DSP 10Y G-Sec Fund - Regular Plan - Growth;INF740K012I0;;11.2751;11.2638;11.2751;10-Dec-2015
131298;DSP 10Y G-Sec Fund - Regular Plan - IDCW;INF740K013I8;INF740K014I6;10.6558;10.6451;10.6558;10-Dec-2015
131299;DSP 10Y G-Sec Fund - Regular Plan - IDCW - Monthly;INF740K015I3;INF740K016I1;10.3094;10.2991;10.3094;10-Dec-2015
131300;DSP 10Y G-Sec Fund - Regular Plan - IDCW - Quarterly ;INF740K017I9;INF740K018I7;10.4223;10.4119;10.4223;10-Dec-2015

ICICI Prudential Mutual Fund
131059;ICICI Prudential Constant Maturity Gilt Fund - Annual IDCW;INF109KA1N87;INF109KA1O29;10.3327;10.3069;10.3327;10-Dec-2015
131056;ICICI Prudential Constant Maturity Gilt Fund - Direct Plan - Annual IDCW;INF109KA1O78;INF109KA1P10;10.3919;10.3659;10.3919;10-Dec-2015
131061;ICICI Prudential Constant Maturity Gilt Fund - Direct Plan - Growth;INF109KA1O37;;11.4669;11.4382;11.4669;10-Dec-2015
131055;ICICI Prudential Constant Maturity Gilt Fund - Direct Plan - Half Yearly IDCW;INF109KA1O60;INF109KA1P02;10.6550;10.6284;10.6550;10-Dec-2015
131053;ICICI Prudential Constant Maturity Gilt Fund - Direct Plan - Monthly IDCW;INF109KA1O45;INF109KA1O86;10.8353;10.8082;10.8353;10-Dec-2015
131051;ICICI Prudential Constant Maturity Gilt Fund - Growth;INF109KA1N46;;11.4216;11.3930;11.4216;10-Dec-2015
131058;ICICI Prudential Constant Maturity Gilt Fund - Half Yearly IDCW;INF109KA1N79;INF109KA1O11;10.3976;10.3716;10.3976;10-Dec-2015
131062;ICICI Prudential Constant Maturity Gilt Fund - Monthly IDCW;INF109KA1N53;INF109KA1N95;10.7297;10.7029;10.7297;10-Dec-2015
131057;ICICI Prudential Constant Maturity Gilt Fund - quarterly IDCW;INF109KA1N61;INF109KA1O03;10.6517;10.6251;10.6517;10-Dec-2015

SBI Mutual Fund
120137;SBI MAGNUM CONSTANT MATURITY FUND - DIRECT PLAN - GROWTH;INF200K01SK7;;30.4255;30.4255;30.4255;10-Dec-2015
120136;SBI Magnum Constant Maturity Fund - Direct Plan - Income Distribution cum Capital Withdrawal Option (IDCW);INF200K01SI1;INF200K01SJ9;12.1402;12.1402;12.1402;10-Dec-2015
101002;SBI MAGNUM CONSTANT MATURITY FUND - REGULAR PLAN - GROWTH;INF200K01AN9;;30.1905;30.1905;30.1905;10-Dec-2015
101003;SBI Magnum Constant Maturity Fund - Regular Plan - Income Distribution cum Capital Withdrawal Option (IDCW);INF200K01AO7;INF200K01AP4;12.0798;12.0798;12.0798;10-Dec-2015

Open Ended Schemes ( Debt Scheme - Floater Fund )


Aditya Birla Sun Life Mutual Fund
122645;Aditya Birla Sun Life Floating Rate Fund-Direct - daily IDCW;INF209K01UW9;;100.4975;100.4975;100.4975;10-Dec-2015
122648;Aditya Birla Sun Life Floating Rate Fund-Direct - weekly IDCW;INF209K01UY5;;100.4875;100.4875;100.4875;10-Dec-2015
122646;Aditya Birla Sun Life Floating Rate Fund-Direct Plan-Growth;INF209K01UX7;;178.7980;178.7980;178.7980;10-Dec-2015
122643;Aditya Birla Sun Life Floating Rate Fund-Regular - DAILY IDCW;;INF209KA1LN1;100.5216;100.5216;100.5216;10-Dec-2015
122647;Aditya Birla Sun Life Floating Rate Fund-REGULAR - WEEKLY IDCW;;INF209K01MH7;100.4861;100.4861;100.4861;10-Dec-2015
122644;Aditya Birla Sun Life Floating Rate Fund-Regular Plan-Growth;INF209K01MG9;;177.6835;177.6835;177.6835;10-Dec-2015
122649;Aditya Birla Sun Life Floating Rate Fund-RETAIL - WEEKLY IDCW;;INF209K01MI5;100.4861;100.4861;100.4861;10-Dec-2015
122650;Aditya Birla Sun Life Floating Rate Fund-Retail Plan-Growth;INF209K01MF1;;256.9916;256.9916;256.9916;10-Dec-2015

Franklin Templeton Mutual Fund
118508;Franklin India Floating Rate Fund - Direct - Growth;INF090I01LK1;;23.2793;23.2793;23.2793;10-Dec-2015
118507;Franklin India Floating Rate Fund - Direct - IDCW ;INF090I01LL9;;10.0095;10.0095;10.0095;10-Dec-2015
101048;Franklin India Floating Rate Fund - Growth Plan;INF090I01LM7;;22.7016;22.7016;22.7016;10-Dec-2015
101044;Franklin India Floating Rate Fund - IDCW ;INF090I01LN5;;10.0085;10.0085;10.0085;10-Dec-2015

HDFC Mutual Fund
106838;HDFC Floating Rate Debt Fund - Daily IDCW Option;;INF179K01699;10.0809;10.0809;10.0809;10-Dec-2015
118959;HDFC Floating Rate Debt Fund - Direct Plan - Daily IDCW;;;10.0809;10.0809;10.0809;10-Dec-2015
118961;HDFC Floating Rate Debt Fund - Direct Plan - Growth Option;INF179K01VQ4;;25.4282;25.4282;25.4282;10-Dec-2015
118960;HDFC Floating Rate Debt Fund - Direct Plan - Monthly IDCW;INF179K01VO9;INF179K01VP6;10.1608;10.1608;10.1608;10-Dec-2015
118962;HDFC Floating Rate Debt Fund - Direct Plan - Weekly IDCW;;;10.1383;10.1383;10.1383;10-Dec-2015
106841;HDFC Floating Rate Debt Fund - Growth Option;INF179K01707;;25.381;25.381;25.381;10-Dec-2015
106839;HDFC Floating Rate Debt Fund - Monthly IDCW Option;INF179K01715;INF179K01723;10.1605;10.1605;10.1605;10-Dec-2015
106840;HDFC Floating Rate Debt Fund - Weekly IDCW Option;INF179K01731;INF179K01749;10.1381;10.1381;10.1381;10-Dec-2015
101483;HDFC Floating Rate Debt Fund - Retail Daily Div Option;;INF179K01640;10.0809;10.0809;10.0809;10-Dec-2015
101481;HDFC Floating Rate Debt Fund - Retail Growth Option;INF179K01632;;24.7215;24.7215;24.7215;10-Dec-2015
101484;HDFC Floating Rate Debt Fund - Retail Monthly Div option;INF179K01657;INF179K01665;10.1601;10.1601;10.1601;10-Dec-2015
101482;HDFC Floating Rate Debt Fund - Retail Weekly Div Option;INF179K01681;INF179K01673;10.1381;10.1381;10.1381;10-Dec-2015

ICICI Prudential Mutual Fund
130899;ICICI Prudential Floating Interest Fund - Bonus;INF109KA1I43;;110.6733;110.6733;110.6733;10-Dec-2015
101804;ICICI Prudential Floating Interest Fund - Daily IDCW;INF109K01AW3;;100.8760;100.8760;100.8760;10-Dec-2015
120423;ICICI Prudential Floating Interest Fund - Direct Plan - Daily IDCW;;INF109K01P24;100.2341;100.2341;100.2341;10-Dec-2015
120427;ICICI Prudential Floating Interest Fund - Direct Plan - Fortnightly IDCW;INF109K01P40;;100.7011;100.7011;100.7011;10-Dec-2015
120425;ICICI Prudential Floating Interest Fund - Direct Plan - Growth;INF109K01P57;;223.0890;223.0890;223.0890;10-Dec-2015
122607;ICICI Prudential Floating Interest Fund - Direct Plan - Monthly IDCW;INF109K018Z6;INF109K017Z8;101.1419;101.1419;101.1419;10-Dec-2015
125216;ICICI Prudential Floating Interest Fund - Direct Plan - Quarterly IDCW;INF109KA1012;INF109K019Z4;104.3205;104.3205;104.3205;10-Dec-2015
120424;ICICI Prudential Floating Interest Fund - Direct Plan - Weekly IDCW;INF109K01P73;INF109K01P81;100.5137;100.5137;100.5137;10-Dec-2015
101803;ICICI Prudential Floating Interest Fund - Fortnightly IDCW;INF109K01AZ6;;100.7446;100.7446;100.7446;10-Dec-2015
101802;ICICI Prudential Floating Interest Fund - Growth;INF109K01AX1;;219.1731;219.1731;219.1731;10-Dec-2015
115510;ICICI Prudential Floating Interest Fund - IDCW Others;INF109K01WQ9;INF109K01WP1;110.6708;110.6708;110.6708;10-Dec-2015
122606;ICICI Prudential Floating Interest Fund - Monthly IDCW;INF109KA1038;INF109KA1020;101.0619;101.0619;101.0619;10-Dec-2015
122891;ICICI Prudential Floating Interest Fund - Quarterly IDCW;INF109KA1053;INF109KA1046;103.3383;103.3383;103.3383;10-Dec-2015
111545;ICICI Prudential Floating Interest Fund - Weekly IDCW;INF109K01EN4;INF109K01AY9;100.5067;100.5067;100.5067;10-Dec-2015
101800;ICICI Prudential Floating Interest Fund Plan A - Dividend Daily;INF109K01928;;100.2341;100.2341;100.2341;10-Dec-2015
101796;ICICI Prudential Floating Interest Fund Plan A - Fortnightly Dividend;INF109K01910;;100.7998;100.7998;100.7998;10-Dec-2015
101795;ICICI Prudential Floating Interest Fund Plan A - Growth;INF109K01936;;220.1160;220.1160;220.1160;10-Dec-2015
111544;ICICI Prudential Floating Interest Fund Plan A - Weekly Dividend Option;INF109K01EK0;INF109K01944;100.5067;100.5067;100.5067;10-Dec-2015
101799;ICICI Prudential Floating Interest Fund Plan B - Dividend Daily;INF109K01951;;100.2341;100.2341;100.2341;10-Dec-2015
101794;ICICI Prudential Floating Interest Fund Plan B - Fortnightly Dividend;INF109K01969;;101.1734;101.1734;101.1734;10-Dec-2015
101793;ICICI Prudential Floating Interest Fund Plan B - Growth;INF109K01977;;237.6719;237.6719;237.6719;10-Dec-2015
111543;ICICI Prudential Floating Interest Fund Plan B - Weekly Dividend Option;INF109K01EL8;INF109K01985;100.5067;100.5067;100.5067;10-Dec-2015
101801;ICICI Prudential Floating Interest Fund Plan C - Dividend Daily;INF109K01AA9;;100.2341;100.2341;100.2341;10-Dec-2015
101798;ICICI Prudential Floating Interest Fund Plan C - Fortnightly Dividend;INF109K01993;;100.7977;100.7977;100.7977;10-Dec-2015
111546;ICICI Prudential Savings Fund Plan C - Weekly Dividend Option;INF109K01EM6;INF109K01AC5;100.5067;100.5067;100.5067;10-Dec-2015

Nippon India Mutual Fund
118660;NIPPON INDIA FLOATER  FUND - DIRECT Plan - WEEKLY IDCW Option;INF204K01D14;INF204K01E13;10.1196;10.0690;10.1196;10-Dec-2015
118656;Nippon India Floater Fund  - Direct Plan Growth Plan - Growth Option;INF204K01E05;;23.5883;23.4704;23.5883;10-Dec-2015
102676;NIPPON INDIA FLOATER FUND - DAILY IDCW REINVESTMENT Option;;INF204K01CI7;10.1166;10.0660;10.1166;10-Dec-2015
118654;NIPPON INDIA FLOATER FUND - DIRECT Plan - DAILY IDCW Option;;INF204K01D71;10.1176;10.0670;10.1176;10-Dec-2015
124590;NIPPON INDIA FLOATER FUND - DIRECT Plan - IDCW Option;INF204KA1DU8;INF204KA1DV6;11.0162;10.9611;11.0162;10-Dec-2015
118655;NIPPON INDIA FLOATER FUND - DIRECT Plan - MONTHLY IDCW Option;INF204K01D89;INF204K01D97;10.6149;10.5618;10.6149;10-Dec-2015
118661;NIPPON INDIA FLOATER FUND - DIRECT Plan - QUARTERLY IDCW Option;INF204K01C98;INF204K01D06;10.3476;10.2959;10.3476;10-Dec-2015
102673;Nippon India Floater Fund - Growth Plan-Growth Option;INF204K01CG1;;23.2391;23.1229;23.2391;10-Dec-2015
124589;NIPPON INDIA FLOATER FUND - IDCW Option;INF204KA1DS2;INF204KA1DT0;10.9651;10.9103;10.9651;10-Dec-2015
102675;NIPPON INDIA FLOATER FUND - MONTHLY IDCW Option;INF204K01CH9;INF204K01CK3;10.4923;10.4398;10.4923;10-Dec-2015
112942;NIPPON INDIA FLOATER FUND - QUARTERLY IDCW Option;INF204K01HK2;INF204K01HL0;10.5096;10.4571;10.5096;10-Dec-2015
102677;NIPPON INDIA FLOATER FUND - WEEKLY IDCW Option;INF204K01OQ5;INF204K01CJ5;10.1193;10.0687;10.1193;10-Dec-2015

Open Ended Schemes ( Hybrid Scheme - Conservative Hybrid Fund )


Aditya Birla Sun Life Mutual Fund
120550;Aditya Birla Sun Life Regular Savings Fund - DIRECT - MONTHLY IDCW;INF209K01R47;;16.2453;16.0828;16.2453;10-Dec-2015
120705;Aditya Birla Sun Life Regular Savings Fund - Growth / Payment - Direct Plan;INF209K01XH4;INF209K01XJ0;29.9715;29.6718;29.9715;10-Dec-2015
101818;Aditya Birla Sun Life Regular Savings Fund - Growth / Payment - Regular Plan;INF209K01751;INF209K01777;29.3999;29.1059;29.3999;10-Dec-2015
101816;Aditya Birla Sun Life Regular Savings Fund - REGULAR - MONTHLY IDCW;INF209K01769;INF209K01DF0;13.4360;13.3016;13.4360;10-Dec-2015

Axis Mutual Fund
120477;Axis Conservative Hybrid Fund - Direct Plan - Annual IDCW;INF846K01DY0;INF846K01DZ7;12.5396;12.4142;12.5396;10-Dec-2015
120480;Axis Conservative Hybrid Fund - Direct Plan - Growth Option;INF846K01EA8;;16.2918;16.1289;16.2918;10-Dec-2015
120478;Axis Conservative Hybrid Fund - Direct Plan - Half Yearly;INF846K01EB6;INF846K01EC4;11.8825;11.7637;11.8825;10-Dec-2015
120479;Axis Conservative Hybrid Fund - Direct Plan - Quarterly;INF846K01ED2;INF846K01EE0;12.9571;12.8275;12.9571;10-Dec-2015
112927;Axis Conservative Hybrid Fund - Regular Plan - Annual IDCW;INF846K01743;INF846K01750;12.4973;12.3723;12.4973;10-Dec-2015
112924;Axis Conservative Hybrid Fund - Regular Plan - Growth Option;INF846K01693;;15.6700;15.5133;15.6700;10-Dec-2015
112926;Axis Conservative Hybrid Fund - Regular Plan - Half Yearly IDCW;INF846K01727;INF846K01735;11.5960;11.4800;11.5960;10-Dec-2015
112925;Axis Conservative Hybrid Fund - Regular Plan - Quarterly IDCW;INF846K01701;INF846K01719;11.3482;11.2347;11.3482;10-Dec-2015

Bandhan Mutual Fund
112353;BANDHAN Conservative Hybrid Fund - Regular Plan - Growth;INF194K01RW9;;16.9267;16.9267;16.9267;10-Dec-2015
112352;BANDHAN Conservative Hybrid Fund - Regular Plan - IDCW;INF194K01RY5;INF194K01RX7;12.5259;12.5259;12.5259;10-Dec-2015
113361;BANDHAN Conservative Hybrid Fund - Regular Plan - Quarterly IDCW;INF194K01SB1;INF194K01SA3;12.5512;12.5512;12.5512;10-Dec-2015
118491;BANDHAN Conservative Hybrid Fund-Direct Plan-Growth;INF194K015B9;;17.3965;17.3965;17.3965;10-Dec-2015
118490;BANDHAN Conservative Hybrid Fund-Direct Plan-IDCW;INF194K017B5;INF194K016B7;12.9928;12.9928;12.9928;10-Dec-2015
118492;BANDHAN Conservative Hybrid Fund-Direct Plan-Quarterly IDCW;INF194K010C8;INF194K019B1;13.2475;13.2475;13.2475;10-Dec-2015

Baroda BNP Paribas Mutual Fund
102661;BARODA CONSERVATIVE HYBRID FUND - Plan A - Growth Option;INF955L01161;;18.9480;18.7585;18.9480;10-Dec-2015
102662;BARODA CONSERVATIVE HYBRID FUND - Plan A - Monthly IDCW Option;INF955L01179;INF955L01187;13.1067;12.9756;13.1067;10-Dec-2015
102663;BARODA CONSERVATIVE HYBRID FUND - Plan A - Quarterly IDCW Option;INF955L01195;INF955L01203;12.8932;12.7643;12.8932;10-Dec-2015
119389;BARODA CONSERVATIVE HYBRID FUND - Plan B (Direct) - Growth Option;INF955L01AQ9;;19.4318;19.2375;19.4318;10-Dec-2015
119391;BARODA CONSERVATIVE HYBRID FUND - Plan B (Direct) - Quarterly IDCW Option;INF955L01AR7;;13.0294;12.8991;13.0294;10-Dec-2015
119390;BARODA CONSERVATIVE HYBRID FUND - Plan B (Direct)- Monthly IDCW Option;INF955L01AO4;;13.2144;13.0823;13.2144;10-Dec-2015

BNP Paribas Mutual Fund
120082;BNP Paribas Conservative Hybrid Fund - Direct Plan - Growth Option;INF251K01HR8;;22.8532;22.8532;22.8532;10-Dec-2015
120083;BNP Paribas Conservative Hybrid Fund - Direct Plan - Monthly Income Distribution cum Capital Withdrawal Option;INF251K01HS6;INF251K01HT4;11.1240;11.1240;11.1240;10-Dec-2015
120111;BNP Paribas Conservative Hybrid Fund - Direct Plan - Quarterly Income Distribution cum Capital Withdrawal Option;INF251K01HU2;INF251K01HV0;10.2060;10.2060;10.2060;10-Dec-2015
113560;BNP PARIBAS Conservative Hybrid Fund-Regular Plan-Growth Option;INF251K01845;;22.2225;22.2225;22.2225;10-Dec-2015
113561;BNP PARIBAS Conservative hybrid Fund-Regular Plan-Monthly Income Distribution cum Capital Withdrawal Option;INF251K01852;INF251K01860;10.4059;10.4059;10.4059;10-Dec-2015
113562;BNP PARIBAS Conservative Hybrid Fund-Regular Plan-Quarterly Income Distribution cum Capital Withdrawal Option;INF251K01878;INF251K01886;10.2222;10.2222;10.2222;10-Dec-2015

Canara Robeco Mutual Fund
118309;CANARA ROBECO CONSERVATIVE HYBRID FUND - DIRECT PLAN - GROWTH OPTION;INF760K01GB4;;46.7065;46.7065;46.7065;10-Dec-2015
118311;CANARA ROBECO CONSERVATIVE HYBRID FUND - DIRECT PLAN - MONTHLY IDCW (Payout/Reinvestment);INF760K01FZ5;INF760K01GA6;15.0320;15.0320;15.0320;10-Dec-2015
118310;CANARA ROBECO CONSERVATIVE HYBRID FUND - DIRECT PLAN - QUARTERLY IDCW (Payout/Reinvestment);INF760K01GC2;INF760K01GD0;15.4832;15.4832;15.4832;10-Dec-2015
100601;CANARA ROBECO CONSERVATIVE HYBRID FUND - REGULAR PLAN - GROWTH OPTION;INF760K01282;;45.4181;45.4181;45.4181;10-Dec-2015
100600;CANARA ROBECO CONSERVATIVE HYBRID FUND - REGULAR PLAN - MONTHLY IDCW (Payout/Reinvestment);INF760K01308;INF760K01316;14.5857;14.5857;14.5857;10-Dec-2015
112378;CANARA ROBECO CONSERVATIVE HYBRID FUND - REGULAR PLAN - QUARTERLY IDCW (Payout/Reinvestment);INF760K01AP7;INF760K01AQ5;15.0121;15.0121;15.0121;10-Dec-2015

DSP Mutual Fund
118994;DSP Regular Savings Fund - Direct Plan - Growth;INF740K01NO5;;30.1269;29.8256;30.1269;10-Dec-2015
118992;DSP Regular Savings Fund - Direct Plan - IDCW - Monthly;INF740K01NP2;INF740K01NR8;12.3013;12.1783;12.3013;10-Dec-2015
118993;DSP Regular Savings Fund - Direct Plan - IDCW - Quarterly ;INF740K01NQ0;INF740K01NS6;13.2652;13.1325;13.2652;10-Dec-2015
102450;DSP Regular Savings Fund - Regular Plan - IDCW - Monthly;INF740K01458;INF740K01466;11.8624;11.7438;11.8624;10-Dec-2015
102451;DSP Regular Savings Fund - Regular Plan - IDCW - Quarterly ;INF740K01474;INF740K01482;13.0110;12.8809;13.0110;10-Dec-2015
102448;DSP Regular Savings Fund- Regular Plan - Growth;INF740K01441;;29.5767;29.2809;29.5767;10-Dec-2015

Franklin Templeton Mutual Fund
118574;Franklin India Debt Hybrid Fund - Direct - GROWTH;INF090I01GF1;;45.0038;44.5538;45.0038;10-Dec-2015
100948;Franklin India Debt Hybrid Fund - Growth;INF090I01EA7;;44.0779;43.6371;44.0779;10-Dec-2015
118575;Franklin India Debt Hybrid Fund - Plan A - Direct - Monthly - IDCW;INF090I01GG9;INF090I01GH7;14.1871;14.0452;14.1871;10-Dec-2015
118576;Franklin India Debt Hybrid Fund - Plan A - Direct - Quarterly - IDCW;INF090I01GI5;INF090I01GJ3;13.7790;13.6412;13.7790;10-Dec-2015
100949;Franklin India Debt Hybrid Fund - Plan A - Monthly - IDCW;INF090I01EB5;INF090I01EC3;13.8685;13.7298;13.8685;10-Dec-2015
100950;Franklin India Debt Hybrid Fund - Plan A - Quarterly - IDCW;INF090I01ED1;INF090I01EE9;13.4724;13.3377;13.4724;10-Dec-2015

Groww Mutual Fund
135690;Indiabulls Savings Income Fund- Direct Plan- - Monthly- Income Distribution cum capital withdrawal Option (Payout & Reinvestment);INF666M01BL9;INF666M01BM7;10.0133;9.9132;10.0133;10-Dec-2015
135691;Indiabulls Savings Income Fund- Regular Plan-Monthly - Income Distribution cum capital withdrawal Option (Payout & Reinvestment);INF666M01BO3;INF666M01BP0;10.0100;9.9099;10.0100;10-Dec-2015
135689;Indiabulls Savings Income Fund-Direct Plan-Growth Option;INF666M01BK1;;10.0133;9.9132;10.0133;10-Dec-2015
135692;Indiabulls Savings Income Fund-Regular Plan-Growth Option;INF666M01BN5;;10.0100;9.9099;10.0100;10-Dec-2015

HDFC Mutual Fund
119118;HDFC Hybrid Debt Fund - Growth Option - Direct Plan;INF179K01XE6;;35.6308;35.2745;35.6308;10-Dec-2015
102147;HDFC Hybrid Debt Fund - Growth Plan;INF179K01AE4;;35.172;34.8203;35.172;10-Dec-2015
102148;HDFC Hybrid Debt Fund - IDCW Monthly;INF179K01AA2;INF179K01AB0;13.9192;13.78;13.9192;10-Dec-2015
119119;HDFC Hybrid Debt Fund - IDCW Monthly - Direct Plan;INF179K01XF3;INF179K01XG1;14.1242;13.983;14.1242;10-Dec-2015
102149;HDFC Hybrid Debt Fund - IDCW Quarterly;INF179K01AC8;INF179K01AD6;14.5848;14.439;14.5848;10-Dec-2015
119120;HDFC Hybrid Debt Fund - IDCW Quarterly - Direct Plan;INF179K01XH9;INF179K01XI7;14.8002;14.6522;14.8002;10-Dec-2015
119121;HDFC MF MIP STP -Direct Plan - Growth Option;INF179K01XJ5;;25.3551;25.1015;25.3551;10-Dec-2015
119122;HDFC MF MIP STP -Direct Plan - Monthly Dividend Option;INF179K01XK3;INF179K01XL1;11.6656;11.5489;11.6656;10-Dec-2015
119117;HDFC MF MIP STP-Direct Plan - Quarterly Dividend Option;INF179K01XM9;INF179K01XN7;12.1908;12.0689;12.1908;10-Dec-2015
102144;HDFC MF Monthly Income Plan-Short Term Plan-Growth Option;INF179K01AF1;;24.9499;24.7004;24.9499;10-Dec-2015
102145;HDFC MF Monthly Income Plan-Short Term Plan-Monthly Dividend Option;INF179K01AG9;INF179K01AH7;11.4602;11.3456;11.4602;10-Dec-2015
102146;HDFC MF Monthly Income Plan-Short Term Plan-Quarterly Dividend Option;INF179K01AI5;INF179K01AJ3;11.9784;11.8586;11.9784;10-Dec-2015

HSBC Mutual Fund
120073;HSBC Conservative Hybrid Fund - Direct Growth;INF336L01DW4;;29.8794;29.8794;29.8794;10-Dec-2015
120074;HSBC Conservative Hybrid Fund - Direct Monthly IDCW;INF336L01DX2;INF336L01DY0;14.0746;14.0746;14.0746;10-Dec-2015
120075;HSBC Conservative Hybrid Fund - Direct Quarterly IDCW;INF336L01DZ7;INF336L01EA8;13.9452;13.9452;13.9452;10-Dec-2015
102262;HSBC Conservative Hybrid Fund - Regular Growth;INF336L01099;;29.407;29.407;29.407;10-Dec-2015
102260;HSBC Conservative Hybrid Fund - Regular Monthly IDCW;INF336L01107;INF336L01115;13.1644;13.1644;13.1644;10-Dec-2015
102261;HSBC Conservative Hybrid Fund - Regular Quarterly IDCW;INF336L01123;INF336L01131;13.2632;13.2632;13.2632;10-Dec-2015

ICICI Prudential Mutual Fund
123183;ICICI Prudential Regular Savings Fund - Direct Plan - Bonus;INF109KA1301;;31.8923;31.5734;31.8923;10-Dec-2015
120616;ICICI Prudential Regular Savings Fund - Direct Plan - Growth;INF109K01S39;;31.8973;31.5783;31.8973;10-Dec-2015
120613;ICICI Prudential Regular Savings Fund - Direct Plan - Half Yearly IDCW;INF109K01S47;INF109K01S54;14.2845;14.1417;14.2845;10-Dec-2015
120615;ICICI Prudential Regular Savings Fund - Direct Plan - Monthly IDCW;INF109K01S62;INF109K01S70;14.0899;13.9490;14.0899;10-Dec-2015
120614;ICICI Prudential Regular Savings Fund - Direct Plan - Quarterly IDCW;INF109K01S88;INF109K01S96;12.6541;12.5276;12.6541;10-Dec-2015
128110;ICICI Prudential Regular Savings Fund - Plan - Bonus;INF109KA1319;;13.0307;12.9004;13.0307;10-Dec-2015
102330;ICICI Prudential Regular Savings Fund - Plan - Growth;INF109K01902;;31.1998;30.8878;31.1998;10-Dec-2015
113098;ICICI Prudential Regular Savings Fund - Plan - Half Yearly IDCW;INF109K01IW6;INF109K01WX5;12.1788;12.0570;12.1788;10-Dec-2015
102331;ICICI Prudential Regular Savings Fund - Plan - Monthly IDCW;INF109K01ER5;INF109K01894;13.3137;13.1806;13.3137;10-Dec-2015
113097;ICICI Prudential Regular Savings Fund - Plan - Quarterly IDCW;INF109K01IX4;INF109K01WY3;11.5376;11.4222;11.5376;10-Dec-2015

Invesco Mutual Fund
120554;Invesco India Regular Savings Fund - Direct Plan  - Growth;INF205K01TX7;;1429.3589;1415.0653;1429.3589;10-Dec-2015
120555;Invesco India Regular Savings Fund - Direct Plan - Monthly Dividend;INF205K01TY5;INF205K01TZ2;1028.9683;1018.6786;1028.9683;10-Dec-2015
112887;Invesco India Regular Savings Fund - Growth;INF205K01UA3;;1407.7297;1393.6524;1407.7297;10-Dec-2015
112888;Invesco India Regular Savings Fund - Monthly Dividend;INF205K01UB1;INF205K01UC9;1091.0354;1080.1250;1091.0354;10-Dec-2015

Kotak Mahindra Mutual Fund
114859;Kotak Debt Hybrid - Growth;INF174K01393;;23.8135;23.8135;23.8135;10-Dec-2015
120154;Kotak Debt Hybrid - Growth - Direct;INF174K01JZ1;;24.3422;24.3422;24.3422;10-Dec-2015
114858;Kotak Debt Hybrid - Monthly Payout of Income Distribution cum capital withdrawal option;INF174K01419;INF174K01401;12.1143;12.1143;12.1143;10-Dec-2015
120155;Kotak Debt Hybrid - Monthly Payout of Income Distribution cum capital withdrawal option - Direct;INF174K01KA2;INF174K01KB0;12.2746;12.2746;12.2746;10-Dec-2015
114860;Kotak Debt Hybrid - Quarterly Payout of Income Distribution cum capital withdrawal option;INF174K01435;INF174K01427;13.0264;13.0264;13.0264;10-Dec-2015
120156;Kotak Debt Hybrid - Quarterly Payout of Income Distribution cum capital withdrawal option - Direct;INF174K01KC8;;13.3162;13.3162;13.3162;10-Dec-2015

L&T Mutual Fund
119852;L&T Conservative Hybrid Fund -Direct Plan- Growth;INF917K01GF1;;28.4764;28.1916;28.4764;10-Dec-2015
112487;L&T Conservative Hybrid Fund- Regular Plan - Growth;INF917K01056;;27.9059;27.6268;27.9059;10-Dec-2015
119853;L&T Conservative Hybrid Fund -Direct Plan-Monthly IDCW;INF917K01GH7;INF917K01GG9;11.0244;10.9142;11.0244;10-Dec-2015
112488;L&T Conservative Hybrid Fund -Regular Plan - Monthly IDCW;INF917K01031;INF917K01049;10.8349;10.7266;10.8349;10-Dec-2015
119854;L&T Conservative Hybrid Fund -Direct Plan-Quarterly IDCW;INF917K01GJ3;INF917K01GI5;11.8008;11.6828;11.8008;10-Dec-2015
112489;L&T Conservative Hybrid Fund -Regular Plan -Quarterly IDCW;INF917K01064;INF917K01072;11.5810;11.4652;11.5810;10-Dec-2015

LIC Mutual Fund
120276;LIC MF Conservative Hybrid Fund-Direct Plan-Growth;INF767K01EO7;;44.9041;44.4551;44.9041;10-Dec-2015
120277;LIC MF Conservative Hybrid Fund-Direct Plan-Monthly IDCW;INF767K01EP4;INF767K01ES8;10.4610;10.3564;10.4610;10-Dec-2015
120274;LIC MF Conservative Hybrid Fund-Direct Plan-Quarterly IDCW;INF767K01EQ2;INF767K01ET6;10.6092;10.5031;10.6092;10-Dec-2015
120275;LIC MF Conservative Hybrid Fund-Direct Plan-Yearly IDCW;INF767K01ER0;INF767K01EU4;11.5809;11.4651;11.5809;10-Dec-2015
101869;LIC MF Conservative Hybrid Fund-Regular Plan-Growth;INF767K01808;;44.1736;43.7319;44.1736;10-Dec-2015
101866;LIC MF Conservative Hybrid Fund-Regular Plan-Monthly IDCW;INF767K01816;INF767K01824;10.2900;10.1871;10.2900;10-Dec-2015
101867;LIC MF Conservative Hybrid Fund-Regular Plan-Quarterly IDCW;INF767K01832;INF767K01840;10.6265;10.5202;10.6265;10-Dec-2015
101868;LIC MF Conservative Hybrid Fund-Regular Plan-Yearly IDCW;INF767K01857;INF767K01865;11.4004;11.2864;11.4004;10-Dec-2015

Navi Mutual Fund
113143;Navi Conservative Hybrid  Fund - Quarterly IDCW;INF959L01114;INF959L01122;10.9787;10.9787;10.9787;10-Dec-2015
119157;Navi Conservative Hybrid Fund - Direct Plan Monthly IDCW;INF959L01684;INF959L01692;11.2054;11.2054;11.2054;10-Dec-2015
119158;Navi Conservative Hybrid Fund - Direct Plan Quarterly IDCW;INF959L01700;INF959L01718;11.5922;11.5922;11.5922;10-Dec-2015
113141;Navi Conservative Hybrid Fund - Monthly IDCW;INF959L01098;INF959L01106;10.6160;10.6160;10.6160;10-Dec-2015
119156;Navi Conservative Hybrid Fund-Direct Plan-Growth Option;INF959L01676;;15.8952;15.8952;15.8952;10-Dec-2015
113142;Navi Conservative Hybrid Fund-Growth;INF959L01130;;15.3372;15.3372;15.3372;10-Dec-2015

Nippon India Mutual Fund
118727;NIPPON INDIA CONSERVATIVE HYBRID  FUND - DIRECT Plan - MONTHLY IDCW Option;INF204K01YW2;INF204K01YX0;12.7154;12.5247;12.7154;10-Dec-2015
118729;NIPPON INDIA CONSERVATIVE HYBRID  FUND - DIRECT Plan - QUARTERLY IDCW Option;INF204K01YY8;INF204K01YZ5;12.9600;12.7656;12.9600;10-Dec-2015
118726;Nippon India Conservative Hybrid  Fund - Direct Plan Growth Plan - Growth Option;INF204K01YV4;;34.8501;34.3273;34.8501;10-Dec-2015
102173;NIPPON INDIA CONSERVATIVE HYBRID  FUND - MONTHLY IDCW Option;INF204K01FE9;INF204K01FF6;12.0816;11.9004;12.0816;10-Dec-2015
102174;NIPPON INDIA CONSERVATIVE HYBRID  FUND - QUARTERLY IDCW Option;INF204K01FG4;INF204K01FH2;12.7761;12.5845;12.7761;10-Dec-2015
102172;Nippon India Conservative Hybrid  Fund-Growth Plan;INF204K01FD1;;33.9971;33.4871;33.9971;10-Dec-2015

SBI Mutual Fund
119836;SBI Conservative Hybrid Fund  - Direct Plan - Quarterly Income Distribution cum Capital Withdrawal Option (IDCW);INF200K01TV2;INF200K01TW0;12.5257;12.4004;12.5257;10-Dec-2015
119837;SBI Conservative Hybrid Fund - Direct Plan - Annual Income Distribution cum Capital Withdrawal Option (IDCW);INF200K01TQ2;INF200K01TR0;15.3165;15.1633;15.3165;10-Dec-2015
119839;SBI Conservative Hybrid Fund - Direct Plan - Growth;INF200K01TS8;;31.7559;31.4383;31.7559;10-Dec-2015
119838;SBI Conservative Hybrid Fund - Direct Plan - Monthly Income Distribution cum Capital Withdrawal Option (IDCW);INF200K01TT6;INF200K01TU4;13.8941;13.7552;13.8941;10-Dec-2015
100929;SBI Conservative Hybrid Fund - Regular Plan - Annual Income Distribution cum Capital Withdrawal Option (IDCW);INF200K01909;INF200K01917;13.6667;13.53;13.6667;10-Dec-2015
100968;SBI Conservative Hybrid Fund - Regular Plan - Growth;INF200K01859;;31.0589;30.7483;31.0589;10-Dec-2015
100927;SBI Conservative Hybrid Fund - Regular Plan - Monthly Income Distribution cum Capital Withdrawal Option (IDCW);INF200K01867;INF200K01875;11.8458;11.7273;11.8458;10-Dec-2015
100928;SBI Conservative Hybrid Fund - Regular Plan - Quarterly Income Distribution cum Capital Withdrawal Option (IDCW);INF200K01883;INF200K01891;11.7639;11.6463;11.7639;10-Dec-2015

Sundaram Mutual Fund
102175;Sundaram  Monthly Income Plan-Monthly Dividend;INF903J01HQ8;INF903J01HT2;11.6310;11.6310;11.6310;10-Dec-2015
102176;Sundaram  Monthly Income Plan-Quarterly-Dividend;INF903J01HR6;INF903J01HU0;10.8862;10.8862;10.8862;10-Dec-2015
118331;Sundaram Monthly Income Plan - Moderate Plan - Bonus Option;INF903J01ME4;;13.3080;13.3080;13.3080;10-Dec-2015
119654;Sundaram Monthly Income Plan - Moderate Plan - Direct Plan - Growth Option;INF903J01QH8;;20.4763;20.4763;20.4763;10-Dec-2015
119650;Sundaram Monthly Income Plan - Moderate Plan - Direct Plan - Monthly Dividend Option;INF903J01QK2;INF903J01QL0;11.8812;11.8812;11.8812;10-Dec-2015
119651;Sundaram Monthly Income Plan - Moderate Plan - Direct Plan - Quarterly Dividend Option;INF903J01QM8;INF903J01QN6;11.0334;11.0334;11.0334;10-Dec-2015
102178;Sundaram Monthly Income Plan-Growth;INF903J01HP0;;19.9715;19.9715;19.9715;10-Dec-2015
102177;Sundaram Monthly Income Plan-Half-yearly Dividend;INF903J01HS4;INF903J01HV8;11.0234;11.0234;11.0234;10-Dec-2015
119635;Sundaram Conservative Hybrid Fund (Formerly Known as Sundaram Debt Oriented Hybrid Fund) Direct Plan - Growth;INF903J01OP6;;15.6811;15.6811;15.6811;10-Dec-2015
119637;Sundaram Conservative Hybrid Fund (Formerly Known as Sundaram Debt Oriented Hybrid Fund) Direct Plan -Income Distribution cum Capital Withdrawal (IDCW);INF903J01OR2;INF903J01OU6;13.3381;13.3381;13.3381;10-Dec-2015
112868;Sundaram Conservative Hybrid Fund (Formerly Known as Sundaram Debt Oriented Hybrid Fund) Regular Plan - Growth;INF903J01HB0;;15.5325;15.5325;15.5325;10-Dec-2015
112867;Sundaram Conservative Hybrid Fund (Formerly Known as Sundaram Debt Oriented Hybrid Fund) Regular Plan - Income Distribution cum Capital Withdrawal (IDCW);INF903J01HC8;INF903J01HF1;13.2815;13.2815;13.2815;10-Dec-2015
112870;Sundaram Conservative Hybrid Fund (Formerly Known as Sundaram Debt Oriented Hybrid Fund) Regular Plan -Income Distribution cum Capital Withdrawal (IDCW);INF903J01HD6;INF903J01HG9;13.2614;13.2614;13.2614;10-Dec-2015
112869;Sundaram Conservative Hybrid Fund (Formerly Known as Sundaram Debt Oriented Hybrid Fund) Regular Plan- Income Distribution cum Capital Withdrawal (IDCW);INF903J01HE4;INF903J01HH7;13.0786;13.0786;13.0786;10-Dec-2015
119644;Sundaram Regular Savings Fund - Direct Plan - Growth Option;INF903J01OF7;;14.1972;13.8423;14.1972;10-Dec-2015
112873;Sundaram Regular Savings Fund - DIVIDEND;INF903J01HJ3;INF903J01HM7;11.6931;11.4008;11.6931;10-Dec-2015
112874;Sundaram Regular Savings Fund - GROWTH;INF903J01HI5;;13.9735;13.6242;13.9735;10-Dec-2015
112871;Sundaram Regular Savings Fund - Half-yearly Dividend;INF903J01HL9;INF903J01HO3;11.5558;11.2669;11.5558;10-Dec-2015
112872;Sundaram Regular Savings Fund - Quarterly Dividend;INF903J01HK1;INF903J01HN5;11.3776;11.0932;11.3776;10-Dec-2015
119645;Sundaram Regular Savings Fund - Quarterly Dividend Option;INF903J01OK7;INF903J01OL5;11.3952;11.1103;11.3952;10-Dec-2015

UTI Mutual Fund
102533;UTI Conservative Hybrd Fund - Regular Plan - Monthly Payment Option;INF789F01927;;31.6136;31.6136;31.6136;10-Dec-2015
120789;UTI Conservative Hybrid Fund - Direct Plan - Flexi IDCW;INF789F01UH1;INF789F01UI9;31.1066;31.1066;31.1066;10-Dec-2015
120779;UTI Conservative Hybrid Fund - Direct Plan - Growth Option;INF789F01UJ7;;32.1334;32.1334;32.1334;10-Dec-2015
120778;UTI Conservative Hybrid Fund - Direct Plan - Monthly IDCW;INF789F01UK5;INF789F01UL3;14.7479;14.7479;14.7479;10-Dec-2015
102534;UTI Conservative Hybrid Fund - Regular Plan - Flexi IDCW;INF789F01877;INF789F01885;30.5727;30.5727;30.5727;10-Dec-2015
102535;UTI Conservative Hybrid Fund - Regular Plan - Growth Option;INF789F01893;;31.5976;31.5976;31.5976;10-Dec-2015
102536;UTI Conservative Hybrid Fund - Regular Plan - Monthly IDCW;INF789F01901;INF789F01919;14.4743;14.4743;14.4743;10-Dec-2015

Open Ended Schemes ( Hybrid Scheme - Balanced Hybrid Fund )


Nippon India Mutual Fund
118738;NIPPON INDIA BALANCED ADVANTAGE FUND - DIRECT Plan - IDCW Option;INF204K01G78;INF204K01G86;27.4030;27.1290;27.4030;10-Dec-2015
118737;Nippon India Balanced Advantage Fund - Direct Plan Growth Plan - Bonus Option;INF204K01G60;;9.5234;9.4282;9.5234;10-Dec-2015
118736;Nippon India Balanced Advantage Fund - Direct Plan Growth Plan - Growth Option;INF204K01G94;;64.5231;63.8779;64.5231;10-Dec-2015
102848;NIPPON INDIA BALANCED ADVANTAGE FUND - IDCW Option;INF204K01570;INF204K01588;24.8231;24.5749;24.8231;10-Dec-2015
102847;Nippon India Balanced Advantage Fund-Growth Plan-Bonus Option;INF204K01596;;63.4636;62.8290;63.4636;10-Dec-2015
102846;Nippon India Balanced Advantage Fund-Growth Plan-Growth Option;INF204K01604;;63.4636;62.8290;63.4636;10-Dec-2015

Sundaram Mutual Fund
119542;Sundaram Equity Hybrid Fund Direct Plan - Growth;INF903J01MP0;;62.3581;61.7345;62.3581;10-Dec-2015
119545;Sundaram Equity Hybrid Fund Direct Plan - Income Distribution cum Capital Withdrawal (IDCW);INF903J01MN5;INF903J01MO3;13.6801;13.5433;13.6801;10-Dec-2015
111924;Sundaram Equity Hybrid Fund Institutional Plan - Income Distribution cum Capital Withdrawal (IDCW);INF903J01751;INF903J01769;14.3517;14.2082;14.3517;10-Dec-2015
100617;Sundaram Equity Hybrid Fund Regular Plan - Growth;INF903J01744;;61.4618;60.8472;61.4618;10-Dec-2015
101472;Sundaram Equity Hybrid Fund Regular Plan - Income Distribution cum Capital Withdrawal (IDCW);INF903J01728;INF903J01736;13.4454;13.3109;13.4454;10-Dec-2015

Open Ended Schemes ( Hybrid Scheme - Aggressive Hybrid Fund )


Aditya Birla Sun Life Mutual Fund
120517;Aditya Birla Sun Life Equity Hybrid'95 Fund - Direct Plan-Growth;INF209K01ZC0;;562.21;556.59;562.21;10-Dec-2015
103155;Aditya Birla Sun Life Equity Hybrid'95 Fund - Regular Plan-Growth;INF209K01BT5;;548.42;542.94;548.42;10-Dec-2015
120518;Aditya Birla Sun Life Equity Hybrid'95 Fund -DIRECT - IDCW;INF209KA1LH3;INF209K01ZB2;170.89;169.18;170.89;10-Dec-2015
103154;Aditya Birla Sun Life Equity Hybrid'95 Fund -Regular - IDCW;INF209K01BS7;INF209K01EE1;135.08;133.73;135.08;10-Dec-2015

Baroda BNP Paribas Mutual Fund
101912;BARODA  HYBRID EQUITY FUND - Plan A - Growth Option;INF955L01708;;41.61;41.19;41.61;10-Dec-2015
101913;BARODA HYBRID EQUITY FUND - Plan A - IDCW Option;INF955L01682;INF955L01690;18.98;18.79;18.98;10-Dec-2015
119326;BARODA HYBRID EQUITY FUND - Plan B (Direct) - Growth Option;INF955L01948;;42.86;42.43;42.86;10-Dec-2015
119325;BARODA HYBRID EQUITY FUND - Plan B (Direct) - IDCW Option;INF955L01922;;19.81;19.61;19.81;10-Dec-2015
125112;Baroda Pioneer Hybrid Equity Fund - Plan A - Bonus Option;INF955L01DB5;;41.61;41.19;41.61;10-Dec-2015

Canara Robeco Mutual Fund
118272;CANARA ROBECO EQUITY HYBRID FUND - DIRECT PLAN - GROWTH OPTION;INF760K01EZ8;;112.9600;112.9600;112.9600;10-Dec-2015
118271;CANARA ROBECO EQUITY HYBRID FUND - DIRECT PLAN - MONTHLY IDCW (Payout/Reinvestment);INF760K01EX3;INF760K01EY1;77.8400;77.8400;77.8400;10-Dec-2015
106166;CANARA ROBECO EQUITY HYBRID FUND - REGULAR PLAN - GROWTH OPTION;INF760K01050;;111.8700;111.8700;111.8700;10-Dec-2015
106167;CANARA ROBECO EQUITY HYBRID FUND - REGULAR PLAN - MONTHLY IDCW (Payout/Reinvestment);INF760K01068;INF760K01076;77.0800;77.0800;77.0800;10-Dec-2015

DSP Mutual Fund
119019;DSP Aggressive Hybrid Fund - Direct Plan - Growth;INF740K01NY4;;108.942;107.853;108.942;10-Dec-2015
119020;DSP Aggressive Hybrid Fund - Direct Plan - IDCW;INF740K01NZ1;INF740K01OA2;31.160;30.848;31.160;10-Dec-2015
131086;DSP Aggressive Hybrid Fund - Direct Plan - Quarterly Dividend;INF740K010D5;INF740K011D3;11.480;11.365;11.480;10-Dec-2015
131087;DSP Aggressive Hybrid Fund - Regular Plan - Quarterly Dividend;INF740K018C0;INF740K019C8;11.315;11.202;11.315;10-Dec-2015
100081;DSP Aggressive Hybrid Fund- Regular Plan - Growth;INF740K01318;;106.993;105.923;106.993;10-Dec-2015
100082;DSP Aggressive Hybrid Fund- Regular Plan - IDCW;INF740K01326;INF740K01334;23.763;23.525;23.763;10-Dec-2015

Edelweiss Mutual Fund
118625;Edelweiss Aggressive Hybrid Fund  - Direct Plan - IDCW Option;INF754K01CB6;INF754K01CC4;17.18;17.18;17.18;10-Dec-2015
112013;Edelweiss Aggressive Hybrid Fund  - Plan B - IDCW Option;INF754K01137;INF754K01145;18.94;18.94;18.94;10-Dec-2015
112108;Edelweiss Aggressive Hybrid Fund - Regular Plan - Growth Option;INF754K01202;;18.83;18.83;18.83;10-Dec-2015
112109;Edelweiss Aggressive Hybrid Fund - Regular Plan - IDCW Option;INF754K01178;INF754K01186;16.96;16.96;16.96;10-Dec-2015
112012;Edelweiss Aggressive Hybrid Fund- Plan B-Growth Option;INF754K01160;;18.58;18.58;18.58;10-Dec-2015
118624;Edelweiss Aggressive Hybrid Fund-Direct Plan-Growth Option;INF754K01CE0;;19.02;19.02;19.02;10-Dec-2015

Franklin Templeton Mutual Fund
118546;Franklin India Equity Hybrid Fund - Direct - Growth;INF090I01FZ1;;90.6028;89.6968;90.6028;10-Dec-2015
118547;Franklin India Equity Hybrid Fund - Direct - IDCW ;INF090I01GA2;INF090I01GB0;21.6484;21.4319;21.6484;10-Dec-2015
100550;Franklin India Equity Hybrid Fund - Growth Plan;INF090I01817;;88.6215;87.7353;88.6215;10-Dec-2015
100549;Franklin India Equity Hybrid Fund - IDCW ;INF090I01825;INF090I01833;21.1236;20.9124;21.1236;10-Dec-2015

HDFC Mutual Fund
119062;HDFC Hybrid Equity Fund - Growth Option - Direct Plan;INF179K01XZ1;;42.549;42.124;42.549;10-Dec-2015
102948;HDFC Hybrid Equity Fund - Growth Plan;INF179K01AS4;;41.845;41.427;41.845;10-Dec-2015
119061;HDFC Hybrid Equity Fund - IDCW Option - Direct Plan;INF179K01XX6;INF179K01XY4;14.735;14.588;14.735;10-Dec-2015
102947;HDFC Hybrid Equity Fund - IDCW Plan;INF179K01AQ8;INF179K01AR6;14.462;14.317;14.462;10-Dec-2015

ICICI Prudential Mutual Fund
120251;ICICI Prudential Equity & Debt Fund - Direct Plan - Growth;INF109K01Y07;;92.45;91.53;92.45;10-Dec-2015
131453;ICICI Prudential Equity & Debt Fund - Direct Plan - Half Yearly IDCW;INF109KA1Y19;INF109KA1Y01;10.84;10.73;10.84;10-Dec-2015
120252;ICICI Prudential Equity & Debt Fund - Direct Plan - Monthly IDCW;INF109K01X81;INF109K01X99;24.95;24.70;24.95;10-Dec-2015
100356;ICICI Prudential Equity & Debt Fund - Growth;INF109K01480;;90.05;89.15;90.05;10-Dec-2015
131452;ICICI Prudential Equity & Debt Fund - Half Yearly IDCW;INF109KA1X93;INF109KA1X85;10.81;10.70;10.81;10-Dec-2015
100355;ICICI Prudential Equity & Debt Fund - Monthly IDCW;INF109K01DX5;INF109K01498;21.83;21.61;21.83;10-Dec-2015

JM Financial Mutual Fund
130904;JM Aggressive Hybrid Fund (Direct) - Annual Bonus Option;INF192K01HB8;;37.2875;37.2875;37.2875;10-Dec-2015
131477;JM Aggressive Hybrid Fund (Direct) - Annual IDCW;INF192K01HJ1;INF192K01HK9;26.4034;26.4034;26.4034;10-Dec-2015
133401;JM Aggressive Hybrid Fund (Direct) - Bonus Option - Principal Units;INF192K01GP0;;37.5204;37.5204;37.5204;10-Dec-2015
120484;JM Aggressive Hybrid Fund (Direct) - Growth Option;INF192K01BQ9;;37.3661;37.3661;37.3661;10-Dec-2015
133409;JM Aggressive Hybrid Fund (Direct) - Half Yearly Bonus Option - Principal Units;INF192K01HV6;;37.5204;37.5204;37.5204;10-Dec-2015
133402;JM Aggressive Hybrid Fund (Direct) - Half Yearly IDCW;INF192K01HH5;INF192K01HI3;26.4598;26.4598;26.4598;10-Dec-2015
120483;JM Aggressive Hybrid Fund (Direct) - IDCW;INF192K01BO4;INF192K01BP1;26.2565;26.2565;26.2565;10-Dec-2015
133412;JM Aggressive Hybrid Fund (Direct) - Monthly IDCW;INF192K01HN3;INF192K01HO1;26.4598;26.4598;26.4598;10-Dec-2015
133411;JM Aggressive Hybrid Fund (Direct) - Quarterly Bonus Option - Principal Units;INF192K01HZ7;;37.5204;37.5204;37.5204;10-Dec-2015
133406;JM Aggressive Hybrid Fund (Direct) - Quarterly IDCW;INF192K01HR4;INF192K01HS2;26.4076;26.4076;26.4076;10-Dec-2015
133407;JM Aggressive Hybrid Fund (Regular) - Annual Bonus Option - Principal Units;INF192K01GZ9;;36.2434;36.2434;36.2434;10-Dec-2015
131476;JM Aggressive Hybrid Fund (Regular) - Annual IDCW;INF192K01HF9;INF192K01HG7;25.8406;25.8406;25.8406;10-Dec-2015
133400;JM Aggressive Hybrid Fund (Regular) - Bonus Option - Principal Units;INF192K01GN5;;36.2434;36.2434;36.2434;10-Dec-2015
133403;JM Aggressive Hybrid Fund (Regular) - Half Yearly Bonus Option - Principal Units;INF192K01HT0;;36.2434;36.2434;36.2434;10-Dec-2015
133408;JM Aggressive Hybrid Fund (Regular) - Half Yearly IDCW;INF192K01HD4;INF192K01HE2;25.8388;25.8388;25.8388;10-Dec-2015
100220;JM Aggressive Hybrid Fund (Regular) - IDCW;INF192K01528;INF192K01536;10.0577;10.0577;10.0577;10-Dec-2015
133404;JM Aggressive Hybrid Fund (Regular) - Monthly IDCW;INF192K01HL7;INF192K01HM5;25.8388;25.8388;25.8388;10-Dec-2015
133410;JM Aggressive Hybrid Fund (Regular) - Quarterly Bonus Option - Principal Units;INF192K01HX2;;36.2434;36.2434;36.2434;10-Dec-2015
133405;JM Aggressive Hybrid Fund (Regular) - Quarterly IDCW;INF192K01HP8;INF192K01HQ6;21.0760;21.0760;21.0760;10-Dec-2015
100221;JM Aggressive Hybrid Fund (Regular) -Growth Option;INF192K01544;;35.9604;35.9604;35.9604;10-Dec-2015

Kotak Mahindra Mutual Fund
119767;Kotak Aggressive Hybrid Fund - Direct Plan - IDCW - Payout & Reinvestment of Income Distribution cum  capital withdrawal option;INF174K01LL7;INF174K01LM5;14.931;14.782;14.931;10-Dec-2015
133035;Kotak Aggressive Hybrid Fund - Direct Plan -Growth;INF174K01F00;;18.37;18.186;18.37;10-Dec-2015
100286;Kotak Aggressive Hybrid Fund - Regular Plan - IDCW - Payout & Reinvestment of Income Distribution cum capital withdrawal option;INF174K01450;INF174K01443;14.446;14.302;14.446;10-Dec-2015
133036;Kotak Aggressive Hybrid Fund - Regular Plan -Growth;INF174K01E92;;17.853;17.674;17.853;10-Dec-2015

L&T Mutual Fund
133871;L&T Hybrid Equity Fund - Direct Plan - Annual IDCW;INF917K01TY5;INF917K01TX7;10.468;10.363;10.468;10-Dec-2015
119348;L&T Hybrid Equity Fund - Direct Plan -IDCW;INF917K01LD6;;18.349;18.166;18.349;10-Dec-2015
119347;L&T Hybrid Equity Fund - Direct Plan-Growth;INF917K01LE4;;19.975;19.775;19.975;10-Dec-2015
133870;L&T Hybrid Equity Fund - Regular Plan- Annual IDCW;INF917K01TW9;INF917K01TV1;10.377;10.273;10.377;10-Dec-2015
118191;L&T Hybrid Equity Fund- Regular Plan - Growth;INF917K01LB0;;19.434;19.240;19.434;10-Dec-2015
118192;L&T Hybrid Equity Fund- Regular Plan - IDCW;INF917K01KZ1;INF917K01LA2;17.334;17.161;17.334;10-Dec-2015

LIC Mutual Fund
120261;LIC MF Aggressive Hybrid Fund-Direct Plan-Growth;INF767K01ED0;;80.1328;79.3315;80.1328;10-Dec-2015
120260;LIC MF Aggressive Hybrid Fund-Direct Plan-IDCW;INF767K01EC2;INF767K01EE8;13.5785;13.4427;13.5785;10-Dec-2015
100323;LIC MF Aggressive Hybrid Fund-Regular Plan-Growth;INF767K01030;;78.6804;77.8936;78.6804;10-Dec-2015
100321;LIC MF Aggressive Hybrid Fund-Regular Plan-IDCW;INF767K01022;INF767K01014;13.3287;13.1954;13.3287;10-Dec-2015

Mirae Asset Mutual Fund
134813;Mirae Asset Aggressive Hybrid Fund - Direct Plan - Growth;INF769K01DH9;;9.738;9.543;9.738;10-Dec-2015
134814;Mirae Asset Aggressive Hybrid Fund - Direct Plan - IDCW;INF769K01DI7;INF769K01DJ5;9.738;9.543;9.738;10-Dec-2015
134815;Mirae Asset Aggressive Hybrid Fund - Regular Plan - Growth;INF769K01DE6;;9.687;9.493;9.687;10-Dec-2015
134816;Mirae Asset Aggressive Hybrid Fund - Regular Plan - IDCW;INF769K01DF3;INF769K01DG1;9.687;9.493;9.687;10-Dec-2015

Nippon India Mutual Fund
118794;Nippon India Aggressive Hybrid Fund  - Direct Plan Growth Plan;INF204K01B08;;40.8908;40.4819;40.8908;10-Dec-2015
118793;NIPPON INDIA AGGRESSIVE HYBRID FUND - DIRECT Plan - IDCW Option;INF204K01B16;INF204K01B24;19.9072;19.7081;19.9072;10-Dec-2015
122766;NIPPON INDIA AGGRESSIVE HYBRID FUND - DIRECT Plan - QUARTERLY IDCW Option;INF204K011R2;INF204K012R0;14.1895;14.0476;14.1895;10-Dec-2015
112936;Nippon India Aggressive Hybrid Fund - Growth Plan;INF204K01FW1;;39.9130;39.5139;39.9130;10-Dec-2015
112937;NIPPON INDIA AGGRESSIVE HYBRID FUND - IDCW Option;INF204K01FX9;INF204K01FY7;17.1371;16.9657;17.1371;10-Dec-2015
122765;NIPPON INDIA AGGRESSIVE HYBRID FUND - QUARTERLY IDCW Option;INF204K013R8;INF204K014R6;14.3555;14.2119;14.3555;10-Dec-2015

Principal Mutual Fund
119484;Principal Hybrid Equity Fund- Direct Plan - Growth Option;INF173K01FE6;;50.91;50.40;50.91;10-Dec-2015
101266;Principal Hybrid Equity Fund- Monthly Income Distribution CUM Capital Withdrawal;INF173K01CI4;INF173K01CJ2;22.78;22.55;22.78;10-Dec-2015
119485;Principal Hybrid Equity Fund-Direct Plan - Monthly Income Distribution CUM Capital Withdrawal Option;INF173K01FB2;INF173K01FC0;25.36;25.11;25.36;10-Dec-2015
101265;Principal Hybrid Equity Fund-Growth;INF173K01CL8;;49.72;49.22;49.72;10-Dec-2015

quant Mutual Fund
101070;quant Aggressive Hybrid Fund - Growth Option - Regular Plan;INF966L01267;;100.6564;99.6498;100.6564;10-Dec-2015
120819;quant Aggressive Hybrid Fund-Growth Option-Direct Plan;INF966L01556;;101.0670;100.0563;101.0670;10-Dec-2015
101069;quant Aggressive Hybrid Fund-IDCW Option - Regular Plan;INF966L01242;INF966L01259;17.4078;17.2337;17.4078;10-Dec-2015
120818;quant Aggressive Hybrid Fund-IDCW Option-Direct Plan;INF966L01531;INF966L01549;17.5655;17.3898;17.5655;10-Dec-2015

SBI Mutual Fund
119609;SBI EQUITY HYBRID FUND - DIRECT PLAN - Growth;INF200K01RY0;;96.3626;95.399;96.3626;10-Dec-2015
119604;SBI Equity Hybrid Fund - Direct Plan - Income Distribution cum Capital Withdrawal Option (IDCW);INF200K01RW4;INF200K01RX2;38.1687;37.787;38.1687;10-Dec-2015
101551;SBI Equity Hybrid Fund - Regular Plan - Income Distribution cum Capital Withdrawal Option (IDCW);INF200K01115;INF200K01123;27.1317;26.8604;27.1317;10-Dec-2015
102885;SBI EQUITY HYBRID FUND - REGULAR PLAN -Growth;INF200K01107;;94.3225;93.3793;94.3225;10-Dec-2015

Shriram Mutual Fund
125711;Shriram Aggressive Hybrid Fund- Direct Growth;INF680P01042;;12.7058;12.5787;12.7058;10-Dec-2015
125712;Shriram Aggressive Hybrid Fund- Direct- IDCW;INF680P01059;INF680P01067;10.1417;10.0403;10.1417;10-Dec-2015
125713;Shriram Aggressive Hybrid Fund- Regular Growth;INF680P01018;;12.5628;12.4372;12.5628;10-Dec-2015
125714;Shriram Aggressive Hybrid Fund- Regular-IDCW;INF680P01026;INF680P01034;10.0432;9.9428;10.0432;10-Dec-2015

Tata Mutual Fund
119053;Tata Hybrid Equity Fund -Direct Plan- Growth Option;INF277K01MN2;;166.9263;165.2570;166.9263;10-Dec-2015
119057;Tata Hybrid Equity Fund- Direct Plan - Monthly Payout of IDCW Option;INF277K01MO0;INF277K01MP7;65.2344;64.5821;65.2344;10-Dec-2015
119058;Tata Hybrid Equity Fund- Direct Plan - Periodic Payout of IDCW Option;INF277K01ML6;INF277K01MM4;77.0825;76.3117;77.0825;10-Dec-2015
100414;Tata Hybrid Equity Fund- Regular Plan - Growth Option;INF277K01303;;164.1754;162.5336;164.1754;10-Dec-2015
113134;Tata Hybrid Equity Fund- Regular Plan - Monthly Payout of IDCW Option;INF277K01CS2;INF277K01CW4;63.9704;63.3307;63.9704;10-Dec-2015
101222;Tata Hybrid Equity Fund- Regular Plan - Periodic Payout of IDCW Option;INF277K01DB6;INF277K01295;75.6181;74.8619;75.6181;10-Dec-2015

UTI Mutual Fund
120673;UTI Aggressive Hybrid Fund - Direct Plan - IDCW;INF789F01SI3;INF789F01SJ1;27.4668;27.4668;27.47;10-Dec-2015
100684;UTI Aggressive Hybrid Fund - Regular Plan - Growth;INF789F01323;;123.3511;123.3511;123.35;10-Dec-2015
100685;UTI Aggressive Hybrid Fund - Regular Plan - IDCW;INF789F01307;INF789F01315;27.1741;27.1741;27.17;10-Dec-2015
120674;UTI Aggressive Hybrid Fund -Direct Plan - Growth;INF789F01SK9;;124.5195;124.5195;124.52;10-Dec-2015

Open Ended Schemes ( Hybrid Scheme - Dynamic Asset Allocation or Balanced Advantage )


Aditya Birla Sun Life Mutual Fund
131670;Aditya Birla Sun Life Balanced Advantage Fund - Direct Plan - Growth Option;INF084M01DJ5;;37.12;36.75;37.12;10-Dec-2015
131666;Aditya Birla Sun Life Balanced Advantage Fund - Regular Plan - Growth Option;INF084M01AB8;;36.29;35.93;36.29;10-Dec-2015
131671;Aditya Birla Sun Life Balanced Advantage Fund -DIRECT - IDCW;INF084M01DK3;INF084M01DL1;17.54;17.36;17.54;10-Dec-2015
131665;Aditya Birla Sun Life Balanced Advantage Fund -REGULAR - IDCW;INF084M01AC6;INF084M01AD4;17.12;16.95;17.12;10-Dec-2015

Bandhan Mutual Fund
131355;BANDHAN Balanced Advantage Fund Direct Plan Growth;INF194KA1UH1;;10.5997;10.5997;10.5997;10-Dec-2015
131356;BANDHAN Balanced Advantage Fund Direct Plan IDCW;INF194KA1UI9;INF194KA1UJ7;10.4900;10.4900;10.4900;10-Dec-2015
131357;BANDHAN Balanced Advantage Fund Regular Plan Growth;INF194KA1UE8;;10.4263;10.4263;10.4263;10-Dec-2015
131354;BANDHAN Balanced Advantage Fund Regular Plan IDCW;INF194KA1UF5;INF194KA1UG3;10.3265;10.3265;10.3265;10-Dec-2015

Bank of India Mutual Fund
127852;BANK OF INDIA BALANCED ADVANTAGE FUND  DIRECT PLAN IDCW;INF761K01BM0;INF761K01BN8;11.7688;11.7688;11.7688;10-Dec-2015
127851;BANK OF INDIA BALANCED ADVANTAGE FUND  REGULAR PLAN IDCW;INF761K01BP3;INF761K01BQ1;10.6061;10.6061;10.6061;10-Dec-2015
127850;BANK OF INDIA BALANCED ADVANTAGE FUND DIRECT PLAN  GROWTH;INF761K01BO6;;12.4865;12.4865;12.4865;10-Dec-2015
127849;BANK OF INDIA BALANCED ADVANTAGE FUND REGULAR PLAN  GROWTH;INF761K01BR9;;12.4089;12.4089;12.4089;10-Dec-2015

DSP Mutual Fund
126393;DSP Dynamic Asset Allocation Fund - Direct Plan - Growth;INF740K01K81;;11.8836;11.7648;11.8836;10-Dec-2015
126391;DSP Dynamic Asset Allocation Fund - Direct Plan - IDCW - Monthly;INF740K01K99;INF740K01L07;10.1482;10.0467;10.1482;10-Dec-2015
126394;DSP Dynamic Asset Allocation Fund - Regular Plan - Growth;INF740K01K57;;11.6927;11.5758;11.6927;10-Dec-2015
126392;DSP Dynamic Asset Allocation Fund - Regular Plan - IDCW - Monthly;INF740K01K65;INF740K01K73;9.9715;9.8718;9.9715;10-Dec-2015

Edelweiss Mutual Fund
118614;Edelweiss Balanced Advantage Fund - Direct Plan - Quarterly - IDCW Option;INF754K01BP8;INF754K01BQ6;14.14;14.00;14.14;10-Dec-2015
112117;Edelweiss Balanced Advantage Fund - Regular Plan - Growth Option;INF754K01285;;18.06;17.88;18.06;10-Dec-2015
112118;Edelweiss Balanced Advantage Fund - Regular Plan - Quarterly - IDCW Option;INF754K01251;INF754K01269;12.75;12.62;12.75;10-Dec-2015
118615;Edelweiss Balanced Advantage Fund -Direct Plan-Growth Option;INF754K01BS2;;18.31;18.13;18.31;10-Dec-2015

HDFC Mutual Fund
100119;HDFC Balanced Advantage Fund - Growth Plan;INF179K01830;;127.088;125.817;127.088;10-Dec-2015
118968;HDFC Balanced Advantage Fund - Growth Plan - Direct Plan;INF179K01WA6;;128.885;127.596;128.885;10-Dec-2015
100120;HDFC Balanced Advantage Fund - IDCW Plan;INF179K01814;INF179K01822;28.831;28.543;28.831;10-Dec-2015
118969;HDFC Balanced Advantage Fund - IDCW Plan - Direct Plan;INF179K01VY8;INF179K01VZ5;29.288;28.995;29.288;10-Dec-2015

HSBC Mutual Fund
106671;HSBC Dynamic Asset Allocation Fund - Dividend;INF336L01404;INF336L01396;13.0047;13.0047;13.0047;10-Dec-2015
106670;HSBC Dynamic Asset Allocation Fund - Growth;INF336L01412;;13.0047;13.0047;13.0047;10-Dec-2015
120041;HSBC Dynamic Asset Allocation Fund-Dividend Direct;INF336L01CE4;INF336L01CF1;13.283;13.283;13.283;10-Dec-2015
120042;HSBC Dynamic Asset Allocation Fund-Growth Direct;INF336L01CG9;;13.283;13.283;13.283;10-Dec-2015

ICICI Prudential Mutual Fund
120377;ICICI Prudential Balanced Advantage Fund - Direct Plan -  Growth;INF109K012B0;;26.47;26.21;26.47;10-Dec-2015
120376;ICICI Prudential Balanced Advantage Fund - Direct Plan -  IDCW;INF109K010B4;INF109K011B2;17.48;17.31;17.48;10-Dec-2015
122236;ICICI Prudential Balanced Advantage Fund - Direct Plan - Monthly IDCW;INF109K016W7;INF109K015W9;13.68;13.54;13.68;10-Dec-2015
131451;ICICI Prudential Balanced Advantage Fund - Direct Plan - Quarterly IDCW;INF109KA1Y50;INF109KA1Y43;10.86;10.75;10.86;10-Dec-2015
104685;ICICI Prudential Balanced Advantage Fund - Growth;INF109K01BH2;;25.71;25.45;25.71;10-Dec-2015
104686;ICICI Prudential Balanced Advantage Fund - IDCW;INF109K01EG8;INF109K01BG4;15.19;15.04;15.19;10-Dec-2015
122168;ICICI Prudential Balanced Advantage Fund - Monthly IDCW;INF109K018W3;INF109K017W5;13.27;13.14;13.27;10-Dec-2015
131450;ICICI Prudential Balanced Advantage Fund - Quarterly IDCW;INF109KA1Y35;INF109KA1Y27;10.65;10.54;10.65;10-Dec-2015

Invesco Mutual Fund
120333;Invesco India Balanced Advantage Fund - Direct Plan - Growth;INF205K01LN5;;22.02;21.80;22.02;10-Dec-2015
120332;Invesco India Balanced Advantage Fund - Direct Plan - IDCW (Payout / Reinvestment);INF205K01LL9;INF205K01LM7;18.28;18.10;18.28;10-Dec-2015
106317;Invesco India Balanced Advantage Fund - Growth;INF205K01213;;21.17;20.96;21.17;10-Dec-2015
106316;Invesco India Balanced Advantage Fund - IDCW (Payout / Reinvestment);INF205K01239;INF205K01221;18.23;18.05;18.23;10-Dec-2015

L&T Mutual Fund
119298;L&T Balanced Advantage Fund-Direct Plan-Growth;INF917K01IN1;;19.941;19.742;19.941;10-Dec-2015
119297;L&T Balanced Advantage Fund-Direct Plan-IDCW;INF917K01IM3;INF917K01IL5;18.499;18.314;18.499;10-Dec-2015
118194;L&T Balanced Advantage Fund-Regular Plan-Growth;INF917K01KY4;;19.445;19.251;19.445;10-Dec-2015
118193;L&T Balanced Advantage Fund-Regular Plan-IDCW;INF917K01KW8;INF917K01KX6;18.015;17.835;18.015;10-Dec-2015

Principal Mutual Fund
119482;Principal Balanced Advantage Fund - Direct Plan - Growth Option;INF173K01FI7;;16.89;16.72;16.89;10-Dec-2015
119483;Principal Balanced Advantage Fund - Direct Plan - Monthly Income Distribution CUM Capital Withdrawal Option;INF173K01FF3;INF173K01FG1;16.12;15.96;16.12;10-Dec-2015
114301;Principal Balanced Advantage Fund - Growth Option;INF173K01585;;16.49;16.33;16.49;10-Dec-2015
114302;Principal Balanced Advantage Fund - Monthly Income Distribution CUM Capital Withdrawal Option;INF173K01551;INF173K01569;14.92;14.77;14.92;10-Dec-2015

SBI Mutual Fund
134110;SBI Dynamic Asset Allocation Fund - Direct Plan - Growth;INF200KA1671;;9.8161;9.7179;9.8161;10-Dec-2015
134109;SBI Dynamic Asset Allocation Fund - Regular Plan - Growth;INF200KA1648;;9.7755;9.6777;9.7755;10-Dec-2015
134111;SBI Dynamic Asset Allocation Fund- Direct Plan - Income Distribution cum Capital Withdrawal Option (IDCW);INF200KA1689;INF200KA1697;9.8158;9.7176;9.8158;10-Dec-2015
134108;SBI Dynamic Asset Allocation Fund- Regular Plan - Income Distribution cum Capital Withdrawal Option (IDCW);INF200KA1655;INF200KA1663;9.7755;9.6777;9.7755;10-Dec-2015

UTI Mutual Fund
100646;UTI - Unit Linked Insurance Plan;;;19.4444;19.4444;19.4444;10-Dec-2015
120784;UTI - Unit Linked Insurance Plan- Direct;;;19.7281;19.7281;19.7281;10-Dec-2015

Open Ended Schemes ( Hybrid Scheme - Multi Asset Allocation )


Axis Mutual Fund
120524;Axis Multi Asset Allocation Fund - Direct Plan - Growth Option;INF846K01EV4;;15.0592;14.9086;15.0592;10-Dec-2015
120523;Axis Multi Asset Allocation Fund - Direct Plan - Monthly IDCW;INF846K01ET8;INF846K01EU6;12.9674;12.8377;12.9674;10-Dec-2015
113064;Axis Multi Asset Allocation Fund - Regular Plan - Growth Option;INF846K01768;;14.6155;14.4693;14.6155;10-Dec-2015
113065;Axis Multi Asset Allocation Fund - Regular Plan - Monthly IDCW;INF846K01776;INF846K01784;11.9206;11.8014;11.9206;10-Dec-2015

HDFC Mutual Fund
103131;HDFC Multi-Asset Fund - Growth Option;INF179K01AP0;;25.406;25.1519;25.406;10-Dec-2015
119131;HDFC Multi-Asset Fund - Growth Option - Direct Plan;INF179K01XW8;;25.8523;25.5938;25.8523;10-Dec-2015
103130;HDFC Multi-Asset Fund - IDCW Option;INF179K01AN5;INF179K01AO3;11.9301;11.8108;11.9301;10-Dec-2015
119130;HDFC Multi-Asset Fund - IDCW Option - Direct Plan;INF179K01XU2;INF179K01XV0;12.5706;12.4449;12.5706;10-Dec-2015

ICICI Prudential Mutual Fund
120334;ICICI Prudential Multi-Asset Fund - Direct Plan - Growth;INF109K015K4;;180.7312;178.9239;180.7312;10-Dec-2015
120335;ICICI Prudential Multi-Asset Fund - Direct Plan - IDCW;INF109K013K9;INF109K014K7;21.2989;21.0859;21.2989;10-Dec-2015
101144;ICICI Prudential Multi-Asset Fund - Growth;INF109K01761;;176.7935;175.0256;176.7935;10-Dec-2015
101143;ICICI Prudential Multi-Asset Fund - IDCW;INF109K01ED5;INF109K01779;19.8667;19.6680;19.8667;10-Dec-2015
115269;ICICI Prudential Multi-Asset Fund- Institutional Growth Option;INF109K01TN2;;17.0455;16.8750;17.0455;10-Dec-2015
104898;ICICI Prudential Multi-Asset Fund-Institutional Option - I;INF109K01787;;28.9973;28.7073;28.9973;10-Dec-2015

Navi Mutual Fund
119174;Navi 3 IN 1 FUND - Direct Plan Monthly IDCW Payout;INF959L01551;INF959L01569;14.6995;14.6995;14.6995;10-Dec-2015
119175;Navi 3 IN 1 FUND - Direct Plan Quarterly IDCW Payout;INF959L01577;INF959L01585;14.6698;14.6698;14.6698;10-Dec-2015
114854;Navi 3 IN 1 FUND - MONTHLY IDCW Payout;INF959L01023;INF959L01049;14.3797;14.3797;14.3797;10-Dec-2015
115101;Navi 3 IN 1 FUND - QUARTERLY IDCW Payout;INF959L01031;INF959L01056;14.3733;14.3733;14.3733;10-Dec-2015
119176;Navi 3 in 1 Fund-Direct Plan-Growth Option;INF959L01544;;14.8010;14.8010;14.8010;10-Dec-2015
114855;Navi 3 in 1 Fund-Growth;INF959L01015;;14.3754;14.3754;14.3754;10-Dec-2015

quant Mutual Fund
120820;quant Multi Asset Allocation Fund - IDCW Option - Direct Plan;INF966L01564;INF966L01572;27.3267;27.1901;27.3267;10-Dec-2015
101071;quant Multi Asset Allocation Fund - IDCW Option - Regular Plan;INF966L01184;INF966L01192;27.3267;27.1901;27.3267;10-Dec-2015
101072;quant Multi Asset Allocation Fund-GROWTH OPTION - Regular Plan;INF966L01200;;29.8519;29.7026;29.8519;10-Dec-2015
120821;quant Multi Asset Allocation Fund-GROWTH OPTION-Direct Plan;INF966L01580;;29.8519;29.7026;29.8519;10-Dec-2015

SBI Mutual Fund
119840;SBI Multi Asset Allocation Fund - Direct Plan - Annual Income Distribution cum Capital Withdrawal Option (IDCW);INF200K01TX8;INF200K01TY6;14.957;14.8074;14.957;10-Dec-2015
119843;SBI MULTI ASSET ALLOCATION FUND - DIRECT PLAN - GROWTH;INF200K01TZ3;;21.5413;21.3259;21.5413;10-Dec-2015
119841;SBI Multi Asset Allocation Fund - Direct Plan - Monthly Income Distribution cum Capital Withdrawal Option (IDCW);INF200K01UA4;INF200K01UB2;11.9179;11.7987;11.9179;10-Dec-2015
119842;SBI Multi Asset Allocation Fund - Direct Plan - Quarterly Income Distribution cum Capital Withdrawal Option (IDCW);INF200K01UC0;INF200K01UD8;12.8666;12.7379;12.8666;10-Dec-2015
103409;SBI Multi Asset Allocation Fund - Regular Plan - Annual Income Distribution cum Capital Withdrawal Option (IDCW);INF200K01784;INF200K01792;14.7255;14.5782;14.7255;10-Dec-2015
103408;SBI MULTI ASSET ALLOCATION FUND - REGULAR PLAN - GROWTH;INF200K01800;;21.211;20.9989;21.211;10-Dec-2015
103400;SBI Multi Asset Allocation Fund - Regular Plan - Monthly Income Distribution cum Capital Withdrawal Option (IDCW);INF200K01818;INF200K01826;11.7739;11.6562;11.7739;10-Dec-2015
103401;SBI Multi Asset Allocation Fund - Regular Plan - Quarterly Income Distribution cum Capital Withdrawal Option (IDCW);INF200K01834;INF200K01842;12.1454;12.0239;12.1454;10-Dec-2015

Sundaram Mutual Fund
119573;Sundaram Multi Asset Fund Direct Dividend;INF903J01NO1;INF903J01NP8;11.6909;11.5740;11.6909;10-Dec-2015
119572;Sundaram Multi Asset Fund Direct Growth;INF903J01NQ6;;12.7127;12.5856;12.7127;10-Dec-2015
115242;Sundaram Multi Asset Fund Dividend Payout;INF903J01CL0;INF903J01CM8;11.4819;11.3671;11.4819;10-Dec-2015
115241;Sundaram Multi Asset Fund Growth;INF903J01CK2;;12.4725;12.3478;12.4725;10-Dec-2015

Union Mutual Fund
119328;Union Asset Allocation Fund - Direct Plan - Dividend Option;INF582M01948;INF582M01930;12.8779;12.8135;12.8779;10-Dec-2015
119327;Union Asset Allocation Fund - Direct Plan - Growth Option;INF582M01922;;12.8779;12.8135;12.8779;10-Dec-2015
117394;Union Asset Allocation Fund - Dividend Option;INF582M01484;INF582M01476;12.6354;12.5722;12.6354;10-Dec-2015
117393;Union Asset Allocation Fund - Growth Option;INF582M01468;;12.6354;12.5722;12.6354;10-Dec-2015

UTI Mutual Fund
120760;UTI Multi Asset Allocation Fund - Direct Plan - Growth Option;INF789F01VE6;;26.7562;26.7562;26.76;10-Dec-2015
120761;UTI Multi Asset Allocation Fund - Direct Plan - IDCW;INF789F01VC0;INF789F01VD8;16.4561;16.4561;16.46;10-Dec-2015
111599;UTI Multi Asset Allocation Fund - Regular Plan - Growth Option;INF789F01AP6;;26.2687;26.2687;26.27;10-Dec-2015
111602;UTI Multi Asset Allocation Fund - Regular Plan - IDCW;INF789F01AN1;INF789F01AO9;16.1101;16.1101;16.11;10-Dec-2015

Open Ended Schemes ( Hybrid Scheme - Arbitrage Fund )


Aditya Birla Sun Life Mutual Fund
119526;Aditya Birla Sun Life Arbitrage Fund - Growth - Direct Plan;INF209K01VP1;;15.7946;15.7156;15.7946;10-Dec-2015
112088;Aditya BIRLA SUN LIFE ARBITRAGE FUND - REGULAR PLAN - GROWTH;INF209K01264;;15.5905;15.5125;15.5905;10-Dec-2015
119525;Aditya Birla Sun Life Arbitrage Fund-DIRECT - IDCW;INF209K01P80;INF209K01VQ9;10.9954;10.9404;10.9954;10-Dec-2015
112087;Aditya Birla Sun Life Arbitrage Fund-Regular - IDCW;INF209K01256;INF209K01CI6;10.8572;10.8029;10.8572;10-Dec-2015

Axis Mutual Fund
130773;Axis Arbitrage Fund - Direct Plan - Growth;INF846K01PZ1;;11.1246;11.0968;11.1246;10-Dec-2015
130774;Axis Arbitrage Fund - Direct Plan - Monthly IDCW;INF846K01QA2;INF846K01QB0;10.6443;10.6177;10.6443;10-Dec-2015
130771;Axis Arbitrage Fund - Regular Plan - Growth;INF846K01QC8;;10.9991;10.9716;10.9991;10-Dec-2015
130776;Axis Arbitrage Fund - Regular Plan - Monthly IDCW;INF846K01QD6;INF846K01QE4;10.4319;10.4058;10.4319;10-Dec-2015

Bandhan Mutual Fund
108844;BANDHAN Arbitrage Fund - Plan B - Dividend;INF194K01623;INF194K01631;14.5483;14.5483;14.5483;10-Dec-2015
108846;BANDHAN Arbitrage Fund - Plan B - Growth;INF194K01615;;19.7684;19.7684;19.7684;10-Dec-2015
133680;BANDHAN Arbitrage Fund - Regular Plan - Annual IDCW;INF194KA1YD2;INF194KA1YE0;10.6098;10.6098;10.6098;10-Dec-2015
108845;BANDHAN Arbitrage Fund - Regular Plan - Growth;INF194K01649;;19.1499;19.1499;19.1499;10-Dec-2015
108847;BANDHAN Arbitrage Fund - Regular Plan - Monthly IDCW;INF194K01656;INF194K01664;12.5484;12.5484;12.5484;10-Dec-2015
118474;BANDHAN Arbitrage Fund-Direct Plan- Growth;INF194K01Y60;;19.4173;19.4173;19.4173;10-Dec-2015
133679;BANDHAN Arbitrage Fund-Direct Plan-Annual IDCW;INF194KA1YG5;INF194KA1YH3;10.6532;10.6532;10.6532;10-Dec-2015
118475;BANDHAN Arbitrage Fund-Direct Plan-Monthly IDCW;INF194K01Y78;INF194K01Y86;12.8555;12.8555;12.8555;10-Dec-2015

Edelweiss Mutual Fund
130209;Edelweiss Arbitrage Fund - Direct Plan - IDCW Option;INF754K01EB2;INF754K01EC0;10.3700;10.3441;10.3700;10-Dec-2015
130207;Edelweiss Arbitrage Fund - Regular Plan - IDCW Option;INF754K01EG1;INF754K01EH9;10.3593;10.3334;10.3593;10-Dec-2015
130206;Edelweiss Arbitrage Fund- Direct Plan- Growth Option;INF754K01EA4;;11.2832;11.2550;11.2832;10-Dec-2015
130208;Edelweiss Arbitrage Fund- Regular Plan -Bonus Option;INF754K01EJ5;;11.2289;11.2008;11.2289;10-Dec-2015
130205;Edelweiss Arbitrage Fund- Regular Plan- Growth Option;INF754K01EF3;;11.2289;11.2008;11.2289;10-Dec-2015

Groww Mutual Fund
133181;Groww Arbitrage Fund (formerly known as Indiabulls Arbitrage Fund) - Direct Plan - Growth Option;INF666M01AW8;;10.8718;10.8446;10.8718;10-Dec-2015
133184;Groww Arbitrage Fund (formerly known as Indiabulls Arbitrage Fund) - Regular Plan - Growth Option;INF666M01BA2;;10.7997;10.7727;10.7997;10-Dec-2015
133182;Indiabulls Arbitrage Fund - Direct Plan - Dividend Option;;;10.4128;10.3868;10.4128;10-Dec-2015
133185;Indiabulls Arbitrage Fund - Regular Plan - Dividend Option;;;10.3416;10.3157;10.3416;10-Dec-2015

HDFC Mutual Fund
118931;HDFC ARBITRAGE FUND - Growth Option - Direct Plan;INF179K01UU8;;18.016;17.971;18.016;10-Dec-2015
118930;HDFC ARBITRAGE FUND - Quarterly IDCW Option - Direct Plan;INF179K01UV6;INF179K01UW4;13.652;13.618;13.652;10-Dec-2015
106796;HDFC ARBITRAGE FUND - Retail Growth Option;INF179K01319;;17.845;17.8;17.845;10-Dec-2015
106799;HDFC ARBITRAGE FUND - Retail IDCW Option;;;13.252;13.219;13.252;10-Dec-2015
106797;HDFC ARBITRAGE FUND - Retail Quarterly IDCW Option;INF179K01327;;12.682;12.65;12.682;10-Dec-2015
106793;HDFC ARBITRAGE FUND - Wholesale Growth Option;INF179K01343;;18.151;18.106;18.151;10-Dec-2015
129052;HDFC ARBITRAGE FUND - Wholesale Growth Option - Direct Plan;INF179KA1KT6;;11.365;11.337;11.365;10-Dec-2015
106795;HDFC ARBITRAGE FUND - Wholesale IDCW Option;INF179KA1KM1;INF179KA1KL3;10.433;10.407;10.433;10-Dec-2015
129053;HDFC ARBITRAGE FUND - Wholesale IDCW Option - Direct Plan;INF179KA1KQ2;INF179KA1KP4;10.587;10.561;10.587;10-Dec-2015
129054;HDFC ARBITRAGE FUND - Wholesale Monthly IDCW - Direct Plan;INF179KA1KS8;INF179KA1KR0;10.36;10.334;10.36;10-Dec-2015
129051;HDFC ARBITRAGE FUND - Wholesale Monthly IDCW Option  ;INF179KA1KO7;INF179KA1KN9;10.807;10.78;10.807;10-Dec-2015

ICICI Prudential Mutual Fund
104684;ICICI Prudential Equity - Arbitrage Fund-Institutional Growth Option;INF109K01BD1;;20.2760;20.1746;20.2760;10-Dec-2015
130898;ICICI Prudential Equity Arbitrage Fund - Bonus;INF109KA1C15;;10.9989;10.9439;10.9989;10-Dec-2015
120364;ICICI Prudential Equity Arbitrage Fund - Direct Plan - Growth;INF109K016O4;;20.3045;20.2030;20.3045;10-Dec-2015
120365;ICICI Prudential Equity Arbitrage Fund - Direct Plan - IDCW;INF109K017O2;INF109K015O6;14.2135;14.1424;14.2135;10-Dec-2015
130951;ICICI Prudential Equity Arbitrage Fund - Direct Plan Bonus;INF109KA1C07;;11.0472;10.9920;11.0472;10-Dec-2015
104683;ICICI Prudential Equity Arbitrage Fund - Growth;INF109K01BF6;;20.0135;19.9134;20.0135;10-Dec-2015
104681;ICICI Prudential Equity Arbitrage Fund - IDCW;INF109K01EF0;INF109K01BE9;13.7458;13.6771;13.7458;10-Dec-2015

Invesco Mutual Fund
130788;Invesco India Arbitrage Fund - Annual Bonus;INF205K01P50;;18.5988;18.5058;18.5988;10-Dec-2015
122785;Invesco India Arbitrage Fund - Bonus Option;INF205K01VF0;;12.3996;12.3376;12.3996;10-Dec-2015
130787;Invesco India Arbitrage Fund - Direct Plan - Annual Bonus;INF205K01P68;;18.9295;18.8349;18.9295;10-Dec-2015
122784;Invesco India Arbitrage Fund - Direct Plan - Bonus Option;INF205K01VO2;;12.6197;12.5566;12.6197;10-Dec-2015
120401;Invesco India Arbitrage Fund - Direct Plan - Growth Option;INF205K01KR8;;18.9296;18.8350;18.9296;10-Dec-2015
120400;Invesco India Arbitrage Fund - Direct Plan - IDCW (Payout / Reinvestment);INF205K01KP2;INF205K01KQ0;12.9515;12.8867;12.9515;10-Dec-2015
105603;Invesco India Arbitrage Fund - Growth Option;INF205K01122;;18.5987;18.5057;18.5987;10-Dec-2015
105604;Invesco India Arbitrage Fund - IDCW (Payout / Reinvestment);INF205K01148;INF205K01130;12.6334;12.5702;12.6334;10-Dec-2015

JM Financial Mutual Fund
133395;JM Arbitrage Fund (Direct) - Annual Bonus Option - Principal Units;INF192K01GX4;;10.5453;10.4926;10.5453;10-Dec-2015
135173;JM Arbitrage Fund (Direct) - Annual IDCW;INF192K01KY4;INF192K01KZ1;11.0522;10.9969;11.0522;10-Dec-2015
130604;JM Arbitrage Fund (Direct) - Bonus Option - Principal Units;INF192K01GL9;;10.9870;10.9321;10.9870;10-Dec-2015
120482;JM Arbitrage Fund (Direct) - Growth Option;INF192K01BN6;;20.4909;20.3884;20.4909;10-Dec-2015
133397;JM Arbitrage Fund (Direct) - Half Yearly Bonus Option - Principal Units;INF192K01ID2;;20.4741;20.3717;20.4741;10-Dec-2015
135171;JM Arbitrage Fund (Direct) - Half Yearly IDCW;INF192K01KU2;INF192K01KV0;11.0522;10.9969;11.0522;10-Dec-2015
135172;JM Arbitrage Fund (Direct) - Monthly IDCW;INF192K01KM9;INF192K01KN7;11.0397;10.9845;11.0397;10-Dec-2015
133398;JM Arbitrage Fund (Direct) - Quarterly Bonus Option - Principal Units;INF192K01IH3;;20.4741;20.3717;20.4741;10-Dec-2015
135174;JM Arbitrage Fund (Direct) - Quarterly IDCW;INF192K01KQ0;INF192K01KR8;11.0522;10.9969;11.0522;10-Dec-2015
120481;JM Arbitrage Fund (Direct)- IDCW;INF192K01BL0;INF192K01BM8;10.7458;10.6921;10.7458;10-Dec-2015
133394;JM Arbitrage Fund (Regular) - Annual Bonus Option - Principal Units;INF192K01GV8;;20.2250;20.1239;20.2250;10-Dec-2015
135167;JM Arbitrage Fund (Regular) - Annual IDCW;INF192K01KW8;INF192K01KX6;10.7464;10.6927;10.7464;10-Dec-2015
130603;JM Arbitrage Fund (Regular) - Bonus Option - Principal Units;INF192K01GJ3;;10.9714;10.9165;10.9714;10-Dec-2015
103780;JM Arbitrage Fund (Regular) - Growth Option;INF192K01510;;20.1806;20.0797;20.1806;10-Dec-2015
133399;JM Arbitrage Fund (Regular) - Half Yearly Bonus Option - Principal Units;INF192K01IB6;;20.2590;20.1577;20.2590;10-Dec-2015
135170;JM Arbitrage Fund (Regular) - Half Yearly IDCW;INF192K01KS6;INF192K01KT4;10.7464;10.6927;10.7464;10-Dec-2015
103781;JM Arbitrage Fund (Regular) - IDCW ;INF192K01494;INF192K01502;10.4411;10.3889;10.4411;10-Dec-2015
135168;JM Arbitrage Fund (Regular) - Monthly IDCW;INF192K01KK3;INF192K01KL1;10.7416;10.6879;10.7416;10-Dec-2015
133396;JM Arbitrage Fund (Regular) - Quarterly Bonus Option - Principal Units;INF192K01IF7;;20.2590;20.1577;20.2590;10-Dec-2015
135169;JM Arbitrage Fund (Regular) - Quarterly IDCW;INF192K01KO5;INF192K01KP2;10.7464;10.6927;10.7464;10-Dec-2015

Kotak Mahindra Mutual Fund
119770;Kotak  Arbitrage Fund - Direct Plan - IDCW -Payout &  Reinvestment of Income Distribution cum capital withdrawal option;INF174K01LE2;INF174K01LD4;10.8941;10.8396;10.8941;10-Dec-2015
133034;Kotak  Arbitrage Fund -Payout of Income Distribution cum capital withdrawal option Bimonthly;INF174K01F18;INF174K01F34;19.9995;19.8995;19.9995;10-Dec-2015
133033;Kotak Arbitrage Fund -  Payout of Income Distribution cum capital withdrawal option-Bimonthly Direct;INF174K01F26;INF174K01F42;20.1942;20.0932;20.1942;10-Dec-2015
119771;Kotak Arbitrage Fund - Direct Plan - Growth;INF174K01LC6;;21.9053;21.7958;21.9053;10-Dec-2015
105968;Kotak Arbitrage Fund - Regular Plan - Growth;INF174K01302;;21.5842;21.4763;21.5842;10-Dec-2015
105967;Kotak Arbitrage Fund - Regular Plan - IDCW - Payout & Re-investment of Income Distribution cum capital withdrawal option;INF174K01328;INF174K01310;10.7511;10.6973;10.7511;10-Dec-2015

L&T Mutual Fund
130453;L&T Arbitrage Opportunities Fund - Direct Plan - Bonus;INF917K01QW5;;11.249;11.193;11.249;10-Dec-2015
130450;L&T Arbitrage Opportunities Fund - Direct Plan - Growth;INF917K01QR5;;11.249;11.193;11.249;10-Dec-2015
130447;L&T Arbitrage Opportunities Fund - Direct Plan - Monthly IDCW;INF917K01QT1;INF917K01QS3;10.285;10.234;10.285;10-Dec-2015
130448;L&T Arbitrage Opportunities Fund - Direct Plan - Quarterly IDCW;INF917K01QV7;INF917K01QU9;10.476;10.424;10.476;10-Dec-2015
130451;L&T Arbitrage Opportunities Fund - Regular Plan - Bonus;INF917K01QQ7;;11.150;11.094;11.150;10-Dec-2015
130446;L&T Arbitrage Opportunities Fund - Regular Plan - Growth;INF917K01QL8;;11.150;11.094;11.150;10-Dec-2015
130452;L&T Arbitrage Opportunities Fund - Regular Plan - Monthly IDCW;INF917K01QN4;INF917K01QM6;10.218;10.167;10.218;10-Dec-2015
130449;L&T Arbitrage Opportunities Fund - Regular Plan - Quarterly IDCW;INF917K01QP9;INF917K01QO2;10.402;10.350;10.402;10-Dec-2015

Nippon India Mutual Fund
118587;NIPPON INDIA ARBITRAGE FUND - DIRECT Plan - IDCW Option;INF204K01YA8;INF204K01YB6;12.2537;12.2231;12.2537;10-Dec-2015
128821;NIPPON INDIA ARBITRAGE FUND - DIRECT Plan - MONTHLY IDCW Option;INF204KA1MV7;INF204KA1MW5;10.5988;10.5723;10.5988;10-Dec-2015
118585;Nippon India Arbitrage Fund - Direct Plan Growth Plan - Growth Option;INF204K01XZ7;;15.6761;15.6369;15.6761;10-Dec-2015
113345;Nippon India Arbitrage Fund - Growth Plan - Growth Option;INF204K01IY1;;15.4807;15.4420;15.4807;10-Dec-2015
113346;NIPPON INDIA ARBITRAGE FUND - IDCW Option;INF204K01IZ8;INF204K01JA9;11.9142;11.8844;11.9142;10-Dec-2015
128820;NIPPON INDIA ARBITRAGE FUND - MONTHLY IDCW Option;INF204KA1MT1;INF204KA1MU9;10.4954;10.4692;10.4954;10-Dec-2015

SBI Mutual Fund
119574;SBI Arbitrage Opportunities Fund - Direct Plan - Gr;INF200K01QU0;;20.0827;19.9823;20.0827;10-Dec-2015
119567;SBI Arbitrage Opportunities Fund - Direct Plan - Income Distribution cum Capital Withdrawal Option (IDCW);INF200K01QS4;INF200K01QT2;13.7813;13.7124;13.7813;10-Dec-2015
104457;SBI Arbitrage Opportunities Fund - Regular Plan - Gr;INF200K01156;;19.8249;19.7258;19.8249;10-Dec-2015
104458;SBI Arbitrage Opportunities Fund - Regular Plan - Income Distribution cum Capital Withdrawal Option (IDCW);INF200K01131;INF200K01149;13.0928;13.0273;13.0928;10-Dec-2015

UTI Mutual Fund
120795;UTI Arbitrage Fund - Direct Plan - Growth Option;INF789FB1RG6;;20.6729;0;20.6729;10-Dec-2015
120796;UTI Arbitrage Fund - Direct Plan - IDCW;INF789FB1RE1;INF789FB1RF8;16.0311;0;16.0311;10-Dec-2015
104075;UTI Arbitrage Fund - Regular Plan - Growth Option;INF789FB1RJ0;;20.4275;0;20.4275;10-Dec-2015
104074;UTI Arbitrage Fund - Regular Plan - IDCW;INF789FB1RH4;INF789FB1RI2;15.6378;0;15.6378;10-Dec-2015

Open Ended Schemes ( Hybrid Scheme - Equity Savings )


Aditya Birla Sun Life Mutual Fund
132996;Aditya Birla Sun Life Equity Savings Fund - Direct - IDCW;INF209KA1TQ7;INF209KA1TR5;10.21;10.06;10.21;10-Dec-2015
132995;Aditya Birla Sun Life Equity Savings Fund - Direct Plan - Growth;INF209KA1TP9;;10.41;10.25;10.41;10-Dec-2015
132997;Aditya Birla Sun Life Equity Savings Fund - Regular - IDCW;INF209KA1TT1;INF209KA1TU9;10.10;9.95;10.10;10-Dec-2015
132998;Aditya Birla Sun Life Equity Savings Fund - Regular Plan - Growth;INF209KA1TS3;;10.30;10.15;10.30;10-Dec-2015

Axis Mutual Fund
135120;Axis Equity Savings Fund - Direct Plan - Growth;INF846K01VJ3;;9.88;9.78;9.88;10-Dec-2015
135121;Axis Equity Savings Fund - Direct Plan - Monthly IDCW;INF846K01VK1;INF846K01VL9;9.87;9.77;9.87;10-Dec-2015
135124;Axis Equity Savings Fund - Direct Plan - Quarterly IDCW;INF846K01VM7;INF846K01VN5;9.88;9.78;9.88;10-Dec-2015
135122;Axis Equity Savings Fund - Regular Plan - Growth;INF846K01VO3;;9.84;9.74;9.84;10-Dec-2015
135123;Axis Equity Savings Fund - Regular Plan - Monthly IDCW;INF846K01VP0;INF846K01VQ8;9.84;9.74;9.84;10-Dec-2015
135125;Axis Equity Savings Fund - Regular Plan - Quarterly IDCW;INF846K01VR6;INF846K01VS4;9.84;9.74;9.84;10-Dec-2015

Bandhan Mutual Fund
108995;BANDHAN Equity Savings Fund - Regular Plan - Growth;INF194K01581;;16.7973;16.7973;16.7973;10-Dec-2015
108992;BANDHAN Equity Savings Fund - Regular Plan - Monthly IDCW;INF194K01599;INF194K01607;11.9254;11.9254;11.9254;10-Dec-2015
133682;BANDHAN Equity Savings Fund - Regular Plan -Annual IDCW;INF194KA1XX2;INF194KA1XY0;10.3748;10.3748;10.3748;10-Dec-2015
108993;BANDHAN Equity Savings Fund -B-DIVIDEND;INF194K01565;INF194K01573;12.1317;12.1317;12.1317;10-Dec-2015
133681;BANDHAN Equity Savings Fund-Direct Plan-Annual IDCW;INF194KA1YA8;INF194KA1YB6;10.3796;10.3796;10.3796;10-Dec-2015
118477;BANDHAN Equity Savings Fund-Direct Plan-Growth;INF194K01Z02;;17.0087;17.0087;17.0087;10-Dec-2015
118476;BANDHAN Equity Savings Fund-Direct Plan-Monthly IDCW;INF194K01Z10;INF194K01Z28;12.1333;12.1333;12.1333;10-Dec-2015

HDFC Mutual Fund
119128;HDFC Equity Savings Fund - Growth Option - Direct Plan;INF179K01XT4;;26.6106;26.3445;26.6106;10-Dec-2015
101585;HDFC Equity Savings Fund - GROWTH PLAN;INF179K01AM7;;26.2609;25.9983;26.2609;10-Dec-2015
119129;HDFC Equity Savings Fund - IDCW Option - Direct Plan;INF179K01XR8;INF179K01XS6;11.4258;11.3115;11.4258;10-Dec-2015
101586;HDFC Equity Savings Fund - IDCW PLAN;INF179K01AK1;INF179K01AL9;11.2641;11.1515;11.2641;10-Dec-2015

ICICI Prudential Mutual Fund
133051;ICICI Prudential Equity Savings Fund - Cumulative option;INF109KA14I5;;10.27;10.17;10.27;10-Dec-2015
133054;ICICI Prudential Equity Savings Fund - Direct Plan - Cumulative option;INF109KA11J9;;10.37;10.27;10.37;10-Dec-2015
133056;ICICI Prudential Equity Savings Fund - Direct Plan - Half Yearly IDCW;INF109KA14J3;INF109KA17J6;10.13;10.03;10.13;10-Dec-2015
133049;ICICI Prudential Equity Savings Fund - Direct Plan - Monthly IDCW;INF109KA12J7;INF109KA15J0;10.09;9.99;10.09;10-Dec-2015
133052;ICICI Prudential Equity Savings Fund - Direct Plan - Quarterly IDCW;INF109KA13J5;INF109KA16J8;10.13;10.03;10.13;10-Dec-2015
133057;ICICI Prudential Equity Savings Fund - Half Yearly IDCW;INF109KA17I8;INF109KA10J1;10.06;9.96;10.06;10-Dec-2015
133050;ICICI Prudential Equity Savings Fund - Monthly IDCW;INF109KA15I2;INF109KA18I6;9.99;9.89;9.99;10-Dec-2015
133053;ICICI Prudential Equity Savings Fund - Quarterly IDCW;INF109KA16I0;INF109KA19I4;10.11;10.01;10.11;10-Dec-2015

IDBI Mutual Fund
114982;IDBI Equity Savings Fund Growth Option;INF397L01315;;14.2303;14.0880;14.2303;10-Dec-2015
118452;IDBI Equity Savings Fund Growth Option Direct;INF397L01AZ5;;14.4245;14.2803;14.4245;10-Dec-2015
114630;IDBI Equity Savings Fund IDCW Option;INF397L01257;INF397L01265;12.1165;11.9953;12.1165;10-Dec-2015
118453;IDBI Equity Savings Fund IDCW Option Direct;INF397L01BA6;INF397L01BB4;11.5375;11.4221;11.5375;10-Dec-2015
118454;IDBI Equity Savings Fund Option Direct;INF397L01BD0;INF397L01BE8;0.0000;0.0000;0.0000;10-Dec-2015
114983;IDBI Equity Savings Fund Quarterly IDCW Option;INF397L01281;INF397L01299;11.6499;11.5334;11.6499;10-Dec-2015

Kotak Mahindra Mutual Fund
131373;Kotak Equity Savings Fund - Direct - Growth;INF174K01D28;;10.8997;10.8997;10.8997;10-Dec-2015
131375;Kotak Equity Savings Fund - Direct - Monthly Payout of Income Distribution cum capital withdrawal option;INF174K01D36;INF174K01D51;10.332;10.332;10.332;10-Dec-2015
131377;Kotak Equity Savings Fund - Direct - Quarterly Payout of Income Distribution cum capital withdrawal option;INF174K01D44;INF174K01D69;10.4445;10.4445;10.4445;10-Dec-2015
131372;Kotak Equity Savings Fund - Regular - Growth;INF174K01C78;;10.8201;10.8201;10.8201;10-Dec-2015
131374;Kotak Equity Savings Fund - Regular - Monthly Payout of Income Distribution cum capital withdrawal option;INF174K01C86;INF174K01D02;10.2972;10.2972;10.2972;10-Dec-2015
131376;Kotak Equity Savings Fund - Regular - QuarterlyPayout of Income Distribution cum capital withdrawal option;INF174K01C94;INF174K01D10;10.3963;10.3963;10.3963;10-Dec-2015

L&T Mutual Fund
119802;L&T Equity Savings Fund - Direct Plan-Growth;INF917K01GE4;;14.649;14.503;14.649;10-Dec-2015
119803;L&T Equity Savings Fund - Direct Plan-Monthly IDCW;INF917K01GA2;;11.557;11.441;11.557;10-Dec-2015
115887;L&T Equity Savings Fund - Regular Plan - Growth;INF917K01AA5;;14.337;14.194;14.337;10-Dec-2015
115883;L&T Equity Savings Fund - Regular Plan - Monthly IDCW;INF917K01965;INF917K01973;11.929;11.810;11.929;10-Dec-2015
115886;L&T Equity Savings Fund - Regular Plan - Quarterly IDCW;INF917K01981;INF917K01999;11.531;11.416;11.531;10-Dec-2015
119801;L&T Equity Savings Fund- Direct Plan-Quarterly IDCW;INF917K01GD6;INF917K01GC8;11.918;11.799;11.918;10-Dec-2015

Nippon India Mutual Fund
134597;NIPPON INDIA EQUITY SAVINGS FUND - Direct Plan - IDCW Option;INF204KA1W93;INF204KA1X01;10.1587;10.0571;10.1587;10-Dec-2015
134599;NIPPON INDIA EQUITY SAVINGS FUND - Direct Plan - MONTHLY IDCW Option;INF204KA1X35;INF204KA1X43;10.1587;10.0571;10.1587;10-Dec-2015
134601;NIPPON INDIA EQUITY SAVINGS FUND - Direct Plan - QUARTERLY IDCW Option;INF204KA1X19;INF204KA1X27;10.1587;10.0571;10.1587;10-Dec-2015
134596;NIPPON INDIA EQUITY SAVINGS FUND - IDCW Option;INF204KA1W10;INF204KA1W28;10.1049;10.0039;10.1049;10-Dec-2015
134598;NIPPON INDIA EQUITY SAVINGS FUND - MONTHLY IDCW Option;INF204KA1W51;INF204KA1W69;10.1049;10.0039;10.1049;10-Dec-2015
134600;NIPPON INDIA EQUITY SAVINGS FUND - QUARTERLY IDCW Option;INF204KA1W36;INF204KA1W44;10.1049;10.0039;10.1049;10-Dec-2015
134595;Nippon India Equity Savings Fund- Direct Plan- Growth Plan- Bonus Option;INF204KA1W85;;10.1587;10.0571;10.1587;10-Dec-2015
134594;Nippon India Equity Savings Fund- Direct Plan- Growth Plan-Growth Option;INF204KA1W77;;10.1587;10.0571;10.1587;10-Dec-2015
134602;Nippon India Equity Savings Fund- Growth Plan- Bonus Option;INF204KA1W02;;10.1049;10.0039;10.1049;10-Dec-2015
134593;Nippon India Equity Savings Fund- Growth Plan- Growth Option;INF204KA1V94;;10.1049;10.0039;10.1049;10-Dec-2015

Principal Mutual Fund
119472;Principal Equity Savings Fund - Direct Plan - Growth Option;INF173K01GZ9;;29.0793;28.7885;29.0793;10-Dec-2015
119470;Principal Equity Savings Fund - Direct Plan - Income Distribution CUM Capital Withdrawal Option - Half Yearly;INF173K01HC6;INF173K01HD4;10.9011;10.7921;10.9011;10-Dec-2015
101498;Principal Equity Savings Fund - Growth Option;INF173K01213;;28.4400;28.1556;28.4400;10-Dec-2015
101499;Principal Equity Savings Fund - Half Yearly Income Distribution CUM Capital Withdrawal;INF173K01247;INF173K01254;10.7354;10.6280;10.7354;10-Dec-2015
101500;Principal Equity Savings Fund -Quaterly Income Distribution CUM Capital Withdrawal;INF173K01262;INF173K01270;12.2580;12.1354;12.2580;10-Dec-2015
119471;Principal Equity Savings Fund- Direct Plan - Income Distribution CUM Capital Withdrawal Option - Quaterly;INF173K01HF9;INF173K01HG7;12.5384;12.4130;12.5384;10-Dec-2015

SBI Mutual Fund
134643;SBI Equity Savings Fund - Direct Plan - Growth;INF200KA1DF3;;10.267;10.1643;10.267;10-Dec-2015
134641;SBI Equity Savings Fund - Direct Plan - Monthly Income Distribution cum Capital Withdrawal Option (IDCW);INF200KA1DG1;INF200KA1DH9;10.1432;10.0418;10.1432;10-Dec-2015
134640;SBI Equity Savings Fund - Direct Plan - Quarterly Income Distribution cum Capital Withdrawal Option (IDCW);INF200KA1DI7;INF200KA1DJ5;10.2626;10.16;10.2626;10-Dec-2015
134644;SBI Equity Savings Fund - Regular Plan - Growth;INF200KA1DA4;;10.1662;10.0645;10.1662;10-Dec-2015
134639;SBI Equity Savings Fund - Regular Plan - Monthly Income Distribution cum Capital Withdrawal Option (IDCW);INF200KA1DB2;INF200KA1DC0;10.0465;9.946;10.0465;10-Dec-2015
134642;SBI Equity Savings Fund - Regular Plan - Quarterly Income Distribution cum Capital Withdrawal Option (IDCW);INF200KA1DD8;INF200KA1DE6;10.166;10.0643;10.166;10-Dec-2015

Tata Mutual Fund
101906;Tata Equity Savings Fund -Regular Plan-Growth Option;INF277K01907;;26.4183;26.1541;26.4183;10-Dec-2015
119960;Tata Equity Savings Fund- Direct Plan- Growth Option;INF277K01QH5;;27.1141;26.8430;27.1141;10-Dec-2015
102118;Tata Equity Savings Fund- Regular Plan - Periodic Payout of IDCW Option;INF277K01EF5;INF277K01915;13.4020;13.2680;13.4020;10-Dec-2015
101609;TATA Equity Savings Fund- Regular Plan -Monthly Payout of IDCW option;INF277K01EE8;INF277K01899;13.3753;13.2415;13.3753;10-Dec-2015
119958;Tata Equity Savings Fund-Direct Plan - Monthly Payout of IDCW Option;INF277K01QI3;INF277K01QJ1;13.5308;13.3955;13.5308;10-Dec-2015
119959;Tata Equity Savings Fund-Direct Plan - Periodic Payout of IDCWS Option;INF277K01QK9;INF277K01QL7;13.9222;13.7830;13.9222;10-Dec-2015

Open Ended Schemes ( Solution Oriented Scheme - Retirement Fund )


Franklin Templeton Mutual Fund
118548;Franklin India  PENSION PLAN - Direct - Growth;INF090I01JZ3;;99.9936;99.9936;99.9936;10-Dec-2015
118549;Franklin India Pension Plan - Direct - IDCW ;INF090I01KA4;INF090I01KB2;18.1539;18.1539;18.1539;10-Dec-2015
100535;Franklin India Pension Plan - IDCW ;INF090I01528;INF090I01536;17.8157;17.8157;17.8157;10-Dec-2015
100536;Franklin India Pension Plan-Growth;INF090I01510;;98.1626;98.1626;98.1626;10-Dec-2015

Nippon India Mutual Fund
133570;NIPPON INDIA RETIREMENT FUND - INCOME GENERATION SCHEME - Direct Plan - IDCW Option;INF204KA1C71;;10.3471;10.2436;10.3471;10-Dec-2015
133571;NIPPON INDIA RETIREMENT FUND - INCOME GENERATION SCHEME - IDCW Option;INF204KA1C63;;10.2190;10.1168;10.2190;10-Dec-2015
133569;Nippon India Retirement Fund- Income Generation Scheme- Direct Plan- Growth Plan - Growth Option;INF204KA1C30;;10.3471;10.2436;10.3471;10-Dec-2015
133629;Nippon India Retirement Fund- Income Generation Scheme- Direct Plan-Growth Plan- Bonus Option;INF204KA1C55;;10.3471;10.2436;10.3471;10-Dec-2015
133628;Nippon India Retirement Fund- Income Generation Scheme- Growth Plan- Bonus Option;INF204KA1C48;;10.2190;10.1168;10.2190;10-Dec-2015
133572;Nippon India Retirement Fund- Income Generation Scheme-Growth Plan - Growth Option;INF204KA1C22;;10.2190;10.1168;10.2190;10-Dec-2015
133566;NIPPON INDIA RETIREMENT FUND - WEALTH CREATION SCHEME - Direct Plan - IDCW Option;INF204KA1C14;;9.9431;9.8437;9.9431;10-Dec-2015
133567;NIPPON INDIA RETIREMENT FUND - WEALTH CREATION SCHEME - IDCW Option;INF204KA1C06;;9.8179;9.7197;9.8179;10-Dec-2015
133568;Nippon India Retirement Fund- Wealth Creation Scheme- Direct Plan- Growth Plan - Growth Option;INF204KA1B72;;9.9431;9.8437;9.9431;10-Dec-2015
133630;Nippon India Retirement Fund- Wealth Creation Scheme- Direct Plan-Growth Plan- Bonus Option;INF204KA1B98;;9.9431;9.8437;9.9431;10-Dec-2015
133565;Nippon India Retirement Fund- Wealth Creation Scheme- Growth Plan - Growth Option;INF204KA1B64;;9.8179;9.7197;9.8179;10-Dec-2015
133631;Nippon India Retirement Fund- Wealth Creation Scheme- Growth Plan- Bonus Option;INF204KA1B80;;9.8179;9.7197;9.8179;10-Dec-2015

Tata Mutual Fund
119256;Tata Retirement Savings Fund- Conservative Plan-Direct Plan-Growth Option;INF277K01QM5;;15.4204;15.4204;15.4204;10-Dec-2015
115944;Tata Retirement Savings Fund- Conservative Plan-Regular Plan-Growth Option;INF277K01FI6;;14.8906;14.8906;14.8906;10-Dec-2015
119255;Tata Retirement Savings Fund- Moderate Plan -Direct Plan-Growth Option;INF277K01QN3;;20.6935;20.0727;20.6935;10-Dec-2015
115943;Tata Retirement Savings Fund- Moderate Plan-Regular Plan-Growth Option;INF277K01FH8;;19.8288;19.2339;19.8288;10-Dec-2015
115942;Tata Retirement Savings Fund - Progressive Plan -Regular Plan-Growth Option;INF277K01FG0;;18.6308;18.0719;18.6308;10-Dec-2015
119251;Tata Retirement Savings Fund- Progressive Plan -Direct Plan-Growth Option;INF277K01QO1;;19.6059;19.0177;19.6059;10-Dec-2015

UTI Mutual Fund
100682;UTI Retirement Fund - Regular Plan;;;19.9643;19.9643;19.9643;10-Dec-2015
120766;UTI Retirement Fund- Direct Plan;;;20.2689;20.2689;20.2689;10-Dec-2015

Open Ended Schemes ( Solution Oriented Scheme - Children’s Fund )


HDFC Mutual Fund
119066;HDFC Childrens Fund - Direct Plan;;;83.077;80.585;83.077;10-Dec-2015
100900;HDFC Childrens Fund - Growth Plan;;;81.506;79.061;81.506;10-Dec-2015
119067;HDFC Childrens Fund Savings Plan-Direct Plan;;;37.2425;36.1252;37.2425;10-Dec-2015
100899;HDFC Childrens Fund-Savings;;;36.3656;35.2746;36.3656;10-Dec-2015

ICICI Prudential Mutual Fund
101127;ICICI Prudential Child Care Fund (Gift Plan) - Cumulative;INF109K01605;;100.03;99.03;100.03;10-Dec-2015
120579;ICICI Prudential Child Care Fund (Gift Plan) - Direct Plan - Cumulative;INF109K01Y49;;102.13;101.11;102.13;10-Dec-2015

LIC Mutual Fund
120285;LIC MF Children's Fund-Direct Plan-Growth;INF767K01FB1;;14.5047;14.3597;14.5047;10-Dec-2015
101271;LIC MF Children's Fund-Regular Plan-Growth;INF767K01048;;14.1656;14.0239;14.1656;10-Dec-2015

SBI Mutual Fund
119719;SBI Magnum Children's Benefit Fund - Savings Plan - DIRECT PLAN - GROWTH;INF200K01QR6;;38.4076;37.2554;38.4076;10-Dec-2015
101169;SBI Magnum Children's Benefit Fund - Savings Plan - REGULAR PLAN - GROWTH;INF200K01776;;37.4119;36.2895;37.4119;10-Dec-2015

Tata Mutual Fund
101491;Tata Young Citizens' Fund -Regular Plan-Growth Option;INF277K01AJ5;;20.6484;20.4419;20.6484;10-Dec-2015
119312;Tata Young Citizens' Fund-Direct Plan-Growth Option;INF277K01QW4;;21.2358;21.0234;21.2358;10-Dec-2015
101490;Tata Young Citizen Fund [>3 years upto 7 years] Regular Plan;;;20.6484;20.2354;20.6484;10-Dec-2015
101489;Tata Young Citizen Fund [Upto 3 years] Regular Plan;;;20.6484;20.0289;20.6484;10-Dec-2015
119299;Tata Young Citizens' Fund [> 3 years upto 7 years]-Direct Plan Growth;;;21.2358;20.8111;21.2358;10-Dec-2015
119296;Tata Young Citizens' Fund [Upto 3 years]-Direct Plan Growth;;;21.2358;20.5987;21.2358;10-Dec-2015

UTI Mutual Fund
120724;UTI Children's Equity Fund - Direct Plan - Growth Option;;;25.549;25.549;25.549;10-Dec-2015
120725;UTI Children's Equity Fund - Direct Plan - IDCW;;;25.5844;25.5844;25.5844;10-Dec-2015
102267;UTI Children's Equity Fund - Regular Plan - Growth Option;;;25.1744;25.1744;25.1744;10-Dec-2015
102266;UTI Children's Equity Fund - Regular Plan - IDCW;;;25.1744;25.1744;25.1744;10-Dec-2015
120771;UTI Children's Hybrid Fund - Direct Plan;;;17.7501;17.7501;17.7501;10-Dec-2015
100678;UTI Children's Hybrid Fund - Regular Plan;;;17.6929;17.6929;17.6929;10-Dec-2015

Open Ended Schemes ( Other Scheme - Index Funds )


Aditya Birla Sun Life Mutual Fund
119648;Aditya Birla Sun Life Nifty 50 Index Fund - Growth - Direct Plan;INF209K01VY3;;75.1391;74.3877;75.1391;10-Dec-2015
101314;Aditya Birla Sun Life Nifty 50 Index Fund - Growth - Regular Plan;INF209K01LB2;;75.3717;74.6180;75.3717;10-Dec-2015
119649;Aditya Birla Sun Life Nifty 50 Index Fund -DIRECT - IDCW;INF209K01VX5;;11.9475;11.8280;11.9475;10-Dec-2015
101313;Aditya Birla Sun Life Nifty 50 Index Fund -REGULAR - IDCW;INF209K01LA4;INF209K01LC0;11.7685;11.6508;11.7685;10-Dec-2015

Bandhan Mutual Fund
112877;BANDHAN Nifty 50 Index Fund - Regular Plan - Growth;INF194K01920;;15.3944;15.3944;15.3944;10-Dec-2015
112878;BANDHAN Nifty 50 Index Fund - Regular Plan - IDCW;INF194K01938;INF194K01946;15.5154;15.5154;15.5154;10-Dec-2015
118482;BANDHAN Nifty 50 Index Fund-Direct Plan-Growth;INF194K012A8;;15.4228;15.4228;15.4228;10-Dec-2015
118483;BANDHAN Nifty 50 Index Fund-Direct Plan-IDCW;INF194K013A6;INF194K014A4;15.5546;15.5546;15.5546;10-Dec-2015

Franklin Templeton Mutual Fund
118580;Franklin India INDEX FUND- NSE Nifty 50 Index Fund - Direct - IDCW;INF090I01GQ8;INF090I01GR6;61.4452;60.8307;61.4452;10-Dec-2015
100484;Franklin India Index Fund- NSE Nifty 50 Index Fund - Growth;INF090I01890;;60.8692;60.2605;60.8692;10-Dec-2015
105067;Franklin India INDEX FUND- NSE NIFTY 50 INDEX FUND - IDCW;INF090I01874;INF090I01882;60.8692;60.2605;60.8692;10-Dec-2015
118581;Franklin India INDEX FUND- NSE NIFTY 50 INDEX FUND- Direct - Growth;INF090I01GS4;;61.4452;60.8307;61.4452;10-Dec-2015

HDFC Mutual Fund
119065;HDFC BSE Sensex Index Fund - Direct Plan;INF179K01WN9;;218.4476;216.2631;218.4476;10-Dec-2015
101281;HDFC BSE Sensex Index Fund - Growth Plan;INF179K01LA9;;216.9049;214.7359;216.9049;10-Dec-2015
119063;HDFC Nifty 50 Index Fund - Direct Plan;INF179K01WM1;;68.2342;67.5519;68.2342;10-Dec-2015
101525;HDFC Nifty 50 Index Fund - Growth Plan;INF179K01KZ8;;67.8759;67.1971;67.8759;10-Dec-2015

ICICI Prudential Mutual Fund
101349;ICICI Prudential Nifty 50 Index Fund - Cumulative Option;INF109K01PI0;;73.4372;73.2536;73.4372;10-Dec-2015
120620;ICICI Prudential Nifty 50 Index Fund - Direct Plan Cumulative Option;INF109K012M7;;74.3136;74.1278;74.3136;10-Dec-2015
135391;ICICI Prudential Nifty 50 Index Fund - Direct Plan IDCW Option;INF109KB1NL1;INF109KB1NM9;9.9923;9.9673;9.9923;10-Dec-2015
135390;ICICI Prudential Nifty 50 Index Fund - IDCW Option;INF109KB1NN7;INF109KB1NO5;9.7873;9.7628;9.7873;10-Dec-2015
120684;ICICI Prudential Nifty Next 50 Index Fund - Direct Plan -  Growth;INF109K01Y80;;16.9423;16.8999;16.9423;10-Dec-2015
120683;ICICI Prudential Nifty Next 50 Index Fund - Direct Plan -  IDCW;INF109K01Y64;INF109K01Y72;16.9370;16.8947;16.9370;10-Dec-2015
112957;ICICI Prudential Nifty Next 50 Index Fund - Growth;INF109K01IF1;;16.7167;16.6749;16.7167;10-Dec-2015
112958;ICICI Prudential Nifty Next 50 Index Fund -IDCW;INF109K01PR1;INF109K01IE4;16.7167;16.6749;16.7167;10-Dec-2015

IDBI Mutual Fund
118347;IDBI NIFTY 50  Index Fund Growth Direct;INF397L01AP6;;14.6385;14.6385;14.6385;10-Dec-2015
113062;IDBI Nifty 50  Index Fund IDCW;INF397L01083;INF397L01075;13.7709;13.7709;13.7709;10-Dec-2015
113063;IDBI NIFTY 50 Index Fund Growth;INF397L01091;;14.4394;14.4394;14.4394;10-Dec-2015
118455;IDBI Nifty 50 Index Fund IDCW Direct;INF397L01AN1;INF397L01AO9;13.9649;13.9649;13.9649;10-Dec-2015
113250;IDBI Nifty Next 50  Index Fund IDCW;INF397L01166;INF397L01182;14.6550;14.6550;14.6550;10-Dec-2015
113249;IDBI Nifty Next 50 Index Fund Growth;INF397L01174;;14.6550;14.6550;14.6550;10-Dec-2015
118348;IDBI Nifty Next 50 Index Fund Growth Direct;INF397L01AW2;;14.9011;14.9011;14.9011;10-Dec-2015
118456;IDBI Nifty Next 50 Index Fund IDCW Direct;INF397L01AY8;INF397L01AX0;14.9011;14.9011;14.9011;10-Dec-2015

LIC Mutual Fund
120308;LIC MF BSE Sensex Index Fund-Direct Plan-Growth;INF767K01FJ4;;48.0357;47.5553;48.0357;10-Dec-2015
120312;LIC MF BSE Sensex Index Fund-Direct Plan-IDCW;INF767K01FI6;INF767K01FK2;16.1338;15.9725;16.1338;10-Dec-2015
101199;LIC MF BSE Sensex Index Fund-Regular Plan-Growth;INF767K01139;;47.3059;46.8328;47.3059;10-Dec-2015
101198;LIC MF BSE Sensex Index Fund-Regular Plan-IDCW;INF767K01121;INF767K01113;16.2136;16.0515;16.2136;10-Dec-2015
120307;LIC MF Nifty 50 Index Fund-Direct Plan-Growth;INF767K01FF2;;43.3191;42.8859;43.3191;10-Dec-2015
120309;LIC MF Nifty 50 Index Fund-Direct Plan-IDCW;INF767K01FG0;INF767K01FH8;15.9760;15.8162;15.9760;10-Dec-2015
101201;LIC MF Nifty 50 Index Fund-Regular Plan-Growth;INF767K01162;;42.6689;42.2422;42.6689;10-Dec-2015
101200;LIC MF Nifty 50 Index Fund-Regular Plan-IDCW;INF767K01154;INF767K01147;15.7389;15.5815;15.7389;10-Dec-2015

Nippon India Mutual Fund
113295;NIPPON INDIA INDEX FUND - BSE SENSEX PLAN - ANNUAL - IDCW Option;INF204K01IQ7;INF204K01IT1;12.4172;12.3862;12.4172;10-Dec-2015
118786;NIPPON INDIA INDEX FUND - BSE SENSEX PLAN - DIRECT Plan - ANNUAL - IDCW Option;INF204K01K64;INF204K01K72;12.5401;12.5087;12.5401;10-Dec-2015
118788;NIPPON INDIA INDEX FUND - BSE SENSEX PLAN - DIRECT Plan - HALF YEARLY - IDCW Option;INF204K01K98;INF204K01L06;12.5401;12.5087;12.5401;10-Dec-2015
118790;NIPPON INDIA INDEX FUND - BSE SENSEX PLAN - DIRECT Plan - QUARTERLY - IDCW Option;INF204K01L14;INF204K01L22;12.5401;12.5087;12.5401;10-Dec-2015
118785;Nippon India Index Fund - BSE Sensex Plan - Direct Plan Growth Plan - Bonus Option;INF204K01K56;;12.5401;12.5087;12.5401;10-Dec-2015
118791;Nippon India Index Fund - BSE Sensex Plan - Direct Plan Growth Plan - Growth Option;INF204K01K80;;12.5401;12.5087;12.5401;10-Dec-2015
113270;Nippon India Index Fund - BSE Sensex Plan - Growth Plan - Bonus Option;INF204K01IN4;;12.4172;12.3862;12.4172;10-Dec-2015
113269;Nippon India Index Fund - BSE Sensex Plan - Growth Plan - Growth Option;INF204K01IM6;;12.4172;12.3862;12.4172;10-Dec-2015
113294;NIPPON INDIA INDEX FUND - BSE SENSEX PLAN - HALF YEARLY - IDCW Option;INF204K01IP9;INF204K01IS3;12.4172;12.3862;12.4172;10-Dec-2015
113271;NIPPON INDIA INDEX FUND - BSE SENSEX PLAN - QUARTERLY - IDCW Option;INF204K01IO2;INF204K01IR5;12.4172;12.3862;12.4172;10-Dec-2015
113300;NIPPON INDIA INDEX FUND - NIFTY 50 PLAN - ANNUAL - IDCW Option;INF204K01II4;INF204K01IL8;12.8305;12.7984;12.8305;10-Dec-2015
118743;NIPPON INDIA INDEX FUND - NIFTY 50 PLAN - DIRECT Plan - ANNUAL - IDCW Option;INF204K01H10;INF204K01H28;12.9730;12.9406;12.9730;10-Dec-2015
118745;NIPPON INDIA INDEX FUND - NIFTY 50 PLAN - DIRECT Plan - HALF YEARLY - IDCW Option;INF204K01H44;INF204K01H51;12.9730;12.9406;12.9730;10-Dec-2015
118740;NIPPON INDIA INDEX FUND - NIFTY 50 PLAN - DIRECT Plan - QUARTERLY - IDCW Option;INF204K01H69;INF204K01H77;12.9730;12.9406;12.9730;10-Dec-2015
118742;Nippon India Index Fund - Nifty 50 Plan - Direct Plan Growth Plan - Bonus Option;INF204K01H02;;12.9730;12.9406;12.9730;10-Dec-2015
118741;Nippon India Index Fund - Nifty 50 Plan - Direct Plan Growth Plan - Growth Option;INF204K01H36;;12.9730;12.9406;12.9730;10-Dec-2015
113297;Nippon India Index Fund - Nifty 50 Plan - Growth Plan - Bonus Option;INF204K01IF0;;12.8305;12.7984;12.8305;10-Dec-2015
113296;Nippon India Index Fund - Nifty 50 Plan - Growth Plan - Growth Option;INF204K01IE3;;12.8305;12.7984;12.8305;10-Dec-2015
113299;NIPPON INDIA INDEX FUND - NIFTY 50 PLAN - HALF YEARLY - IDCW Option;INF204K01IH6;INF204K01IK0;12.8305;12.7984;12.8305;10-Dec-2015
113298;NIPPON INDIA INDEX FUND - NIFTY 50 PLAN - QUARTERLY - IDCW Option;INF204K01IG8;INF204K01IJ2;12.8305;12.7984;12.8305;10-Dec-2015

Principal Mutual Fund
119488;Principal Nifty 100 Equal Weight Fund - Direct Plan - Growth Option;INF173K01EZ4;;53.6651;53.1284;53.6651;10-Dec-2015
119487;Principal Nifty 100 Equal Weight Fund- Direct Plan - Income Distribution CUM Capital Withdrawal Option;INF173K01EW1;INF173K01EX9;31.5385;31.2231;31.5385;10-Dec-2015
100153;Principal Nifty 100 Equal Weight Fund-Growth;INF173K01AG2;;52.9403;52.4109;52.9403;10-Dec-2015
100152;Principal Nifty 100 Equal Weight Fund-Income Distribution CUM Capital Withdrawal;INF173K01AH0;INF173K01AI8;31.1141;30.8030;31.1141;10-Dec-2015

SBI Mutual Fund
119827;SBI NIFTY INDEX FUND - DIRECT PLAN - GROWTH;INF200K01TE8;;65.6821;65.0253;65.6821;10-Dec-2015
119826;SBI Nifty Index Fund - Direct Plan - Income Distribution cum Capital Withdrawal Option (IDCW);INF200K01TC2;INF200K01TD0;33.7098;33.3727;33.7098;10-Dec-2015
102272;SBI NIFTY INDEX FUND - REGULAR PLAN - GROWTH;INF200K01537;;64.9409;64.2915;64.9409;10-Dec-2015
102273;SBI Nifty Index Fund - Regular Plan - Income Distribution cum Capital Withdrawal Option (IDCW);INF200K01545;INF200K01552;33.2635;32.9309;33.2635;10-Dec-2015

Tata Mutual Fund
119287;Tata S&P BSE Sensex Index Fund - Direct Plan;INF277K01PK1;;61.9385;61.7837;61.9385;10-Dec-2015
101746;Tata S&P BSE Sensex Index Fund -Regular Plan;INF277K01758;;61.1421;60.9892;61.1421;10-Dec-2015
119288;Tata Nifty 50 Index Fund -Direct Plan;INF277K01PJ3;;47.5869;47.4679;47.5869;10-Dec-2015
101659;Tata Nifty 50 Index Fund -Regular Plan;INF277K01741;;45.6590;45.5449;45.6590;10-Dec-2015

Taurus Mutual Fund
118881;Taurus Nifty 50 Index Fund - Direct Plan - Growth;INF044D01CQ5;;14.5812;14.5083;14.5812;10-Dec-2015
118882;Taurus Nifty 50 Index Fund - Direct Plan - Payout of Income Distribution cum Capital Withdrawal option;INF044D01CR3;INF044D01CS1;14.5771;14.5042;14.5771;10-Dec-2015
112948;Taurus Nifty 50 Index Fund - Regular Plan - Growth;INF044D01948;;14.3157;14.2441;14.3157;10-Dec-2015
112949;Taurus Nifty 50 Index Fund - Regular Plan - Payout of Income Distribution cum Capital Withdrawal option;INF044D01914;INF044D01922;14.3157;14.2441;14.3157;10-Dec-2015

UTI Mutual Fund
120717;UTI Nifty 50 Index Fund - Direct Plan - IDCW;INF789F01WY2;INF789F01WZ9;24.8295;24.8295;24.8295;10-Dec-2015
120716;UTI Nifty 50 Index Fund - Growth Option- Direct;INF789F01XA0;;48.7772;48.7772;48.7772;10-Dec-2015
100822;UTI Nifty 50 Index Fund - Regular Plan - Growth Option;INF789F01JN2;;48.5208;48.5208;48.5208;10-Dec-2015
100823;UTI Nifty 50 Index Fund - Regular Plan - IDCW;INF789F01JL6;INF789F01JM4;24.7009;24.7009;24.7009;10-Dec-2015

Open Ended Schemes ( Other Scheme - Gold ETF )


Aditya Birla Sun Life Mutual Fund
115127;Aditya Birla Sun Life Gold ETF;INF209KB18D3;;2465.5516;2465.5516;2465.5516;10-Dec-2015

Axis Mutual Fund
113434;Axis Gold ETF;INF846K01W80;;2400.1295;2400.1295;2400.1295;10-Dec-2015

Canara Robeco Mutual Fund
117076;Canara Robeco Gold Exchange Traded Fund;INF760K01BR1;;2411.3719;2411.3719;2411.3719;10-Dec-2015

HDFC Mutual Fund
113049;HDFC Gold ETF - Growth Option;INF179KC1981;;2400.3291;0;0;10-Dec-2015

ICICI Prudential Mutual Fund
113076;ICICI Prudential Gold ETF;INF109KC1NT3;;2431.0897;N.A.;N.A.;10-Dec-2015

IDBI Mutual Fund
115939;IDBI Gold Exchange Traded Fund;INF397L01554;;2461.5530;2461.5530;0.0000;10-Dec-2015

Invesco Mutual Fund
112368;Invesco India Gold Exchange Traded Fund;INF205K01361;;2427.5887;2427.5887;2427.5887;10-Dec-2015

Kotak Mahindra Mutual Fund
106193;KOTAK GOLD ETF;INF174KA1HJ8;;235.0214;235.0214;235.0214;10-Dec-2015

Quantum Mutual Fund
107693;Quantum Gold Fund;INF082J01408;;1174.5375;1174.5375;1174.5375;10-Dec-2015

SBI Mutual Fund
111954;SBI Gold ETF;INF200KA16D8;;2415.5883;2415.5883;2415.5883;10-Dec-2015

UTI Mutual Fund
105463;UTI GOLD Exchange Traded Fund;INF789F1AUX7;;2355.5303;0;2355.5303;10-Dec-2015

Open Ended Schemes ( Other Scheme - Other  ETFs )


Aditya Birla Sun Life Mutual Fund
115512;Aditya Birla Sun Life Nifty 50 ETF;INF209KB19D1;;80.1081;80.1081;80.1081;10-Dec-2015

Edelweiss Mutual Fund
134536;Edelweiss ETF - Nifty 50;INF754K01EK3;;7760.5034;7760.5034;7760.5034;10-Dec-2015

HDFC Mutual Fund
135854;HDFC BSE Sensex ETF - Growth Plan;INF179KC1HX2;;2520.73;2520.73;2520.73;10-Dec-2015
135853;HDFC NIFTY 50 ETF - Growth Plan;INF179KC1965;;767.14;767.14;767.14;10-Dec-2015

ICICI Prudential Mutual Fund
101705;ICICI Prudential BSE Sensex ETF;INF346A01034;;257.3132;257.3132;257.3132;10-Dec-2015
123004;ICICI Prudential Nifty 100 ETF;INF109KC16V9;;80.8490;N.A.;N.A.;10-Dec-2015
121366;ICICI Prudential Nifty 50 ETF;INF109K012R6;;79.2313;N.A.;N.A.;10-Dec-2015

Invesco Mutual Fund
115284;Invesco India Nifty 50 Exchange Traded Fund;INF205K01DA9;;783.1018;783.1018;783.1018;10-Dec-2015

Kotak Mahindra Mutual Fund
109010;Kotak BSE Sensex ETF;INF174KA1JD7;;256.4406;256.4406;256.4406;10-Dec-2015
112351;Kotak Nifty 50 ETF;INF174K014P6;;778.3894;778.3894;778.3894;10-Dec-2015
135744;Kotak Nifty 50 Value 20 ETF - Payout of Income Distribution cum capital withdrawal option;INF174K01Z71;;34.5946;34.5946;34.5946;10-Dec-2015
133122;Kotak Nifty Bank ETF;INF174K01F59;;168.569;168.569;168.569;10-Dec-2015
106929;Kotak Nifty PSU Bank ETF;INF373I01023;;301.056;301.056;301.056;10-Dec-2015

LIC Mutual Fund
135672;LIC MF BSE Sensex ETF;INF767K01OT5;;252.5850;252.5850;252.5850;10-Dec-2015
135607;LIC MF Nifty 50 ETF;INF767K01OS7;;76.5654;76.5654;76.5654;10-Dec-2015
133307;LIC MF Nifty 8-13 yr G-Sec ETF;INF767K01MV5;;14.4152;14.4152;14.4152;10-Dec-2015

Motilal Oswal Mutual Fund
114984;Motilal Oswal Nasdaq 100 ETF (MOFN100);INF247L01AP3;;307.4340;307.4340;307.4340;10-Dec-2015
113069;Motilal Oswal Nifty 50 ETF;INF247L01536;;73.8134;73.8134;73.8134;10-Dec-2015
114456;Motilal Oswal Nifty Midcap 100 ETF;INF247L01023;;13.4561;13.4561;13.4561;10-Dec-2015

Nippon India Mutual Fund
131331;Nippon India ETF BSE Sensex;INF204KA1UN7;;256.7044;256.7044;256.7044;10-Dec-2015
121146;Nippon India ETF Nifty 100;INF204K014N5;;79.3102;79.3102;79.3102;10-Dec-2015
134782;Nippon India ETF Nifty 50 Value 20;INF204KA17D8;;347.1371;347.1371;347.1371;10-Dec-2015
128639;Nippon India ETF Nifty Dividend Opportunities 50;INF204KA1MS3;;19.1131;19.1131;19.1131;10-Dec-2015
128331;Nippon India ETF Nifty India Consumption;INF204KA1LD7;;35.3443;35.3443;35.3443;10-Dec-2015

Quantum Mutual Fund
108479;Quantum Nifty 50 ETF;INF082J01028;;814.2529;814.2529;814.2529;10-Dec-2015

SBI Mutual Fund
134014;SBI BSE 100 ETF;INF200KA1572;;79.1141;79.1141;79.1141;10-Dec-2015
121109;SBI BSE SENSEX ETF;INF200K01VT2;;263.3042;263.3042;263.3042;10-Dec-2015
135106;SBI Nifty 50 ETF;INF200KA1FS1;;77.0159;77.0159;77.0159;10-Dec-2015
134008;SBI Nifty Bank ETF;INF200KA1580;;168.5025;168.5025;168.5025;10-Dec-2015
134013;SBI Nifty Next 50 ETF;INF200KA1598;;192.3576;192.3576;192.3576;10-Dec-2015

UTI Mutual Fund
135321;UTI BSE Sensex ETF;INF789FB1X58;;253.158;0;0;10-Dec-2015
135320;UTI Nifty 50 ETF;INF789F1AZC0;;770.9557;0;0;10-Dec-2015

Open Ended Schemes ( Other Scheme - FoF Overseas )


Aditya Birla Sun Life Mutual Fund
132141;Aditya Birla Sun Life Global Emerging Opportunities Fund - Direct - IDCW;INF084M01EC8;INF084M01ED6;9.8352;9.8352;9.8352;10-Dec-2015
132140;Aditya Birla Sun Life Global Emerging Opportunities Fund - Direct plan - Growth Option;INF084M01EB0;;9.8535;9.8535;9.8535;10-Dec-2015
132139;Aditya Birla Sun Life Global Emerging Opportunities Fund - Regular - IDCW;INF084M01AU8;INF084M01AV6;9.7584;9.7584;9.7584;10-Dec-2015
132138;Aditya Birla SUn Life Global Emerging Opportunities Fund - Regular Plan - Growth Option;INF084M01AT0;;9.7559;9.7559;9.7559;10-Dec-2015
132009;Aditya Birla Sun Life Global Excellence Equity Fund Of Fund - Retail Plan - Direct Plan - Growth Option;INF084M01EH7;;17.62;17.44;17.62;10-Dec-2015
132005;Aditya Birla Sun Life Global Excellence Equity Fund Of Fund- Retail Plan - Regular Plan - Growth Option;INF084M01AZ7;;17.38;17.21;17.38;10-Dec-2015
132010;Aditya Birla Sun Life Global Excellence Equity Fund Of Fund-DIRECT - RETAIL - IDCW;INF084M01EI5;INF084M01EJ3;17.63;17.45;17.63;10-Dec-2015
132003;Aditya Birla Sun Life Global Excellence Equity Fund Of Fund-REGULAR - RETAIL - IDCW;INF084M01BA8;INF084M01BB6;17.39;17.22;17.39;10-Dec-2015

DSP Mutual Fund
119275;DSP Global Clean Energy Fund of Fund - Direct Plan - Growth;INF740K01PC5;;11.3343;11.2210;11.3343;10-Dec-2015
119276;DSP Global Clean Energy Fund of Fund - Direct Plan - IDCW;INF740K01PD3;INF740K01PE1;10.2203;10.1181;10.2203;10-Dec-2015
112126;DSP Global Clean Energy Fund of Fund - Regular Plan - Growth;INF740K01284;;11.2508;11.1383;11.2508;10-Dec-2015
112127;DSP Global Clean Energy Fund of Fund - Regular Plan - IDCW;INF740K01292;INF740K01300;9.6221;9.5259;9.6221;10-Dec-2015
119252;DSP US Flexible Equity Fund of Fund - Direct Plan - Growth;INF740K01OH7;;17.8359;17.6575;17.8359;10-Dec-2015
119253;DSP US Flexible Equity Fund of Fund - Direct Plan - IDCW;INF740K01OI5;INF740K01OJ3;17.8359;17.6575;17.8359;10-Dec-2015
117691;DSP US Flexible Equity Fund of Fund - Regular Plan - Growth Option;INF740K01LP6;;17.5291;17.3538;17.5291;10-Dec-2015
117692;DSP US Flexible Equity Fund of Fund - Regular Plan - IDCW;INF740K01LQ4;;14.7461;14.5986;14.7461;10-Dec-2015
119271;DSP World Agriculture Fund - Direct Plan - Growth;INF740K01OE4;;14.1727;14.0310;14.1727;10-Dec-2015
119272;DSP World Agriculture Fund - Direct Plan - IDCW;INF740K01OF1;INF740K01OG9;13.3631;13.2295;13.3631;10-Dec-2015
115882;DSP World Agriculture Fund - Regular Plan - Growth;INF740K01EK2;;14.0374;13.8970;14.0374;10-Dec-2015
115881;DSP World Agriculture Fund - Regular Plan - IDCW;INF740K01EL0;;11.9626;11.8430;11.9626;10-Dec-2015
119277;DSP World Gold Fund of Fund - Direct Plan - Growth;INF740K01OZ9;;8.4680;8.3833;8.4680;10-Dec-2015
119278;DSP World Gold Fund of Fund - Direct Plan - IDCW;INF740K01PA9;INF740K01PB7;6.9359;6.8665;6.9359;10-Dec-2015
106597;DSP World Gold Fund of Fund - Regular Plan - Growth;INF740K01250;;8.3702;8.2865;8.3702;10-Dec-2015
106596;DSP World Gold Fund of Fund - Regular Plan - IDCW;INF740K01268;INF740K01276;6.8536;6.7851;6.8536;10-Dec-2015
119279;DSP World Mining Fund of Fund - Direct Plan - Growth;INF740K01PF8;;4.6580;4.6114;4.6580;10-Dec-2015
119280;DSP World Mining Fund of Fund - Direct Plan - IDCW;INF740K01PG6;INF740K01PH4;4.6580;4.6114;4.6580;10-Dec-2015
112293;DSP World Mining Fund of Fund - Regular Plan - Growth;INF740K01730;;4.5894;4.5435;4.5894;10-Dec-2015
112347;DSP World Mining Fund of Fund - Regular Plan - IDCW;INF740K01748;INF740K01AL8;4.5894;4.5435;4.5894;10-Dec-2015

Franklin Templeton Mutual Fund
129440;Franklin India Feeder - Templeton European Opportunities Fund - Direct - Growth;INF090I01KX6;;9.0012;8.9112;9.0012;10-Dec-2015
129441;Franklin India Feeder - Templeton European Opportunities Fund - Direct - IDCW ;INF090I01KY4;INF090I01KZ1;9.0012;8.9112;9.0012;10-Dec-2015
129438;Franklin India Feeder - Templeton European Opportunities Fund - Growth;INF090I01KU2;;8.8260;8.7377;8.8260;10-Dec-2015
129439;Franklin India Feeder - Templeton European Opportunities Fund - IDCW ;INF090I01KV0;INF090I01KW8;8.8260;8.7377;8.8260;10-Dec-2015
118551;Franklin U.S. Opportunities Equity Active Fund of Funds - Direct - Growth;INF090I01JR0;;21.6478;21.4313;21.6478;10-Dec-2015
118550;Franklin U.S. Opportunities Equity Active Fund of Funds - Direct - IDCW;INF090I01JP4;INF090I01JQ2;21.6478;21.4313;21.6478;10-Dec-2015
116633;Franklin U.S. Opportunities Equity Active Fund of Funds - Growth;INF090I01EW1;;20.9613;20.7517;20.9613;10-Dec-2015
116632;Franklin U.S. Opportunities Equity Active Fund of Funds - IDCW;INF090I01EV3;INF090I01EU5;20.9613;20.7517;20.9613;10-Dec-2015

HSBC Mutual Fund
127073;HSBC Asia Pacific (Ex Japan) Dividend Yield Fund - Growth;INF336L01HC7;;9.6681;9.6681;9.6681;10-Dec-2015
127071;HSBC Asia Pacific (Ex Japan) Dividend Yield Fund - Growth Direct;INF336L01HF0;;9.7905;9.7905;9.7905;10-Dec-2015
127072;HSBC Asia Pacific IDCW Yield Fund Direct Plan IDCW;INF336L01HG8;INF336L01HH6;9.7905;9.7905;9.7905;10-Dec-2015
127070;HSBC Asia Pacific IDCW Yield Fund IDCW;INF336L01HD5;INF336L01HE3;9.6681;9.6681;9.6681;10-Dec-2015
120035;HSBC Brazil Fund - Growth Direct;INF336L01BY4;;4.781;4.781;4.781;10-Dec-2015
115117;HSBC Brazil Fund - IDCW;INF336L01172;INF336L01180;4.6801;4.6801;4.6801;10-Dec-2015
120036;HSBC Brazil Fund - IDCW Direct Plan;INF336L01BW8;INF336L01BX6;4.781;4.781;4.781;10-Dec-2015
115116;HSBC Brazil Fund-Growth;INF336L01164;;4.6801;4.6801;4.6801;10-Dec-2015
133713;HSBC Global Consumer Opportunities Fund - Growth;INF336L01JU5;;9.53;9.53;9.53;10-Dec-2015
133714;HSBC Global Consumer Opportunities Fund - Growth Direct;INF336L01JT7;;9.5832;9.5832;9.5832;10-Dec-2015
120043;HSBC Global Emerging Market Fund - Growth Direct;INF336L01CJ3;;10.053;10.053;10.053;10-Dec-2015
107988;HSBC Global Emerging Markets Fund - Growth;INF336L01446;;9.8379;9.8379;9.8379;10-Dec-2015
107989;HSBC Global Emerging Markets Fund - IDCW;INF336L01438;INF336L01420;9.4124;9.4124;9.4124;10-Dec-2015
120044;HSBC Global Emerging Markets Fund - IDCW Direct Plan;INF336L01CH7;INF336L01CI5;9.6261;9.6261;9.6261;10-Dec-2015

ICICI Prudential Mutual Fund
123654;ICICI Prudential Global Stable Equity Fund (FOF) - Direct - Growth;INF109KA1CE0;;12.26;11.89;12.26;10-Dec-2015
123652;ICICI Prudential Global Stable Equity Fund (FOF) - Direct - IDCW;INF109KA1CG5;INF109KA1CF7;12.26;11.89;12.26;10-Dec-2015
123651;ICICI Prudential Global Stable Equity Fund (FOF) - Growth;INF109KA1CB6;;12.04;11.68;12.04;10-Dec-2015
123653;ICICI Prudential Global Stable Equity Fund (FOF) - IDCW;INF109KA1CD2;INF109KA1CC4;12.04;11.68;12.04;10-Dec-2015

Invesco Mutual Fund
129188;Invesco India - Invesco Global Equity Income Fund of Fund - Direct Plan - Growth;INF205K01B49;;10.7582;10.6506;10.7582;10-Dec-2015
129190;Invesco India - Invesco Global Equity Income Fund of Fund - Direct Plan - IDCW (Payout / Reinvestment);INF205K01B56;INF205K01B64;10.7534;10.6459;10.7534;10-Dec-2015
129187;Invesco India - Invesco Global Equity Income Fund of Fund - Regular Plan - Growth;INF205K01B15;;10.5409;10.4355;10.5409;10-Dec-2015
129189;Invesco India - Invesco Global Equity Income Fund of Fund - Regular Plan - IDCW (Payout / Reinvestment);INF205K01B23;INF205K01B31;10.5408;10.4354;10.5408;10-Dec-2015
126353;Invesco India - Invesco Pan European Equity Fund of Fund - Direct Plan - Growth Option;INF205K01A24;;9.8159;9.7177;9.8159;10-Dec-2015
126352;Invesco India - Invesco Pan European Equity Fund of Fund - Direct Plan - IDCW (Payout / Reinvestment);INF205K01A32;INF205K01A40;9.8124;9.7143;9.8124;10-Dec-2015
126351;Invesco India - Invesco Pan European Equity Fund of Fund - Regular Plan - Growth Option;INF205K01ZZ9;;9.6138;9.5177;9.6138;10-Dec-2015
126350;Invesco India - Invesco Pan European Equity Fund of Fund - Regular Plan - IDCW (Payout / Reinvestment);INF205K01A08;INF205K01A16;9.6135;9.5174;9.6135;10-Dec-2015

Kotak Mahindra Mutual Fund
106441;Kotak Global Emerging Market Fund - Growth;INF174K01DV3;;12.834;12.706;12.834;10-Dec-2015
119779;Kotak Global Emerging Market Fund - Growth - Direct;INF174K01LW4;;13.038;12.908;13.038;10-Dec-2015
106442;Kotak Global Emerging Market Fund - Payout of Income Distribution cum capital withdrawal option;INF174K01DX9;INF174K01DW1;12.834;12.706;12.834;10-Dec-2015
119778;Kotak Global Emerging Market Fund - Payout of Income Distribution cum capital withdrawal option - Direct;INF174K01LX2;;13.08;12.949;13.08;10-Dec-2015
133832;Kotak US Equity Fund - Direct Plan - Dividend option;INF178L01CM3;INF178L01CN1;12.118;11.997;12.118;10-Dec-2015
133831;Kotak US Equity Fund - Direct Plan - Growth option;INF178L01CL5;;12.117;11.996;12.117;10-Dec-2015
133830;Kotak US Equity Fund - Standard Plan - Dividend option;INF178L01CJ9;INF178L01CK7;11.939;11.82;11.939;10-Dec-2015
133833;Kotak US Equity Fund - Standard Plan - Growth option;INF178L01CI1;;11.938;11.819;11.938;10-Dec-2015
133814;Kotak World Gold Fund - Standard Plan - Dividend Option;INF178L01145;INF178L01137;5.241;5.189;5.241;10-Dec-2015
133815;Kotak World Gold Fund - Standard Plan - Growth Option;INF178L01152;;6.322;6.259;6.322;10-Dec-2015
133817;Kotak World Gold Fund- Direct Plan- Dividend Option;INF178L01AM7;INF178L01AN5;5.349;5.296;5.349;10-Dec-2015
133816;Kotak World Gold Fund- Direct Plan- Growth Option;INF178L01AO3;;6.46;6.395;6.46;10-Dec-2015

Principal Mutual Fund
119458;Principal Global Opportunities Fund- Direct Plan - Income Distribution CUM Capital Withdrawal Option;INF173K01FJ5;INF173K01FK3;20.4468;20.2423;20.4468;10-Dec-2015
102336;Principal Global Opportunities Fund- Income Distribution CUM Capital Withdrawal Option;INF173K01CQ7;INF173K01CR5;20.2116;20.0095;20.2116;10-Dec-2015
119457;Principal Global Opportunities Fund-Direct Plan - Growth Option;INF173K01FM9;;20.4468;20.2423;20.4468;10-Dec-2015
102337;Principal Global Opportunities Fund-Growth Option;INF173K01CT1;;20.2116;20.0095;20.2116;10-Dec-2015

Sundaram Mutual Fund
119602;Sundaram Global Brand Theme-Equity Active FOF - Direct Growth;INF903J01OB6;;12.6380;12.6380;12.6380;10-Dec-2015
119601;Sundaram Global Brand Theme-Equity Active FOF - Direct IDCW;INF903J01NZ7;INF903J01OA8;11.4301;11.4301;11.4301;10-Dec-2015
106370;Sundaram Global Brand Theme-Equity Active FOF - Regular Growth;INF903J01EX1;;12.4725;12.4725;12.4725;10-Dec-2015
106369;Sundaram Global Brand Theme-Equity Active FOF - Regular IDCW;INF903J01EY9;INF903J01EZ6;10.6925;10.6925;10.6925;10-Dec-2015

Open Ended Schemes ( Other Scheme - FoF Domestic )


Aditya Birla Sun Life Mutual Fund
131865;Aditya Birla Sun Life Asset Allocator FoF- Direct Plan - Growth Option;INF084M01DM9;;10.5185;10.5185;10.5185;10-Dec-2015
131864;Aditya Birla Sun Life Asset Allocator FoF- Regular Plan - Growth Option;INF084M01AE2;;21.0479;21.0479;21.0479;10-Dec-2015
131866;Aditya Birla Sun Life Asset Allocator FoF-DIRECT - IDCW;INF084M01DN7;INF084M01DO5;10.0218;10.0218;10.0218;10-Dec-2015
131863;Aditya Birla Sun Life Asset Allocator FoF-REGULAR - IDCW;INF084M01AF9;INF084M01AG7;19.3751;19.3751;19.3751;10-Dec-2015
131897;Aditya Birla Sun Life Debt Plus Arbitrage FoF Scheme - DIRECT - IDCW;INF084M01DQ0;INF084M01DR8;12.4120;12.4120;12.4120;10-Dec-2015
131898;Aditya Birla Sun Life Debt Plus Arbitrage FoF Scheme - Direct Plan - Growth Option;INF084M01DP2;;19.8143;19.8143;19.8143;10-Dec-2015
131895;Aditya Birla Sun Life Debt Plus Arbitrage FoF Scheme - REGULAR - IDCW;INF084M01AI3;INF084M01AJ1;12.2779;12.2779;12.2779;10-Dec-2015
131896;Aditya Birla Sun Life Debt Plus Arbitrage FoF Scheme - Regular Plan - Growth Option;INF084M01AH5;;19.5799;19.5799;19.5799;10-Dec-2015
132187;Aditya Birla Sun Life Financial Planning Fund - Aggressive Plan - Direct - IDCW;INF084M01EX4;INF084M01EY2;15.0332;15.0332;15.0332;10-Dec-2015
132186;Aditya Birla Sun Life Financial Planning Fund - Aggressive Plan - Direct Plan - Growth Option;INF084M01EW6;;16.4183;16.4183;16.4183;10-Dec-2015
132180;Aditya Birla Sun Life Financial Planning Fund - Aggressive Plan - Regular Plan - Growth Option;INF084M01101;;16.1634;16.1634;16.1634;10-Dec-2015
132181;Aditya Birla Sun Life Financial Planning Fund - Aggressive Plan -Regular - IDCW;INF084M01119;INF084M01127;14.7932;14.7932;14.7932;10-Dec-2015
132183;Aditya Birla Sun Life Financial Planning Fund - Conservative Plan - Direct Plan - Growth Option;INF084M01EQ8;;14.6239;14.6239;14.6239;10-Dec-2015
132178;Aditya Birla Sun life Financial Planning Fund - Conservative Plan - Regular Plan - Growth Option;INF084M01044;;14.4125;14.4125;14.4125;10-Dec-2015
132179;Aditya Birla Sun Life Financial Planning Fund - Conservative Plan -Regular - IDCW;INF084M01051;INF084M01069;13.1139;13.1139;13.1139;10-Dec-2015
132185;Aditya Birla Sun Life Financial Planning Fund - Moderate Plan - Direct Plan - Growth Option;INF084M01ET2;;15.3350;15.3350;15.3350;10-Dec-2015
132174;Aditya Birla Sun Life Financial Planning Fund - Moderate Plan - Regular Plan - Growth Option;INF084M01077;;15.1345;15.1345;15.1345;10-Dec-2015
132175;Aditya Birla Sun Life Financial Planning Fund -Moderate  Plan -  Regular -  IDCW;INF084M01085;INF084M01093;13.5734;13.5734;13.5734;10-Dec-2015
132189;Aditya Birla Sun Life Financial Planning Fund -Moderate  Plan - Direct - IDCW;INF084M01EU0;INF084M01EV8;13.8918;13.8918;13.8918;10-Dec-2015
120546;Aditya Birla Sun Life Gold Fund - Growth - Direct Plan;INF209K01YU5;;8.0189;7.8585;8.0189;10-Dec-2015
120545;Aditya Birla Sun Life Gold Fund-DIRECT - IDCW;INF209K01YT7;;8.0144;7.8541;8.0144;10-Dec-2015
116796;Aditya Birla Sun Life Gold Fund-Growth;INF209K01PF4;;7.9621;7.8029;7.9621;10-Dec-2015
116795;Aditya Birla Sun Life Gold Fund-REGULAR - IDCW;INF209K01PG2;INF209K01PH0;7.9607;7.8015;7.9607;10-Dec-2015

Axis Mutual Fund
120473;Axis Gold Fund - Direct Plan - Growth option;INF846K01DS2;;8.5911;8.5052;8.5911;10-Dec-2015
120472;Axis Gold Fund - Direct Plan - IDCW;INF846K01DQ6;INF846K01DR4;8.5827;8.4969;8.5827;10-Dec-2015
115897;Axis Gold Fund - Regular Plan - Growth Option;INF846K01AL3;;8.2393;8.1569;8.2393;10-Dec-2015
115898;Axis Gold Fund - Regular Plan - IDCW;INF846K01AM1;INF846K01AN9;8.2487;8.1662;8.2487;10-Dec-2015

Bandhan Mutual Fund
112332;BANDHAN Asset Allocation Fund - Regular Plan - Aggressive Plan - Growth;INF194K01953;;17.5540;17.5540;17.5540;10-Dec-2015
112331;BANDHAN Asset Allocation Fund - Regular Plan - Aggressive Plan - IDCW;INF194K01961;INF194K01979;14.0369;14.0369;14.0369;10-Dec-2015
118485;BANDHAN Asset Allocation Fund Of Fund-Aggressive Plan-Direct Plan-Growth;INF194K012B6;;17.6963;17.6963;17.6963;10-Dec-2015
118484;BANDHAN Asset Allocation Fund Of Fund-Aggressive Plan-Direct Plan-IDCW;INF194K013B4;INF194K014B2;15.3030;15.3030;15.3030;10-Dec-2015
112327;BANDHAN Asset Allocation Fund - Regular Plan - Conservative Plan - Growth;INF194K01987;;16.5098;16.5098;16.5098;10-Dec-2015
112328;BANDHAN Asset Allocation Fund - Regular Plan - Conservative Plan - IDCW;INF194K01995;INF194K01AA1;13.1747;13.1747;13.1747;10-Dec-2015
118486;BANDHAN Asset Allocation Fund Of Fund-Conservative Plan-Direct Plan-Growth;INF194K016A9;;16.6622;16.6622;16.6622;10-Dec-2015
118487;BANDHAN Asset Allocation Fund Of Fund-Conservative Plan-Direct Plan-IDCW;INF194K017A7;INF194K018A5;13.3141;13.3141;13.3141;10-Dec-2015
112329;BANDHAN Asset Allocation Fund - Regular Plan - Moderate Plan - Growth;INF194K01AB9;;17.3494;17.3494;17.3494;10-Dec-2015
112330;BANDHAN Asset Allocation Fund - Regular Plan - Moderate Plan - IDCW;INF194K01AC7;INF194K01AD5;14.2579;14.2579;14.2579;10-Dec-2015
118489;BANDHAN Asset Allocation Fund Of Fund-Moderate Plan-Direct Plan-Growth;INF194K019A3;;17.4998;17.4998;17.4998;10-Dec-2015
118409;Bandhan Income Plus Arbitrage Fund of Funds - Direct Plan - Daily IDCW;;INF194K01V63;10.9950;10.9950;10.9950;10-Dec-2015
118414;Bandhan Income Plus Arbitrage Fund of Funds - Direct Plan - Fortnightly IDCW;INF194K01V55;INF194K01V48;11.0117;11.0117;11.0117;10-Dec-2015
118410;Bandhan Income Plus Arbitrage Fund of Funds - Direct Plan - Growth;INF194K01U72;;23.0843;23.0843;23.0843;10-Dec-2015
131398;Bandhan Income Plus Arbitrage Fund of Funds - Direct Plan - Periodic IDCW;INF194KA1TV4;INF194KA1TW2;11.2200;11.2200;11.2200;10-Dec-2015
118413;Bandhan Income Plus Arbitrage Fund of Funds - Direct Plan - Quarterly IDCW;INF194K01V30;INF194K01V22;12.4985;12.4985;12.4985;10-Dec-2015
118412;Bandhan Income Plus Arbitrage Fund of Funds - Direct Plan - Weekly IDCW;;INF194K01V71;10.9956;10.9956;10.9956;10-Dec-2015
108547;Bandhan Income Plus Arbitrage Fund of Funds - Regular Plan - Annual IDCW;INF194K01SG0;INF194K01SF2;17.9867;17.9867;17.9867;10-Dec-2015
117868;Bandhan Income Plus Arbitrage Fund of Funds - Regular Plan - Daily IDCW;;INF194K01F55;11.0078;11.0078;11.0078;10-Dec-2015
115874;Bandhan Income Plus Arbitrage Fund of Funds - Regular Plan - Fortnightly IDCW;INF194K01SM8;INF194K01SL0;11.0103;11.0103;11.0103;10-Dec-2015
108545;Bandhan Income Plus Arbitrage Fund of Funds - Regular Plan - Growth;INF194K01SE5;;22.7866;22.7866;22.7866;10-Dec-2015
108546;Bandhan Income Plus Arbitrage Fund of Funds - Regular Plan - Half Yearly IDCW;INF194K01SI6;INF194K01SH8;11.7168;11.7168;11.7168;10-Dec-2015
131399;Bandhan Income Plus Arbitrage Fund of Funds - Regular Plan - Periodic IDCW;INF194KA1TS0;INF194KA1TT8;11.1896;11.1896;11.1896;10-Dec-2015
108544;Bandhan Income Plus Arbitrage Fund of Funds - Regular Plan - Quarterly IDCW;INF194K01SK2;INF194K01SJ4;12.3572;12.3572;12.3572;10-Dec-2015
117867;Bandhan Income Plus Arbitrage Fund of Funds - Regular Plan - Weekly IDCW;;INF194K01F63;10.9946;10.9946;10.9946;10-Dec-2015

Canara Robeco Mutual Fund
118300;Canara Robeco Gold Savings Fund - Direct Plan - Dividend Option;INF760K01FD2;INF760K01FE0;7.9632;7.9632;7.9632;10-Dec-2015
118301;Canara Robeco Gold Savings Fund - Direct Plan - Growth Option;INF760K01FF7;;7.9675;7.9675;7.9675;10-Dec-2015
117540;Canara Robeco Gold Savings Fund - Regular Plan - Dividend;INF760K01BY7;INF760K01BX9;7.9447;7.9447;7.9447;10-Dec-2015
117541;Canara Robeco Gold Savings Fund - Regular Plan - Growth;INF760K01BW1;;7.9399;7.9399;7.9399;10-Dec-2015

DSP Mutual Fund
130493;DSP Income Plus Arbitrage Fund of Fund - Direct Plan - Growth;INF740K01Z50;;10.6319;10.5256;10.6319;10-Dec-2015
130491;DSP Income Plus Arbitrage Fund of Fund - Direct Plan - IDCW;INF740K01Z68;INF740K01Z76;10.6319;10.5256;10.6319;10-Dec-2015
130492;DSP Income Plus Arbitrage Fund of Fund - Regular Plan - Growth;INF740K01Z27;;10.5570;10.4514;10.5570;10-Dec-2015
130490;DSP Income Plus Arbitrage Fund of Fund - Regular Plan - IDCW;INF740K01Z35;INF740K01Z43;10.5570;10.4514;10.5570;10-Dec-2015

Franklin Templeton Mutual Fund
118543;Franklin India Dynamic Asset Allocation Fund Of Funds - Direct - Growth;INF090I01HV6;;63.2622;62.6296;63.2622;10-Dec-2015
118542;Franklin India Dynamic Asset Allocation Fund of funds - Direct - IDCW ;INF090I01HT0;INF090I01HU8;38.1618;37.7802;38.1618;10-Dec-2015
101657;Franklin India Dynamic Asset Allocation Fund of funds - IDCW ;INF090I01247;INF090I01254;37.0948;36.7239;37.0948;10-Dec-2015
101656;Franklin India Dynamic Asset Allocation Fund of Funds-Growth;INF090I01262;;61.6723;61.0556;61.6723;10-Dec-2015
132990;Franklin India Income Plus Arbitrage Active Fund of Funds - Direct - IDCW;INF090I01LI5;INF090I01LJ3;10.2313;10.1290;10.2313;10-Dec-2015
132987;Franklin India Income Plus Arbitrage Active Fund of Funds- Growth Plan;INF090I01LE4;;10.0499;9.9494;10.0499;10-Dec-2015
132989;Franklin India Income Plus Arbitrage Active Fund of Funds- Growth Plan - Direct;INF090I01LH7;;10.2313;10.1290;10.2313;10-Dec-2015
132988;Franklin India Income Plus Arbitrage Active Fund of Funds- IDCW;INF090I01LF1;INF090I01LG9;10.0499;9.9494;10.0499;10-Dec-2015
118511;Franklin India Life Stage Fund of Funds - 20's Plan - Direct - IDCW ;INF090I01HW4;INF090I01HX2;28.5292;28.2439;28.5292;10-Dec-2015
102108;Franklin India Life Stage Fund of Funds - 20's Plan - IDCW ;INF090I01577;;28.0664;27.7857;28.0664;10-Dec-2015
102107;Franklin INDIA LIFE STAGE FUND OF FUNDS - THE 20S PLAN (G);INF090I01593;;60.8672;60.2585;60.8672;10-Dec-2015
118512;Franklin INDIA LIFE STAGE FUND OF FUNDS - THE 20S PLAN - Direct - Growth;INF090I01HY0;;61.7095;61.0924;61.7095;10-Dec-2015
118513;Franklin India Life Stage Fund of Funds - 30's Plan - Direct - IDCW ;INF090I01HZ7;INF090I01IA8;22.7036;22.5333;22.7036;10-Dec-2015
102110;Franklin India Life Stage Fund of Funds - 30's Plan - IDCW ;INF090I01601;;22.3412;22.1736;22.3412;10-Dec-2015
102109;Franklin INDIA LIFE STAGE FUND OF FUNDS - THE 30S PLAN (G);INF090I01627;;44.7885;44.4526;44.7885;10-Dec-2015
118514;Franklin India Life Stage Fund of Funds - The 30s Plan - Direct - Growth;INF090I01IB6;;45.4685;45.1275;45.4685;10-Dec-2015
118515;Franklin India Life Stage Fund of Funds - 40's Plan - Direct - IDCW ;INF090I01IC4;INF090I01ID2;14.9019;14.7901;14.9019;10-Dec-2015
102111;Franklin India Life Stage Fund of Funds - 40's Plan - IDCW ;INF090I01635;;14.6973;14.5871;14.6973;10-Dec-2015
102112;Franklin INDIA LIFE STAGE FUND OF FUNDS - THE 40S PLAN (G);INF090I01650;;36.5786;36.3043;36.5786;10-Dec-2015
118516;Franklin India Life Stage Fund of Funds - The 40s Plan - Direct - Growth;INF090I01IE0;;37.1548;36.8761;37.1548;10-Dec-2015
118520;Franklin India Life Stage Fund of Funds - 50's Plus Floating Rate Plan - Direct - IDCW ;INF090I01JM1;INF090I01JN9;14.5767;14.4309;14.5767;10-Dec-2015
102546;Franklin India Life Stage Fund Of Funds - 50's Plus Floating Rate Plan - IDCW ;INF090I01692;;14.4007;14.2567;14.4007;10-Dec-2015
102547;Franklin India Life Stage Fund of Funds - The 50s Plus Flo (Gro);INF090I01718;;29.1922;28.9003;29.1922;10-Dec-2015
118519;Franklin India Life Stage Fund Of Funds - The 50S Plus Floating Rate Plan - Direct - Growth;INF090I01JO7;;29.5726;29.2769;29.5726;10-Dec-2015
118517;Franklin India Life Stage Fund of Funds - 50's Plus Plan - Direct - IDCW ;INF090I01IF7;INF090I01IG5;13.7644;13.6268;13.7644;10-Dec-2015
102113;Franklin India Life Stage Fund of Funds - 50's Plus Plan - IDCW ;INF090I01668;;13.5494;13.4139;13.5494;10-Dec-2015
102114;Franklin INDIA LIFE STAGE FUND OF FUNDS - THE 50+S PLAN (G);INF090I01684;;27.7056;27.4285;27.7056;10-Dec-2015
118518;Franklin India Life Stage Fund of Funds - The 50s Plus - Direct - Growth;INF090I01IH3;;28.1902;27.9083;28.1902;10-Dec-2015

HDFC Mutual Fund
119132;HDFC Gold ETF Fund of Fund - Direct Plan;INF179K01VX0;;8.6758;8.5023;8.6758;10-Dec-2015
115934;HDFC Gold ETF Fund of Fund - Growth Option;INF179K01LC5;;8.5993;8.4273;8.5993;10-Dec-2015
130533;HDFC Income Plus Arbitrage Active FOF - Growth Option;INF179KA1SF8;;13.3535;13.22;13.3535;10-Dec-2015
130543;HDFC Income Plus Arbitrage Active FOF - Growth Option - Direct Plan;INF179KA1SC5;;13.6296;13.4933;13.6296;10-Dec-2015
130540;HDFC Income Plus Arbitrage Active FOF - IDCW Option;INF179KA1SG6;;11.703;11.586;11.703;10-Dec-2015
130547;HDFC Income Plus Arbitrage Active FOF - IDCW Option - Direct Plan;INF179KA1SD3;;11.9712;11.8515;11.9712;10-Dec-2015

HSBC Mutual Fund
129199;HSBC Aggressive Hybrid Active FOF - Dividend;INF336L01HY1;INF336L01HZ8;12.4372;12.4372;12.4372;10-Dec-2015
129201;HSBC Aggressive Hybrid Active FOF - Dividend Direct;INF336L01IB7;INF336L01IC5;12.4915;12.4915;12.4915;10-Dec-2015
129065;HSBC Aggressive Hybrid Active FOF - Growth;INF336L01IA9;;12.4372;12.4372;12.4372;10-Dec-2015
129200;HSBC Aggressive Hybrid Active FOF - Growth Direct;INF336L01ID3;;12.4915;12.4915;12.4915;10-Dec-2015
129195;HSBC Income Plus Arbitrage Active FOF - Growth;INF336L01IM4;;11.7763;11.7763;11.7763;10-Dec-2015
129197;HSBC Income Plus Arbitrage Active FOF - Growth Direct;INF336L01IP7;;11.8239;11.8239;11.8239;10-Dec-2015
129196;HSBC Income Plus Arbitrage Active FOF IDCW;INF336L01IK8;INF336L01IL6;11.7763;11.7763;11.7763;10-Dec-2015
129191;HSBC Multi Asset Active FOF - Growth;INF336L01IG6;;12.2122;12.2122;12.2122;10-Dec-2015
129193;HSBC Multi Asset Active FOF - Growth Direct;INF336L01IJ0;;12.2616;12.2616;12.2616;10-Dec-2015
129192;HSBC Multi Asset Active FOF IDCW;INF336L01IE1;INF336L01IF8;12.2122;12.2122;12.2122;10-Dec-2015

ICICI Prudential Mutual Fund
120679;ICICI Prudential Asset Allocator Fund (FOF) - Direct Plan - Growth;INF109K01X16;;38.3329;37.9496;38.3329;10-Dec-2015
120680;ICICI Prudential Asset Allocator Fund (FOF) - Direct Plan - IDCW;INF109K01W90;INF109K01X08;38.3145;37.9314;38.3145;10-Dec-2015
102137;ICICI Prudential Asset Allocator Fund (FOF) - Growth;INF109K01837;;37.6041;37.2281;37.6041;10-Dec-2015
102138;ICICI Prudential Asset Allocator Fund (FOF) - IDCW;INF109K01FJ9;INF109K01845;37.6041;37.2281;37.6041;10-Dec-2015
120703;ICICI Prudential Debt Management Fund (FOF) - Direct Plan -  IDCW;INF109K01X57;INF109K01X65;22.8865;22.8865;22.8865;10-Dec-2015
120702;ICICI Prudential Debt Management Fund (FOF) - Direct Plan - Growth;INF109K01X73;;22.8019;22.8019;22.8019;10-Dec-2015
102141;ICICI Prudential Debt Management Fund (FOF) - Growth;INF109K01878;;22.6870;22.6870;22.6870;10-Dec-2015
102143;ICICI Prudential Debt Management Fund (FOF ) - IDCW;INF109K01FS0;INF109K01886;22.6870;22.6870;22.6870;10-Dec-2015
120313;ICICI Prudential Income plus Arbitrage Active FOF - Direct Plan - Growth;INF109K01W82;;27.3931;27.1192;27.3931;10-Dec-2015
120314;ICICI Prudential Income plus Arbitrage Active FOF - Direct Plan - IDCW;INF109K01W66;INF109K01W74;27.2049;26.9329;27.2049;10-Dec-2015
102139;ICICI Prudential Income Plus Arbitrage Active FOF - Growth;INF109K01811;;26.9058;26.6367;26.9058;10-Dec-2015
102140;ICICI Prudential Income plus Arbitrage Active FOF - IDCW;INF109K01EB9;INF109K01829;26.9058;26.6367;26.9058;10-Dec-2015
102134;ICICI Prudential Passive Strategy Fund (FOF) - IDCW;INF109K01DW7;INF109K01803;46.1262;45.6649;46.1262;10-Dec-2015
120243;ICICI Prudential Passive Strategy Fund (FOF) - Direct Plan -  IDCW;INF109K01W33;INF109K01W41;46.8061;46.3380;46.8061;10-Dec-2015
120242;ICICI Prudential Passive Strategy Fund (FOF) - Direct Plan - Growth;INF109K01W58;;46.8075;46.3394;46.8075;10-Dec-2015
102133;ICICI Prudential Passive Strategy Fund (FOF) - Growth;INF109K01795;;46.1262;45.6649;46.1262;10-Dec-2015
120685;ICICI Prudential Regular Gold Savings Fund (FOF) - Direct Plan -  Growth;INF109K01U92;;8.9653;8.7860;8.9653;10-Dec-2015
120686;ICICI Prudential Regular Gold Savings Fund (FOF) - Direct Plan -  IDCW;INF109K01U76;INF109K01U84;8.9656;8.7863;8.9656;10-Dec-2015
115833;ICICI Prudential Regular Gold Savings Fund (FOF) - Growth;INF109K01TK8;;8.8929;8.7150;8.8929;10-Dec-2015
115834;ICICI Prudential Regular Gold Savings Fund (FOF) - IDCW;INF109K01TM4;INF109K01TL6;8.8929;8.7150;8.8929;10-Dec-2015
120700;ICICI Prudential Thematic Advantage Fund (FOF) - Direct Plan - Growth;INF109K01X40;;51.3722;50.8585;51.3722;10-Dec-2015
102135;ICICI Prudential Thematic Advantage Fund (FOF) - Growth;INF109K01852;;51.2153;50.7031;51.2153;10-Dec-2015
102136;ICICI Prudential Thematic Advantage Fund (FOF) - IDCW;INF109K01FR2;INF109K01860;51.2153;50.7031;51.2153;10-Dec-2015

IDBI Mutual Fund
117714;IDBI GOLD FUND;INF397L01992;;7.9371;7.8577;7.9371;10-Dec-2015
118343;IDBI GOLD FUND Direct;INF397L01BU4;;7.9972;7.9172;7.9972;10-Dec-2015

Invesco Mutual Fund
120530;Invesco India Gold ETF Fund of Fund - Direct Plan - IDCW (Payout / Reinvestment);INF205K01NH3;INF205K01NI1;7.6462;7.6462;7.6462;10-Dec-2015
120531;Invesco India Gold ETF Fund of Fund - Direct Plan- - Growth;INF205K01NJ9;;7.6477;7.6477;7.6477;10-Dec-2015
116077;Invesco India Gold ETF Fund of Fund - Growth;INF205K01FA4;;7.5906;7.5906;7.5906;10-Dec-2015
116075;Invesco India Gold ETF Fund of Fund - IDCW (Payout / Reinvestment);INF205K01FB2;INF205K01FC0;7.5906;7.5906;7.5906;10-Dec-2015

Kotak Mahindra Mutual Fund
114758;Kotak Gold Fund Growth;INF174K01AT3;;11.0076;10.7874;11.0076;10-Dec-2015
119781;Kotak Gold Fund Growth - Direct;INF174K01MP6;;11.1502;10.9272;11.1502;10-Dec-2015
114757;Kotak Gold Fund Payout of Income Distribution cum capital withdrawal option;INF174K01AU1;INF174K01AV9;11.0078;10.7876;11.0078;10-Dec-2015
119780;Kotak Gold Fund Payout of Income Distribution cum capital withdrawal option- Direct;INF174K01MQ4;INF174K01MR2;11.151;10.928;11.151;10-Dec-2015
119777;Kotak Multi Asset Allocator Fund of Fund - Dynamic - Direct Growth - Direct;INF174K01LN3;;60.415;59.811;60.415;10-Dec-2015
119776;Kotak Multi Asset Allocator Fund of Fund - Dynamic - Direct Payout of Income Distribution cum capital withdrawal option;INF174K01LO1;INF174K01LP8;59.336;58.743;59.336;10-Dec-2015
102574;Kotak Multi Asset Allocator Fund of Fund - Dynamic - Growth;INF174K01468;;60.166;59.564;60.166;10-Dec-2015
102573;Kotak Multi Asset Allocator Fund of Fund - Dynamic - Payout of Income Distribution cum capital withdrawal option;INF174K01484;INF174K01476;58.567;57.981;58.567;10-Dec-2015

Nippon India Mutual Fund
118662;NIPPON INDIA GOLD SAVINGS FUND - Direct Plan - IDCW Option;INF204K01YD2;INF204K01YE0;11.2480;11.0230;11.2480;10-Dec-2015
118663;Nippon India Gold Savings Fund - Direct Plan Growth Plan - Growth Option;INF204K01YC4;;11.2480;11.0230;11.2480;10-Dec-2015
114617;NIPPON INDIA GOLD SAVINGS FUND - IDCW Option;INF204K01KO8;INF204K01KP5;11.1231;10.9006;11.1231;10-Dec-2015
114616;Nippon India Gold Savings Fund-Growth plan- Growth Option;INF204K01KN0;;11.1231;10.9006;11.1231;10-Dec-2015

Quantum Mutual Fund
112039;Quantum Equity Fund of Funds - Direct Plan Growth Option;INF082J01093;;24.247;23.883;24.247;10-Dec-2015
112038;Quantum Equity Fund Of Funds - Direct Plan IDCW;INF082J01101;INF082J01119;24.247;23.883;24.247;10-Dec-2015
115132;Quantum Gold Savings Fund - Direct Plan Growth Option;INF082J01150;;10.9219;10.7581;10.9219;10-Dec-2015
117608;Quantum Multi Asset Fund of Funds - Direct Plan Growth Option;INF082J01168;;13.5912;13.4553;13.5912;10-Dec-2015

SBI Mutual Fund
119789;SBI Gold Fund - Direct Plan - Income Distribution cum Capital Withdrawal Option (IDCW);INF200K01RN3;INF200K01RO1;8.433;8.3487;8.433;10-Dec-2015
115677;SBI Gold Fund - Regular Plan - Income Distribution cum Capital Withdrawal Option (IDCW);INF200K01HB9;INF200K01HC7;8.3372;8.2538;8.3372;10-Dec-2015
115676;SBI GOLD FUND REGULAR PLAN - GROWTH;INF200K01HA1;;8.3358;8.2524;8.3358;10-Dec-2015
119788;SBI GOLD FUND- DIRECT PLAN - GROWTH;INF200K01RP8;;8.4356;8.3512;8.4356;10-Dec-2015

Open Ended Schemes ( Equity Scheme - Flexi Cap Fund )


Aditya Birla Sun Life Mutual Fund
120564;Aditya Birla Sun Life Flexi Cap Fund - Growth - Direct Plan;INF209K01XX1;;471.47;464.40;471.47;10-Dec-2015
103166;Aditya Birla Sun Life Flexi Cap Fund - Growth - Regular Plan;INF209K01AJ8;;460.50;453.59;460.50;10-Dec-2015
120565;Aditya Birla Sun Life Flexi Cap Fund -DIRECT - IDCW;INF209KA1LE0;INF209K01XY9;91.15;89.78;91.15;10-Dec-2015
103165;Aditya Birla Sun Life Flexi Cap Fund -Regular - IDCW;INF209K01AQ3;INF209K01DT1;80.81;79.60;80.81;10-Dec-2015

Bandhan Mutual Fund
108594;BANDHAN Flexi Cap Fund - Regular Plan - Growth;INF194K01391;;70.1326;70.1326;70.1326;10-Dec-2015
108595;BANDHAN Flexi Cap Fund - Regular Plan - IDCW;INF194K01409;INF194K01417;33.3169;33.3169;33.3169;10-Dec-2015
118424;BANDHAN Flexi Cap Fund-Direct Plan-Growth;INF194K01W62;;71.5674;71.5674;71.5674;10-Dec-2015
118423;BANDHAN Flexi Cap Fund-Direct Plan-IDCW;INF194K01W70;INF194K01W88;33.8261;33.8261;33.8261;10-Dec-2015

Canara Robeco Mutual Fund
118275;CANARA ROBECO FLEXICAP FUND - DIRECT PLAN - GROWTH OPTION;INF760K01EF0;;91.5700;91.5700;91.5700;10-Dec-2015
118276;CANARA ROBECO FLEXICAP FUND - DIRECT PLAN - IDCW (Payout/Reinvestment);INF760K01ED5;INF760K01EE3;39.6100;39.6100;39.6100;10-Dec-2015
101922;CANARA ROBECO FLEXICAP FUND - REGULAR PLAN - GROWTH OPTION;INF760K01019;;90.1900;90.1900;90.1900;10-Dec-2015
101923;CANARA ROBECO FLEXICAP FUND - REGULAR PLAN - IDCW (Payout/Reinvestment);INF760K01027;INF760K01035;30.9500;30.9500;30.9500;10-Dec-2015

DSP Mutual Fund
119076;DSP Flexi Cap Fund - Direct Plan - Growth;INF740K01PI2;;26.858;26.589;26.858;10-Dec-2015
119077;DSP Flexi Cap Fund - Direct Plan - IDCW;INF740K01PJ0;INF740K01PK8;68.362;67.678;68.362;10-Dec-2015
105875;DSP Flexi Cap Fund - Regular Plan - Growth;INF740K01037;;26.410;26.146;26.410;10-Dec-2015
100080;DSP Flexi Cap Fund - Regular Plan - IDCW;INF740K01011;INF740K01029;55.356;54.802;55.356;10-Dec-2015

Franklin Templeton Mutual Fund
118535;Franklin India Flexi Cap Fund - Direct - Growth;INF090I01FK3;;436.7099;432.3428;436.7099;10-Dec-2015
118534;Franklin India Flexi Cap Fund - Direct - IDCW ;INF090I01FL1;INF090I01FM9;36.4038;36.0398;36.4038;10-Dec-2015
100520;Franklin India Flexi Cap Fund - Growth;INF090I01239;;426.3365;422.0731;426.3365;10-Dec-2015
100519;Franklin India Flexi Cap Fund - IDCW ;INF090I01213;INF090I01221;35.4778;35.1230;35.4778;10-Dec-2015

HDFC Mutual Fund
118955;HDFC Flexi Cap Fund - Growth Option - Direct Plan;INF179K01UT0;;445.079;440.628;445.079;10-Dec-2015
101762;HDFC Flexi Cap Fund - Growth Plan;INF179K01608;;435.62;431.264;435.62;10-Dec-2015
118954;HDFC Flexi Cap Fund - IDCW Option - Direct Plan;INF179K01VL5;INF179K01VM3;51.006;50.496;51.006;10-Dec-2015
101763;HDFC Flexi Cap Fund - IDCW Plan;INF179K01582;INF179K01590;49.798;49.3;49.798;10-Dec-2015

HSBC Mutual Fund
120046;HSBC Flexi Cap Fund - Direct Growth;INF336L01DH5;;60.9816;60.9816;60.9816;10-Dec-2015
120045;HSBC Flexi Cap Fund - Direct IDCW;INF336L01DF9;INF336L01DG7;21.7803;21.7803;21.7803;10-Dec-2015
102252;HSBC Flexi Cap Fund - Regular Growth;INF336L01AF5;;59.6564;59.6564;59.6564;10-Dec-2015
102251;HSBC Flexi Cap Fund - Regular IDCW;INF336L01AE8;INF336L01AD0;20.168;20.168;20.168;10-Dec-2015

IDBI Mutual Fund
128236;IDBI FLEXI CAP FUND Growth Direct;INF397L01HF2;;16.3100;16.1500;16.3100;10-Dec-2015
128235;IDBI FLEXI CAP FUND Growth Regular;INF397L01HJ4;;16.1500;15.9900;16.1500;10-Dec-2015
128233;IDBI FLEXI CAP FUND IDCW - Direct Plan;INF397L01HC9;;15.3400;15.1900;15.3400;10-Dec-2015
128234;IDBI FLEXI CAP FUND IDCW - Regular Plan;INF397L01HG0;;15.1900;15.0400;15.1900;10-Dec-2015

JM Financial Mutual Fund
120492;JM Flexicap Fund (Direct) - Growth Option;INF192K01CC7;;20.6456;20.6456;20.6456;10-Dec-2015
120491;JM Flexicap Fund (Direct) - IDCW;INF192K01CA1;INF192K01CB9;19.0729;19.0729;19.0729;10-Dec-2015
109522;JM Flexicap Fund (Regular) - Growth option;INF192K01635;;20.1114;20.1114;20.1114;10-Dec-2015
109523;JM Flexicap Fund (Regular) - IDCW;INF192K01619;INF192K01627;18.7048;18.7048;18.7048;10-Dec-2015

Kotak Mahindra Mutual Fund
112090;Kotak Flexicap Fund - Growth;INF174K01336;;22.302;22.079;22.302;10-Dec-2015
120166;Kotak Flexicap Fund - Growth - Direct;INF174K01LS2;;22.848;22.62;22.848;10-Dec-2015
112089;Kotak Flexicap Fund - Payout of Income Distribution cum capital withdrawal option;INF174K01351;INF174K01344;18.036;17.856;18.036;10-Dec-2015
120165;Kotak Flexicap Fund - Payout of Income Distribution cum capital withdrawal option- Direct;INF174K01LQ6;INF174K01LR4;18.509;18.324;18.509;10-Dec-2015

LIC Mutual Fund
120264;LIC MF Flexi Cap Fund-Direct Plan-Growth;INF767K01EG3;;37.7171;37.3399;37.7171;10-Dec-2015
120263;LIC MF Flexi Cap Fund-Direct Plan-IDCW;INF767K01EF5;INF767K01EH1;14.5498;14.4043;14.5498;10-Dec-2015
100313;LIC MF Flexi Cap Fund-Regular Plan-Growth;INF767K01071;;37.1362;36.7648;37.1362;10-Dec-2015
100312;LIC MF Flexi Cap Fund-Regular Plan-IDCW;INF767K01063;INF767K01055;13.6862;13.5493;13.6862;10-Dec-2015

Motilal Oswal Mutual Fund
129047;Motilal Oswal Flexi Cap Fund Direct - IDCW Payout/Reinvestment;INF247L01528;INF247L01510;17.1951;17.1951;17.1951;10-Dec-2015
129046;Motilal Oswal Flexi cap Fund Direct Plan-Growth Option;INF247L01502;;17.1951;17.1951;17.1951;10-Dec-2015
129049;Motilal Oswal Flexi cap Fund Regular - IDCW Payout/Reinvestment;INF247L01494;INF247L01486;16.8973;16.8973;16.8973;10-Dec-2015
129048;Motilal Oswal Flexi Cap Fund Regular Plan-Growth Option;INF247L01478;;16.8973;16.8973;16.8973;10-Dec-2015

PGIM India Mutual Fund
133837;PGIM India Flexi Cap Fund - Direct Plan - Dividend Option;INF663L01FG9;INF663L01FH7;9.84;9.74;9.84;10-Dec-2015
133839;PGIM India Flexi Cap Fund - Direct Plan - Growth Option;INF663L01FF1;;9.84;9.74;9.84;10-Dec-2015
133838;PGIM India Flexi Cap Fund - Regular Plan - Dividend Option;INF663L01FK1;INF663L01FL9;9.80;9.70;9.80;10-Dec-2015
133836;PGIM India Flexi Cap Fund - Regular Plan - Growth Option;INF663L01FJ3;;9.80;9.70;9.80;10-Dec-2015

PPFAS Mutual Fund
122639;Parag Parikh Flexi Cap Fund - Direct Plan - Growth;INF879O01027;;17.4146;17.0663;17.4146;10-Dec-2015
122640;Parag Parikh Flexi Cap Fund - Regular Plan - Growth;INF879O01019;;17.2008;16.8568;17.2008;10-Dec-2015

quant Mutual Fund
109830;quant Flexi Cap Fund - Growth Option - Regular Plan;INF966L01457;;17.3396;17.1662;17.3396;10-Dec-2015
120843;quant Flexi Cap Fund - Growth Option-Direct Plan;INF966L01911;;17.5993;17.4233;17.5993;10-Dec-2015
120842;quant Flexi Cap Fund - IDCW Option - Direct Plan;INF966L01895;INF966L01903;12.4248;12.3006;12.4248;10-Dec-2015
109831;quant Flexi Cap Fund - IDCW Option - Regular Plan;INF966L01432;INF966L01440;12.4172;12.2930;12.4172;10-Dec-2015

SBI Mutual Fund
119718;SBI Flexicap Fund - DIRECT PLAN - Growth Option;INF200K01UG1;;32.6911;32.3642;32.6911;10-Dec-2015
119717;SBI Flexicap Fund - Direct Plan - Income Distribution cum Capital Withdrawal Option (IDCW);INF200K01UE6;INF200K01UF3;21.6812;21.4644;21.6812;10-Dec-2015
103216;SBI Flexicap Fund - Regular Plan - Income Distribution cum Capital Withdrawal Option (IDCW);INF200K01230;INF200K01248;19.0744;18.8837;19.0744;10-Dec-2015
103215;SBI Flexicap Fund - REGULAR PLAN -Growth Option;INF200K01222;;32.119;31.7978;32.119;10-Dec-2015

Taurus Mutual Fund
118884;Taurus Flexi Cap Fund - Direct Plan -  Payout of Income Distribution cum Capital Withdrawal option;INF044D01BV7;INF044D01BW5;60.53;59.92;60.53;10-Dec-2015
118883;Taurus Flexi Cap Fund - Direct Plan - Growth;INF044D01BU9;;87.22;86.35;87.22;10-Dec-2015
100476;Taurus Flexi Cap Fund - Regular Plan - Growth ;INF044D01989;;85.71;84.85;85.71;10-Dec-2015
111640;Taurus Flexi Cap Fund - Regular Plan - Payout of Income Distribution cum Capital Withdrawal option;INF044D01955;INF044D01963;60.34;59.74;60.34;10-Dec-2015

Union Mutual Fund
119292;Union Flexi Cap Fund - Direct Plan - Growth Option;INF582M01633;;14.84;14.69;14.84;10-Dec-2015
119293;Union Flexi Cap Fund - Direct Plan - IDCW Option;INF582M01658;INF582M01641;14.84;14.69;14.84;10-Dec-2015
115270;Union Flexi Cap Fund - Growth Option;INF582M01104;;14.52;14.37;14.52;10-Dec-2015
115290;Union Flexi Cap Fund - IDCW Option;INF582M01120;INF582M01112;13.54;13.40;13.54;10-Dec-2015

UTI Mutual Fund
100669;UTI - Flexi Cap Fund-Growth Option;INF789F01513;;97.0062;97.0062;97.01;10-Dec-2015
120662;UTI - Flexi Cap Fund-Growth Option - Direct;INF789F01TC4;;97.914;97.914;97.91;10-Dec-2015
120663;UTI Flexi Cap Fund - Direct Plan - IDCW;INF789F01TA8;INF789F01TB6;79.5375;79.5375;79.54;10-Dec-2015
100668;UTI Flexi Cap Fund - Regular Plan - IDCW;INF189A01053;INF789F01505;78.7667;78.7667;78.77;10-Dec-2015

Close Ended Schemes ( Income )


360 ONE Mutual Fund
121898;IIFL Fixed Maturity Plan - Series 6 - Direct Plan - Growth Option;INF579M01951;;12.6451;12.6451;12.6451;10-Dec-2015
121900;IIFL Fixed Maturity Plan - Series 6 - Regular Plan - Growth Option;INF579M01936;;12.6199;12.6199;12.6199;10-Dec-2015

Aditya Birla Sun Life Mutual Fund
118027;Aditya Birla Sun Life Capital Protection Oriented Fund - Series 14 - Growth;INF209K01TP5;;13.5017;13.5017;13.5017;10-Dec-2015
125057;Aditya Birla Sun Life Capital Protection Oriented Fund - Series 16 - Direct Plan-Growth;INF209KB1887;;12.4873;12.4873;12.4873;10-Dec-2015
125056;Aditya Birla Sun Life Capital Protection Oriented Fund - Series 16 - Regular Plan-Growth;INF209KB1879;;12.1708;12.1708;12.1708;10-Dec-2015
125517;Aditya Birla Sun Life Capital Protection Oriented Fund - Series 17 - Direct Plan-Growth;INF209KB1AG7;;12.5074;12.5074;12.5074;10-Dec-2015
125518;Aditya Birla Sun Life Capital Protection Oriented Fund - Series 17 - Regular Plan-Growth;INF209KB1AF9;;12.1293;12.1293;12.1293;10-Dec-2015
126611;Aditya Birla Sun Life Capital Protection Oriented Fund - Series 18 - Direct Plan-Growth;INF209KB1AO1;;12.2829;12.2829;12.2829;10-Dec-2015
126610;Aditya Birla Sun Life Capital Protection Oriented Fund - Series 18 - Regular Plan-Growth;INF209KB1AN3;;11.9614;11.9614;11.9614;10-Dec-2015
127535;Aditya Birla Sun Life Capital Protection Oriented Fund - Series 19 - Direct Plan-Growth;INF209KB1CS8;;11.9799;11.9799;11.9799;10-Dec-2015
127534;Aditya Birla Sun Life Capital Protection Oriented Fund - Series 19 - Regular Plan-Growth;INF209KB1CR0;;11.6597;11.6597;11.6597;10-Dec-2015
129215;Aditya Birla Sun Life Capital Protection Oriented Fund - Series 20 - Direct Plan-Growth;INF209KA1HH1;;11.7447;11.7447;11.7447;10-Dec-2015
129214;Aditya Birla Sun Life Capital Protection Oriented Fund - Series 20 - Regular Plan-Growth;INF209KA1HI9;;11.4572;11.4572;11.4572;10-Dec-2015
129921;Aditya Birla Sun Life Capital Protection Oriented Fund - Series 21 - Direct Plan-Growth;INF209KB1HJ6;;11.3120;11.3120;11.3120;10-Dec-2015
129922;Aditya Birla Sun Life Capital Protection Oriented Fund - Series 21 - Regular Plan-Growth;INF209KB1HK4;;11.0537;11.0537;11.0537;10-Dec-2015
130785;Aditya Birla Sun Life Capital Protection Oriented Fund - Series 22 - Direct Plan - Growth;INF209KB1IR7;;11.1763;11.1763;11.1763;10-Dec-2015
130786;Aditya Birla Sun Life Capital Protection Oriented Fund - Series 22 - Regular Plan - Growth;INF209KB1IS5;;10.9619;10.9619;10.9619;10-Dec-2015
131165;Aditya Birla Sun Life Capital Protection Oriented Fund - Series 23 - Direct Plan - Growth;INF209KA1OP0;;10.9998;10.9998;10.9998;10-Dec-2015
131166;Aditya Birla Sun Life Capital Protection Oriented Fund - Series 23 - Regular Plan - Growth;INF209KA1OQ8;;10.8048;10.8048;10.8048;10-Dec-2015
132977;Aditya Birla Sun Life Capital Protection Oriented Fund - Series 25 - Direct Plan - Growth;INF209KA1TN4;;9.8808;9.8808;9.8808;10-Dec-2015
132978;Aditya Birla Sun Life Capital Protection Oriented Fund - Series 25 - Regular Plan - Growth;INF209KA1TO2;;9.7326;9.7326;9.7326;10-Dec-2015
134149;Aditya Birla Sun Life Capital Protection Oriented Fund - Series 26 - Direct Plan-Growth;INF209KA1J73;;9.4442;9.4442;9.4442;10-Dec-2015
134148;Aditya Birla Sun Life Capital Protection Oriented Fund - Series 26 - Regular Plan-Growth;INF209KA1J81;;9.3702;9.3702;9.3702;10-Dec-2015
126600;Aditya Birla Sun Life Fixed Term Plan - Corporate Bond Series A (1170 days) - Direct Plan-Dividend;INF209KA1623;;12.0641;12.0641;12.0641;10-Dec-2015
126598;Aditya Birla Sun Life Fixed Term Plan - Corporate Bond Series A (1170 days) - Direct Plan-Growth;INF209KA1615;;12.2115;12.2115;12.2115;10-Dec-2015
126599;Aditya Birla Sun Life Fixed Term Plan - Corporate Bond Series A (1170 days) - Regular Plan-Dividend;INF209KA1607;;12.0024;12.0024;12.0024;10-Dec-2015
126601;Aditya Birla Sun Life Fixed Term Plan - Corporate Bond Series A (1170 days) - Regular Plan-Growth;INF209KA1599;;12.1493;12.1493;12.1493;10-Dec-2015
126744;Aditya Birla Sun Life Fixed Term Plan - Corporate Bond Series B (1168 days) - Direct Plan-Dividend;INF209KA1664;;12.0891;12.0891;12.0891;10-Dec-2015
126745;Aditya Birla Sun Life Fixed Term Plan - Corporate Bond Series B (1168 days) - Direct Plan-Growth;INF209KA1656;;12.0891;12.0891;12.0891;10-Dec-2015
126743;Aditya Birla Sun Life Fixed Term Plan - Corporate Bond Series B (1168 days) - Regular Plan-Dividend;INF209KA1649;;11.9847;11.9847;11.9847;10-Dec-2015
126746;Aditya Birla Sun Life Fixed Term Plan - Corporate Bond Series B (1168 days) - Regular Plan-Growth;INF209KA1631;;11.9847;11.9847;11.9847;10-Dec-2015
116499;Aditya Birla Sun Life Fixed Term Plan-Series EN-Dividend;INF209K01OA8;;14.1398;14.1398;14.1398;10-Dec-2015
116500;Aditya Birla Sun Life Fixed Term Plan-Series EN-Growth;INF209K01NZ7;;14.1398;14.1398;14.1398;10-Dec-2015
118242;Aditya Birla Sun Life Fixed Term Plan-Series GC (1217 days)-Dividend;INF209KA1X75;;10.5474;10.5474;10.5474;10-Dec-2015
118243;Aditya Birla Sun Life Fixed Term Plan-Series GC (1217 days)-Growth;INF209KA1X18;;12.8134;12.8134;12.8134;10-Dec-2015
120942;Aditya Birla Sun Life Fixed Term Plan - Series GI (1185 days) - Direct Plan-Growth;INF209K01ZS6;;12.9172;12.9172;12.9172;10-Dec-2015
120938;Aditya Birla Sun Life Fixed Term Plan - Series GI (1185 days) - Direct Plan-Normal Dividend;INF209K01ZT4;;12.5833;12.5833;12.5833;10-Dec-2015
120939;Aditya Birla Sun Life Fixed Term Plan - Series GI (1185 days) - Direct Plan-Quarterly Dividend;INF209K01ZU2;;11.1280;11.1280;11.1280;10-Dec-2015
120940;Aditya Birla Sun Life Fixed Term Plan - Series GI (1185 days) - Regular Plan-Normal Dividend;INF209K01ZQ0;;12.5077;12.5077;12.5077;10-Dec-2015
120941;Aditya Birla Sun Life Fixed Term Plan - Series GI (1185 days) - Regular Plan-Quarterly Dividend;INF209K01ZR8;;11.1005;11.1005;11.1005;10-Dec-2015
120943;Aditya Birla Sun Life Fixed Term Plan - Series GI (1185 days) -Regular Plan-Growth;INF209K01ZP2;;12.8415;12.8415;12.8415;10-Dec-2015
123007;Aditya Birla Sun Life Fixed Term Plan - Series HC (1099 days) - Direct Plan-Growth;INF209KA1Q74;;12.3253;12.3253;12.3253;10-Dec-2015
123005;Aditya Birla Sun Life Fixed Term Plan - Series HC (1099 days) - Direct Plan-Normal Dividend;INF209KA1Q82;;10.5744;10.5744;10.5744;10-Dec-2015
123006;Aditya Birla Sun Life Fixed Term Plan - Series HC (1099 days) - Direct Plan-Quarterly Dividend;INF209KA1Q90;;10.5000;10.5000;10.5000;10-Dec-2015
123010;Aditya Birla Sun Life Fixed Term Plan - Series HC (1099 days) - Regular Plan-Growth;INF209KA1R08;;12.2886;12.2886;12.2886;10-Dec-2015
123009;Aditya Birla Sun Life Fixed Term Plan - Series HC (1099 days) - Regular Plan-Quarterly Dividend;INF209KA1Q66;;10.4894;10.4894;10.4894;10-Dec-2015
123235;Aditya Birla Sun Life Fixed Term Plan - Series HI (1099 days) - Direct Plan-Growth;INF209KA1NC0;;12.4190;12.4190;12.4190;10-Dec-2015
123233;Aditya Birla Sun Life Fixed Term Plan - Series HI (1099 days) - Regular Plan-Growth;INF209KA1MZ3;;12.4104;12.4104;12.4104;10-Dec-2015
123236;Aditya Birla Sun Life Fixed Term Plan - Series HI (1099 days) - Regular Plan-Normal Dividend;INF209KA1NA4;;11.3072;11.3072;11.3072;10-Dec-2015
123442;Aditya Birla Sun Life Fixed Term Plan - Series HJ (1105 days) - Direct Plan-Growth;INF209KA1NO5;;12.4278;12.4278;12.4278;10-Dec-2015
123443;Aditya Birla Sun Life Fixed Term Plan - Series HJ (1105 days) - Regular Plan-Growth;INF209KA1NL1;;12.4196;12.4196;12.4196;10-Dec-2015
123438;Aditya Birla Sun Life Fixed Term Plan - Series HJ (1105 days) - Regular Plan-Normal Dividend;INF209KA1NM9;;11.2975;11.2975;11.2975;10-Dec-2015
123439;Aditya Birla Sun Life Fixed Term Plan - Series HJ (1105 days) - Regular Plan-Quarterly Dividend;INF209KA1NN7;;10.8614;10.8614;10.8614;10-Dec-2015
123433;Aditya Birla Sun Life Fixed Term Plan - Series HK (1100 days) - Direct Plan-Growth;INF209KA1NU2;;12.4501;12.4501;12.4501;10-Dec-2015
123437;Aditya Birla Sun Life Fixed Term Plan - Series HK (1100 days) - Regular Plan-Growth;INF209KA1NR8;;12.4419;12.4419;12.4419;10-Dec-2015
123602;Aditya Birla Sun Life Fixed Term Plan - Series HL (1463 days) - Direct Plan-Growth;INF209KB1382;;12.4480;12.4480;12.4480;10-Dec-2015
123601;Aditya Birla Sun Life Fixed Term Plan - Series HL (1463 days) - Direct Plan-Normal Dividend;INF209KB1390;;11.2697;11.2697;11.2697;10-Dec-2015
123603;Aditya Birla Sun Life Fixed Term Plan - Series HL (1463 days) - Regular Plan-Growth;INF209KB1416;;12.4350;12.4350;12.4350;10-Dec-2015
123605;Aditya Birla Sun Life Fixed Term Plan - Series HL (1463 days) - Regular Plan-Normal Dividend;INF209KB1424;;11.2617;11.2617;11.2617;10-Dec-2015
123805;Aditya Birla Sun Life Fixed Term Plan - Series HM (1098 days) - Direct Plan-Growth;INF209KA1OM7;;12.4488;12.4488;12.4488;10-Dec-2015
123802;Aditya Birla Sun Life Fixed Term Plan - Series HM (1098 days) - Direct Plan-Normal Dividend;INF209KA1ON5;;11.2571;11.2571;11.2571;10-Dec-2015
123803;Aditya Birla Sun Life Fixed Term Plan - Series HM (1098 days) - Regular Plan-Growth;INF209KA1OJ3;;12.4160;12.4160;12.4160;10-Dec-2015
123806;Aditya Birla Sun Life Fixed Term Plan - Series HM (1098 days) - Regular Plan-Normal Dividend;INF209KA1OK1;;11.2442;11.2442;11.2442;10-Dec-2015
123807;Aditya Birla Sun Life Fixed Term Plan - Series HM (1098 days) - Regular Plan-Quarterly Dividend;INF209KA1OL9;;10.8287;10.8287;10.8287;10-Dec-2015
123828;Aditya Birla Sun Life Fixed Term Plan - Series HQ (1098 days) - Direct Plan-Growth;INF209KA1OU0;;12.4374;12.4374;12.4374;10-Dec-2015
123831;Aditya Birla Sun Life Fixed Term Plan - Series HQ (1098 days) - Direct Plan-Quarterly Dividend;INF209KA1OW6;;10.8290;10.8290;10.8290;10-Dec-2015
123827;Aditya Birla Sun Life Fixed Term Plan - Series HQ (1098 days) - Regular Plan-Growth;INF209KA1OR6;;12.4033;12.4033;12.4033;10-Dec-2015
123829;Aditya Birla Sun Life Fixed Term Plan - Series HQ (1098 days) - Regular Plan-Normal Dividend;INF209KA1OS4;;11.2241;11.2241;11.2241;10-Dec-2015
124047;Aditya Birla Sun Life Fixed Term Plan - Series HR (1096 days) - Direct Plan-Growth;INF209K019B4;;12.3036;12.3036;12.3036;10-Dec-2015
124043;Aditya Birla Sun Life Fixed Term Plan - Series HR (1096 days) - Direct Plan-Normal Dividend;INF209K010C1;;12.3036;12.3036;12.3036;10-Dec-2015
124046;Aditya Birla Sun Life Fixed Term Plan - Series HR (1096 days) - Direct Plan-Quarterly Dividend;INF209K011C9;;11.1543;11.1543;11.1543;10-Dec-2015
124045;Aditya Birla Sun Life Fixed Term Plan - Series HR (1096 days) - Regular Plan-Growth;INF209K016B0;;12.1661;12.1661;12.1661;10-Dec-2015
124044;Aditya Birla Sun Life Fixed Term Plan - Series HR (1096 days) - Regular Plan-Normal Dividend;INF209K017B8;;12.1661;12.1661;12.1661;10-Dec-2015
124048;Aditya Birla Sun Life Fixed Term Plan - Series HR (1096 days) - Regular Plan-Quarterly Dividend;INF209K018B6;;11.0919;11.0919;11.0919;10-Dec-2015
124053;Aditya Birla Sun Life Fixed Term Plan - Series HS (1465 days) - Direct Plan-Growth;INF209KB1598;;12.4258;12.4258;12.4258;10-Dec-2015
124052;Aditya Birla Sun Life Fixed Term Plan - Series HS (1465 days) - Regular Plan-Growth;INF209KB1606;;12.3903;12.3903;12.3903;10-Dec-2015
124054;Aditya Birla Sun Life Fixed Term Plan - Series HS (1465 days) - Regular Plan-Normal Dividend;INF209KB1614;;11.2170;11.2170;11.2170;10-Dec-2015
124051;Aditya Birla Sun Life Fixed Term Plan - Series HS (1465 days) - Regular Plan-Quarterly Dividend;INF209KB1622;;10.8119;10.8119;10.8119;10-Dec-2015
124064;Aditya Birla Sun Life Fixed Term Plan - Series HV (1098 days) - Direct Plan-Growth;INF209KA1PG6;;12.3524;12.3524;12.3524;10-Dec-2015
124063;Aditya Birla Sun Life Fixed Term Plan - Series HV (1098 days) - Direct Plan-Normal Dividend;INF209KA1PH4;;11.2165;11.2165;11.2165;10-Dec-2015
124066;Aditya Birla Sun Life Fixed Term Plan - Series HV (1098 days) - Regular Plan-Growth;INF209KA1PD3;;12.3199;12.3199;12.3199;10-Dec-2015
124065;Aditya Birla Sun Life Fixed Term Plan - Series HV (1098 days) - Regular Plan-Quarterly Dividend;INF209KA1PF8;;10.8100;10.8100;10.8100;10-Dec-2015
124071;Aditya Birla Sun Life Fixed Term Plan - Series HW (1099 days) - Direct Plan-Growth;INF209KA12K3;;12.1427;12.1427;12.1427;10-Dec-2015
124073;Aditya Birla Sun Life Fixed Term Plan - Series HW (1099 days) - Regular Plan-Growth;INF209KA15K6;;12.0081;12.0081;12.0081;10-Dec-2015
124072;Aditya Birla Sun Life Fixed Term Plan - Series HW (1099 days) - Regular Plan-Normal Dividend;INF209KA16K4;;10.1822;10.1822;10.1822;10-Dec-2015
124410;Aditya Birla Sun Life Fixed Term Plan - Series HY (1098 days) - Direct Plan-Growth;INF209KA1PS1;;12.3712;12.3712;12.3712;10-Dec-2015
124405;Aditya Birla Sun Life Fixed Term Plan - Series HY (1098 days) - Direct Plan-Normal Dividend;INF209KA1PT9;;11.2243;11.2243;11.2243;10-Dec-2015
124408;Aditya Birla Sun Life Fixed Term Plan - Series HY (1098 days) - Regular Plan-Growth;INF209KA1PP7;;12.3348;12.3348;12.3348;10-Dec-2015
124406;Aditya Birla Sun Life Fixed Term Plan - Series HY (1098 days) - Regular Plan-Normal Dividend;INF209KA1PQ5;;11.2025;11.2025;11.2025;10-Dec-2015
124407;Aditya Birla Sun Life Fixed Term Plan - Series HY (1098 days) - Regular Plan-Quarterly Dividend;INF209KA1PR3;;10.8098;10.8098;10.8098;10-Dec-2015
124481;Aditya Birla Sun Life Fixed Term Plan - Series IC (1098 days) - Direct Plan-Growth;INF209KA1QK6;;12.2695;12.2695;12.2695;10-Dec-2015
124479;Aditya Birla Sun Life Fixed Term Plan - Series IC (1098 days) - Direct Plan-Normal Dividend;INF209KA1QL4;;11.1857;11.1857;11.1857;10-Dec-2015
124484;Aditya Birla Sun Life Fixed Term Plan - Series IC (1098 days) - Regular Plan-Growth;INF209KA1QH2;;12.2314;12.2314;12.2314;10-Dec-2015
124482;Aditya Birla Sun Life Fixed Term Plan - Series IC (1098 days) - Regular Plan-Normal Dividend;INF209KA1QI0;;11.1676;11.1676;11.1676;10-Dec-2015
124483;Aditya Birla Sun Life Fixed Term Plan - Series IC (1098 days) - Regular Plan-Quarterly Dividend;INF209KA1QJ8;;10.7907;10.7907;10.7907;10-Dec-2015
124486;Aditya Birla Sun Life Fixed Term Plan - Series ID (1094 days) - Direct Plan-Growth;INF209K019G3;;12.2766;12.2766;12.2766;10-Dec-2015
124485;Aditya Birla Sun Life Fixed Term Plan - Series ID (1094 days) - Direct Plan-Normal Dividend;INF209K010H0;;12.2766;12.2766;12.2766;10-Dec-2015
124490;Aditya Birla Sun Life Fixed Term Plan - Series ID (1094 days) - Regular Plan-Growth;INF209K016G9;;12.1468;12.1468;12.1468;10-Dec-2015
124487;Aditya Birla Sun Life Fixed Term Plan - Series ID (1094 days) - Regular Plan-Normal Dividend;INF209K017G7;;12.1468;12.1468;12.1468;10-Dec-2015
124489;Aditya Birla Sun Life Fixed Term Plan - Series ID (1094 days) - Regular Plan-Quarterly Dividend;INF209K018G5;;11.0500;11.0500;11.0500;10-Dec-2015
124765;Aditya Birla Sun Life Fixed Term Plan - Series IG (1098 days) - Direct Plan-Growth;INF209KA1QY7;;12.2129;12.2129;12.2129;10-Dec-2015
124768;Aditya Birla Sun Life Fixed Term Plan - Series IG (1098 days) - Regular Plan-Growth;INF209KA1QT7;;12.1729;12.1729;12.1729;10-Dec-2015
124856;Aditya Birla Sun Life Fixed Term Plan - Series IL (1097 days) - Direct Plan-Growth;INF209KA1SE5;;12.1352;12.1352;12.1352;10-Dec-2015
124854;Aditya Birla Sun Life Fixed Term Plan - Series IL (1097 days) - Direct Plan-Normal Dividend;INF209KA1SF2;;11.1134;11.1134;11.1134;10-Dec-2015
124859;Aditya Birla Sun Life Fixed Term Plan - Series IL (1097 days) - Regular Plan-Growth;INF209KA1SB1;;12.0976;12.0976;12.0976;10-Dec-2015
124858;Aditya Birla Sun Life Fixed Term Plan - Series IL (1097 days) - Regular Plan-Quarterly Dividend;INF209KA1SD7;;10.7683;10.7683;10.7683;10-Dec-2015
125053;Aditya Birla Sun Life Fixed Term Plan - Series IO (1097 days) - Direct Plan-Growth;INF209KA1SQ9;;12.0545;12.0545;12.0545;10-Dec-2015
125055;Aditya Birla Sun Life Fixed Term Plan - Series IO (1097 days) - Regular Plan-Growth;INF209KA1SN6;;12.0136;12.0136;12.0136;10-Dec-2015
125073;Aditya Birla Sun Life Fixed Term Plan - Series IP (1100 days) - Direct Plan-Growth;INF209KB1069;;12.1997;12.1997;12.1997;10-Dec-2015
125071;Aditya Birla Sun Life Fixed Term Plan - Series IP (1100 days) - Direct Plan-Normal Dividend;INF209KB1077;;12.1997;12.1997;12.1997;10-Dec-2015
125076;Aditya Birla Sun Life Fixed Term Plan - Series IP (1100 days) - Regular Plan-Growth;INF209KB1093;;12.1165;12.1165;12.1165;10-Dec-2015
125074;Aditya Birla Sun Life Fixed Term Plan - Series IP (1100 days) - Regular Plan-Normal Dividend;INF209KB1101;;12.1165;12.1165;12.1165;10-Dec-2015
125072;Aditya Birla Sun Life Fixed Term Plan - Series IP (1100 days) -Direct Plan-Quarterly Dividend;INF209KB1085;;11.0449;11.0449;11.0449;10-Dec-2015
125170;Aditya Birla Sun Life Fixed Term Plan - Series IU (1099 days) - Direct Plan-Growth;INF209KA1W35;;11.9710;11.9710;11.9710;10-Dec-2015
125173;Aditya Birla Sun Life Fixed Term Plan - Series IU (1099 days) - Regular Plan-Growth;INF209KA1W68;;11.8671;11.8671;11.8671;10-Dec-2015
125171;Aditya Birla Sun Life Fixed Term Plan - Series IU (1099 days) - Regular Plan-Normal Dividend;INF209KA1W76;;10.5262;10.5262;10.5262;10-Dec-2015
125172;Aditya Birla Sun Life Fixed Term Plan - Series IU (1099 days) - Regular Plan-Quarterly Dividend;INF209KA1W27;;10.4608;10.4608;10.4608;10-Dec-2015
125447;Aditya Birla Sun Life Fixed Term Plan - Series IX (1105 days) - Direct Plan-Growth;INF209KB1903;;12.1226;12.1226;12.1226;10-Dec-2015
125448;Aditya Birla Sun Life Fixed Term Plan - Series IX (1105 days) - Direct Plan-Normal Dividend;INF209KB1911;;12.1226;12.1226;12.1226;10-Dec-2015
125451;Aditya Birla Sun Life Fixed Term Plan - Series IX (1105 days) - Regular Plan-Growth;INF209KB1937;;12.0083;12.0083;12.0083;10-Dec-2015
125450;Aditya Birla Sun Life Fixed Term Plan - Series IX (1105 days) - Regular Plan-Normal Dividend;INF209KB1945;;12.0083;12.0083;12.0083;10-Dec-2015
125449;Aditya Birla Sun Life Fixed Term Plan - Series IX (1105 days) - Regular Plan-Quarterly Dividend;INF209KB1895;;11.0646;11.0646;11.0646;10-Dec-2015
125442;Aditya Birla Sun Life Fixed Term Plan - Series IY (1598 days) - Direct Plan-Growth;INF209KA1V77;;11.8918;11.8918;11.8918;10-Dec-2015
125445;Aditya Birla Sun Life Fixed Term Plan - Series IY (1598 days) - Regular Plan-Growth;INF209KA1W01;;11.7826;11.7826;11.7826;10-Dec-2015
125443;Aditya Birla Sun Life Fixed Term Plan - Series IY (1598 days) - Regular Plan-Normal Dividend;INF209KA1W19;;10.5046;10.5046;10.5046;10-Dec-2015
125444;Aditya Birla Sun Life Fixed Term Plan - Series IY (1598 days) - Regular Plan-Quarterly Dividend;INF209KA1V69;;10.4501;10.4501;10.4501;10-Dec-2015
125581;Aditya Birla Sun Life Fixed Term Plan - Series JA (1464 days) - Direct Plan-Growth;INF209KB1AA0;;11.9295;11.9295;11.9295;10-Dec-2015
125584;Aditya Birla Sun Life Fixed Term Plan - Series JA (1464 days) - Regular Plan-Growth;INF209KB1AD4;;11.9102;11.9102;11.9102;10-Dec-2015
126067;Aditya Birla Sun Life Fixed Term Plan - Series JI (1099 days) - Direct Plan-Growth;INF209KA1VU5;;11.8830;11.8830;11.8830;10-Dec-2015
126068;Aditya Birla Sun Life Fixed Term Plan - Series JI (1099 days) - Regular Plan-Growth;INF209KA1VX9;;11.8622;11.8622;11.8622;10-Dec-2015
126015;Aditya Birla Sun Life Fixed Term Plan - Series JJ (1092 days) - Direct Plan-Growth;INF209K011Y3;;12.0419;12.0419;12.0419;10-Dec-2015
126013;Aditya Birla Sun Life Fixed Term Plan - Series JJ (1092 days) - Direct Plan-Normal Dividend;INF209K012Y1;;12.0419;12.0419;12.0419;10-Dec-2015
126017;Aditya Birla Sun Life Fixed Term Plan - Series JJ (1092 days) - Regular Plan-Growth;INF209K018X0;;11.9296;11.9296;11.9296;10-Dec-2015
126016;Aditya Birla Sun Life Fixed Term Plan - Series JJ (1092 days) - Regular Plan-Normal Dividend;INF209K019X8;;11.9296;11.9296;11.9296;10-Dec-2015
126018;Aditya Birla Sun Life Fixed Term Plan - Series JJ (1092 days) - Regular Plan-Quarterly Dividend;INF209K010Y5;;11.0496;11.0496;11.0496;10-Dec-2015
126108;Aditya Birla Sun Life Fixed Term Plan - Series JK (1099 days) - Direct Plan-Growth;INF209KA19B7;;11.9018;11.9018;11.9018;10-Dec-2015
126107;Aditya Birla Sun Life Fixed Term Plan - Series JK (1099 days) - Direct Plan-Quarterly Dividend;INF209KA11C2;;10.4528;10.4528;10.4528;10-Dec-2015
126112;Aditya Birla Sun Life Fixed Term Plan - Series JK (1099 days) - Regular Plan-Growth;INF209KA12C0;;11.8257;11.8257;11.8257;10-Dec-2015
126110;Aditya Birla Sun Life Fixed Term Plan - Series JK (1099 days) - Regular Plan-Normal Dividend;INF209KA13C8;;10.4931;10.4931;10.4931;10-Dec-2015
126111;Aditya Birla Sun Life Fixed Term Plan - Series JK (1099 days) - Regular Plan-Quarterly Dividend;INF209KA18B9;;10.4349;10.4349;10.4349;10-Dec-2015
126228;Aditya Birla Sun Life Fixed Term Plan - Series JP (1175 days) - Direct Plan-Growth;INF209KA15C3;;11.8596;11.8596;11.8596;10-Dec-2015
126225;Aditya Birla Sun Life Fixed Term Plan - Series JP (1175 days) - Regular Plan-Growth;INF209KA18C7;;11.7918;11.7918;11.7918;10-Dec-2015
126229;Aditya Birla Sun Life Fixed Term Plan - Series JP (1175 days) - Regular Plan-Normal Dividend;INF209KA19C5;;10.4925;10.4925;10.4925;10-Dec-2015
126365;Aditya Birla Sun Life Fixed Term Plan-Series JQ (1099 days)-Direct Plan-Growth;INF209KA1XE5;;11.8164;11.8164;11.8164;10-Dec-2015
126367;Aditya Birla Sun Life Fixed Term Plan-Series JQ (1099 days)-Regular Plan-Growth;INF209KA1XH8;;11.7853;11.7853;11.7853;10-Dec-2015
126368;Aditya Birla Sun Life Fixed Term Plan-Series JQ (1099 days)-Regular Plan-Normal Dividend;INF209KA1XI6;;10.7915;10.7915;10.7915;10-Dec-2015
126369;Aditya Birla Sun Life Fixed Term Plan-Series JQ (1099 days)-Regular Plan-Quarterly Dividend;INF209KA1XD7;;10.6203;10.6203;10.6203;10-Dec-2015
126453;Aditya Birla Sun Life Fixed Term Plan - Series JR (1162 days) - Direct Plan-Growth;INF209KA11D0;;11.7848;11.7848;11.7848;10-Dec-2015
126452;Aditya Birla Sun Life Fixed Term Plan - Series JR (1162 days) - Direct Plan-Quarterly Dividend;INF209KA13D6;;10.4148;10.4148;10.4148;10-Dec-2015
126450;Aditya Birla Sun Life Fixed Term Plan - Series JR (1162 days) - Regular Plan-Growth;INF209KA14D4;;11.7187;11.7187;11.7187;10-Dec-2015
126449;Aditya Birla Sun Life Fixed Term Plan - Series JR (1162 days) - Regular Plan-Normal Dividend;INF209KA15D1;;10.4474;10.4474;10.4474;10-Dec-2015
126908;Aditya Birla Sun Life Fixed Term Plan - Series JX (1530 days) - Direct Plan-Growth;INF209KA1R32;;11.7476;11.7476;11.7476;10-Dec-2015
126911;Aditya Birla Sun Life Fixed Term Plan - Series JX (1530 days) - Regular Plan-Growth;INF209KA1R65;;11.6787;11.6787;11.6787;10-Dec-2015
126986;Aditya Birla Sun Life Fixed Term Plan - Series JY (1162 days) - Direct Plan-Growth;INF209KB1AW4;;11.7806;11.7806;11.7806;10-Dec-2015
126984;Aditya Birla Sun Life Fixed Term Plan - Series JY (1162 days) - Direct Plan-Normal Dividend;INF209KB1AX2;;10.7431;10.7431;10.7431;10-Dec-2015
126985;Aditya Birla Sun Life Fixed Term Plan - Series JY (1162 days) - Direct Plan-Quarterly Dividend;INF209KB1AY0;;10.5881;10.5881;10.5881;10-Dec-2015
126983;Aditya Birla Sun Life Fixed Term Plan - Series JY (1162 days) - Regular Plan-Growth;INF209KB1AZ7;;11.7514;11.7514;11.7514;10-Dec-2015
126987;Aditya Birla Sun Life Fixed Term Plan - Series JY (1162 days) - Regular Plan-Normal Dividend;INF209KB1BA8;;10.7304;10.7304;10.7304;10-Dec-2015
127062;Aditya Birla Sun Life Fixed Term Plan - Series KA (1154 days) - Direct Plan-Growth;INF209KA1R99;;11.7373;11.7373;11.7373;10-Dec-2015
127064;Aditya Birla Sun Life Fixed Term Plan - Series KA (1154 days) - Regular Plan-Growth;INF209KA1S23;;11.6687;11.6687;11.6687;10-Dec-2015
127063;Aditya Birla Sun Life Fixed Term Plan - Series KA (1154 days) - Regular Plan-Normal Dividend;INF209KA1S31;;10.5425;10.5425;10.5425;10-Dec-2015
127349;Aditya Birla Sun Life Fixed Term Plan - Series KC (1159 days) - Direct Plan-Growth;INF209KB1AQ6;;11.7640;11.7640;11.7640;10-Dec-2015
127347;Aditya Birla Sun Life Fixed Term Plan - Series KC (1159 days) - Regular Plan-Growth;INF209KB1AT0;;11.7553;11.7553;11.7553;10-Dec-2015
127486;Aditya Birla Sun Life Fixed Term Plan - Series KD (1143 days) - Direct Plan-Growth;INF209KB1BI1;;11.7459;11.7459;11.7459;10-Dec-2015
127489;Aditya Birla Sun Life Fixed Term Plan - Series KD (1143 days) - Regular Plan-Growth;INF209KB1BL5;;11.7372;11.7372;11.7372;10-Dec-2015
127395;Aditya Birla Sun Life Fixed Term Plan - Series KE (1511 days) - Direct Plan-Growth;INF209KA1Q17;;11.6982;11.6982;11.6982;10-Dec-2015
127398;Aditya Birla Sun Life Fixed Term Plan - Series KE (1511 days) - Regular Plan-Growth;INF209KA1Q41;;11.6308;11.6308;11.6308;10-Dec-2015
127589;Aditya Birla Sun Life Fixed Term Plan - Series KF (1140 days) - Direct Plan-Growth;INF209KB1BO9;;11.7434;11.7434;11.7434;10-Dec-2015
127592;Aditya Birla Sun Life Fixed Term Plan - Series KF (1140 days) - Regular Plan-Growth;INF209KB1BR2;;11.7343;11.7343;11.7343;10-Dec-2015
127596;Aditya Birla Sun Life Fixed Term Plan - Series KG (1136 days) - Direct Plan-Growth;INF209KB1BU6;;11.7210;11.7210;11.7210;10-Dec-2015
127594;Aditya Birla Sun Life Fixed Term Plan - Series KG (1136 days) - Regular Plan-Growth;INF209KB1BX0;;11.7126;11.7126;11.7126;10-Dec-2015
127597;Aditya Birla Sun Life Fixed Term Plan - Series KG (1136 days) - Regular Plan-Normal Dividend;INF209KB1BY8;;10.6756;10.6756;10.6756;10-Dec-2015
127603;Aditya Birla Sun Life Fixed Term Plan - Series KH (1505 days) - Direct Plan-Growth;INF209KA1S49;;11.6952;11.6952;11.6952;10-Dec-2015
127604;Aditya Birla Sun Life Fixed Term Plan - Series KH (1505 days) - Regular Plan-Growth;INF209KA1T06;;11.6131;11.6131;11.6131;10-Dec-2015
127601;Aditya Birla Sun Life Fixed Term Plan - Series KH (1505 days) - Regular Plan-Quarterly Dividend;INF209KA1S80;;10.4710;10.4710;10.4710;10-Dec-2015
127827;Aditya Birla Sun Life Fixed Term Plan - Series KI (1133 days) - Direct Plan-Growth;INF209KB1CA6;;11.7117;11.7117;11.7117;10-Dec-2015
127830;Aditya Birla Sun Life Fixed Term Plan - Series KI (1133 days) - Regular Plan-Growth;INF209KB1CD0;;11.7030;11.7030;11.7030;10-Dec-2015
127829;Aditya Birla Sun Life Fixed Term Plan - Series KI (1133 days) - Regular Plan-Quarterly Dividend;INF209KB1BZ5;;10.5376;10.5376;10.5376;10-Dec-2015
127833;Aditya Birla Sun Life Fixed Term Plan - Series KJ (1499 days) - Direct Plan-Growth;INF209KA1T30;;11.6527;11.6527;11.6527;10-Dec-2015
127835;Aditya Birla Sun Life Fixed Term Plan - Series KJ (1499 days) - Regular Plan-Growth;INF209KA1T63;;11.5653;11.5653;11.5653;10-Dec-2015
127836;Aditya Birla Sun Life Fixed Term Plan - Series KJ (1499 days) - Regular Plan-Normal Dividend;INF209KA1T71;;10.5048;10.5048;10.5048;10-Dec-2015
127990;Aditya Birla Sun Life Fixed Term Plan - Series KK (1129 days) - Direct Plan-Growth;INF209KB1CG3;;11.7431;11.7431;11.7431;10-Dec-2015
127994;Aditya Birla Sun Life Fixed Term Plan - Series KK (1129 days) - Direct Plan-Normal Dividend;INF209KB1CH1;;10.6833;10.6833;10.6833;10-Dec-2015
127993;Aditya Birla Sun Life Fixed Term Plan - Series KK (1129 days) - Regular Plan-Growth;INF209KB1CJ7;;11.7340;11.7340;11.7340;10-Dec-2015
127992;Aditya Birla Sun Life Fixed Term Plan - Series KK (1129 days) - Regular Plan-Quarterly Dividend;INF209KB1CF5;;10.5511;10.5511;10.5511;10-Dec-2015
128002;Aditya Birla Sun Life Fixed Term Plan - Series KM (1099 days) - Direct Plan-Growth;INF209KB1CM1;;11.6857;11.6857;11.6857;10-Dec-2015
128005;Aditya Birla Sun Life Fixed Term Plan - Series KM (1099 days) - Regular Plan-Growth;INF209KB1CP4;;11.6774;11.6774;11.6774;10-Dec-2015
128003;Aditya Birla Sun Life Fixed Term Plan - Series KM (1099 days) - Regular Plan-Normal Dividend;INF209KB1CQ2;;10.6618;10.6618;10.6618;10-Dec-2015
128171;Aditya Birla Sun Life Fixed Term Plan - Series KN (1121 days) - Direct Plan-Growth;INF209KB1EO3;;11.6652;11.6652;11.6652;10-Dec-2015
128169;Aditya Birla Sun Life Fixed Term Plan - Series KN (1121 days) - Direct Plan-Normal Dividend;INF209KB1EP0;;10.6579;10.6579;10.6579;10-Dec-2015
128174;Aditya Birla Sun Life Fixed Term Plan - Series KN (1121 days) - Regular Plan-Growth;INF209KB1ER6;;11.6560;11.6560;11.6560;10-Dec-2015
128303;Aditya Birla Sun Life Fixed Term Plan - Series KO (1498 days) - Direct Plan-Growth;INF209KA1U52;;11.6290;11.6290;11.6290;10-Dec-2015
128305;Aditya Birla Sun Life Fixed Term Plan - Series KO (1498 days) - Direct Plan-Quarterly Dividend;INF209KA1U78;;10.4663;10.4663;10.4663;10-Dec-2015
128304;Aditya Birla Sun Life Fixed Term Plan - Series KO (1498 days) - Regular Plan-Growth;INF209KA1U86;;11.5663;11.5663;11.5663;10-Dec-2015
128308;Aditya Birla Sun Life Fixed Term Plan - Series KO (1498 days) - Regular Plan-Normal Dividend;INF209KA1U94;;10.5057;10.5057;10.5057;10-Dec-2015
128190;Aditya Birla Sun Life Fixed Term Plan - Series KP (1504 days) - Direct Plan-Growth;INF209KA1X34;;11.6333;11.6333;11.6333;10-Dec-2015
128187;Aditya Birla Sun Life Fixed Term Plan - Series KP (1504 days) - Regular Plan-Growth;INF209KA1X67;;11.5454;11.5454;11.5454;10-Dec-2015
128454;Aditya Birla Sun Life Fixed Term Plan - Series KQ (1119 days) - Direct Plan-Growth;INF209KB1EU0;;11.6494;11.6494;11.6494;10-Dec-2015
128456;Aditya Birla Sun Life Fixed Term Plan - Series KQ (1119 days) - Regular Plan-Growth;INF209KB1EX4;;11.6333;11.6333;11.6333;10-Dec-2015
128486;Aditya Birla Sun Life Fixed Term Plan - Series KR (1124 days) - Direct Plan-Growth;INF209KA1M52;;11.6410;11.6410;11.6410;10-Dec-2015
128490;Aditya Birla Sun Life Fixed Term Plan - Series KR (1124 days) - Direct Plan-Normal Dividend;INF209KA1M60;;10.5613;10.5613;10.5613;10-Dec-2015
128489;Aditya Birla Sun Life Fixed Term Plan - Series KR (1124 days) - Regular Plan-Growth;INF209KA1M86;;11.6036;11.6036;11.6036;10-Dec-2015
128506;Aditya Birla Sun Life Fixed Term Plan - Series KS (1100 days) - Direct Plan-Growth;INF209KA1G27;;11.6340;11.6340;11.6340;10-Dec-2015
128509;Aditya Birla Sun Life Fixed Term Plan - Series KS (1100 days) - Regular Plan-Growth;INF209KA1G50;;11.6230;11.6230;11.6230;10-Dec-2015
128507;Aditya Birla Sun Life Fixed Term Plan - Series KS (1100 days) - Regular Plan-Normal Dividend;INF209KA1G68;;10.6265;10.6265;10.6265;10-Dec-2015
128642;Aditya Birla Sun Life Fixed Term Plan - Series KT (1119 days) - Direct Plan-Growth;INF209KA1N10;;11.6141;11.6141;11.6141;10-Dec-2015
128645;Aditya Birla Sun Life Fixed Term Plan - Series KT (1119 days) - Regular Plan-Growth;INF209KA1N44;;11.5454;11.5454;11.5454;10-Dec-2015
128644;Aditya Birla Sun Life Fixed Term Plan - Series KT (1119 days) - Regular Plan-Quarterly Dividend;INF209KA1N02;;10.4729;10.4729;10.4729;10-Dec-2015
128826;Aditya Birla Sun Life Fixed Term Plan - Series KW (1477 days) - Direct Plan-Growth;INF209KA1O35;;11.5552;11.5552;11.5552;10-Dec-2015
128824;Aditya Birla Sun Life Fixed Term Plan - Series KW (1477 days) - Regular Plan-Growth;INF209KA1O68;;11.5103;11.5103;11.5103;10-Dec-2015
128823;Aditya Birla Sun Life Fixed Term Plan - Series KW (1477 days) - Regular Plan-Quarterly Dividend;INF209KA1O27;;10.4816;10.4816;10.4816;10-Dec-2015
128892;Aditya Birla Sun Life Fixed Term Plan - Series KX (1475 days) - Direct Plan-Growth;INF209KA1O92;;11.5492;11.5492;11.5492;10-Dec-2015
128895;Aditya Birla Sun Life Fixed Term Plan - Series KX (1475 days) - Regular Plan-Growth;INF209KA1P26;;11.5392;11.5392;11.5392;10-Dec-2015
128893;Aditya Birla Sun Life Fixed Term Plan - Series KX (1475 days) - Regular Plan-Normal Dividend;INF209KA1P34;;10.5455;10.5455;10.5455;10-Dec-2015
128969;Aditya Birla Sun Life Fixed Term Plan - Series KZ (1103 days)  - Direct Plan-Growth;INF209KA1P59;;11.5369;11.5369;11.5369;10-Dec-2015
128973;Aditya Birla Sun Life Fixed Term Plan - Series KZ (1103 days)  - Direct Plan-Normal Dividend;INF209KA1P67;;10.5627;10.5627;10.5627;10-Dec-2015
128970;Aditya Birla Sun Life Fixed Term Plan - Series KZ (1103 days)  - Regular Plan-Normal Dividend;INF209KA1P91;;10.5591;10.5591;10.5591;10-Dec-2015
128971;Aditya Birla Sun Life Fixed Term Plan - Series KZ (1103 days)  - Regular Plan-Quarterly Dividend;INF209KA1P42;;10.4938;10.4938;10.4938;10-Dec-2015
128972;Aditya Birla Sun Life Fixed Term Plan - Series KZ (1103 days) - Regular Plan-Growth;INF209KA1P83;;11.5278;11.5278;11.5278;10-Dec-2015
129059;Aditya Birla Sun Life Fixed Term Plan - Series LA (1099 days)  - Direct Plan-Growth;INF209KA1T97;;11.5311;11.5311;11.5311;10-Dec-2015
129060;Aditya Birla Sun Life Fixed Term Plan - Series LA (1099 days)  - Regular Plan-Normal Dividend;INF209KA1U37;;10.5409;10.5409;10.5409;10-Dec-2015
129064;Aditya Birla Sun Life Fixed Term Plan - Series LA (1099 days) - Regular Plan-Growth;INF209KA1U29;;11.5130;11.5130;11.5130;10-Dec-2015
129121;Aditya Birla Sun Life Fixed Term Plan - Series LC (1099 days) - Direct Plan-Growth;INF209KA1Y17;;11.5119;11.5119;11.5119;10-Dec-2015
129122;Aditya Birla Sun Life Fixed Term Plan - Series LC (1099 days) - Regular Plan-Growth;INF209KA1Y41;;11.4937;11.4937;11.4937;10-Dec-2015
129125;Aditya Birla Sun Life Fixed Term Plan - Series LC (1099 days) - Regular Plan-Normal Dividend;INF209KA1Y58;;10.5158;10.5158;10.5158;10-Dec-2015
129128;Aditya Birla Sun Life Fixed Term Plan - Series LD (1106 days) - Direct Plan-Growth;INF209KA16Y5;;11.7081;11.7081;11.7081;10-Dec-2015
129130;Aditya Birla Sun Life Fixed Term Plan - Series LD (1106 days) - Direct Plan-Normal Dividend;INF209KA17Y3;;11.7081;11.7081;11.7081;10-Dec-2015
129129;Aditya Birla Sun Life Fixed Term Plan - Series LD (1106 days) - Regular Plan-Growth;INF209KA19Y9;;11.6405;11.6405;11.6405;10-Dec-2015
129132;Aditya Birla Sun Life Fixed Term Plan - Series LD (1106 days) - Regular Plan-Normal Dividend;INF209KA10Z5;;11.6404;11.6404;11.6404;10-Dec-2015
129131;Aditya Birla Sun Life Fixed Term Plan - Series LD (1106 days) - Regular Plan-Quarterly Dividend;INF209KA15Y7;;10.9718;10.9718;10.9718;10-Dec-2015
129397;Aditya Birla Sun Life Fixed Term Plan - Series LF (1100 days) - Direct Plan-Growth;INF209KA1Y74;;11.5315;11.5315;11.5315;10-Dec-2015
129398;Aditya Birla Sun Life Fixed Term Plan - Series LF (1100 days) - Regular Plan-Growth;INF209KA1Z08;;11.5144;11.5144;11.5144;10-Dec-2015
129399;Aditya Birla Sun Life Fixed Term Plan - Series LF (1100 days) - Regular Plan-Normal Dividend;INF209KA1Z16;;10.5393;10.5393;10.5393;10-Dec-2015
129432;Aditya Birla Sun Life Fixed Term Plan - Series LG (1157 days) - Direct Plan-Growth;INF209KA1Z32;;11.5169;11.5169;11.5169;10-Dec-2015
129435;Aditya Birla Sun Life Fixed Term Plan - Series LG (1157 days) - Regular Plan-Growth;INF209KA1Z65;;11.5003;11.5003;11.5003;10-Dec-2015
129490;Aditya Birla Sun Life Fixed Term Plan - Series LI (1173 days) - Direct Plan-Growth;INF209KA1Z99;;11.4914;11.4914;11.4914;10-Dec-2015
129488;Aditya Birla Sun Life Fixed Term Plan - Series LI (1173 days) - Direct Plan-Normal Dividend;INF209KA10A8;;10.5158;10.5158;10.5158;10-Dec-2015
129492;Aditya Birla Sun Life Fixed Term Plan - Series LI (1173 days) - Regular Plan-Growth;INF209KA12A4;;11.4746;11.4746;11.4746;10-Dec-2015
129493;Aditya Birla Sun Life Fixed Term Plan - Series LI (1173 days) - Regular Plan-Normal Dividend;INF209KA13A2;;10.5101;10.5101;10.5101;10-Dec-2015
129536;Aditya Birla Sun Life Fixed Term Plan - Series LJ (1150 days) - Direct Plan-Growth;INF209KA15A7;;11.4967;11.4967;11.4967;10-Dec-2015
129538;Aditya Birla Sun Life Fixed Term Plan - Series LJ (1150 days) - Regular Plan-Growth;INF209KA18A1;;11.4803;11.4803;11.4803;10-Dec-2015
129539;Aditya Birla Sun Life Fixed Term Plan - Series LJ (1150 days) - Regular Plan-Normal Dividend;INF209KA19A9;;10.5151;10.5151;10.5151;10-Dec-2015
129535;Aditya Birla Sun Life Fixed Term Plan - Series LJ (1150days) - Direct Plan-Quarterly Dividend;INF209KA17A3;;10.4608;10.4608;10.4608;10-Dec-2015
129635;Aditya Birla Sun Life Fixed Term Plan - Series LK (1148 days) - Direct Plan-Growth;INF209KA11B4;;11.4966;11.4966;11.4966;10-Dec-2015
129634;Aditya Birla Sun Life Fixed Term Plan - Series LK (1148 days) - Regular Plan-Growth;INF209KA14B8;;11.4802;11.4802;11.4802;10-Dec-2015
129671;Aditya Birla Sun Life Fixed Term Plan - Series LL (1104 days) - Direct Plan-Growth;INF209KA15Z4;;11.5172;11.5172;11.5172;10-Dec-2015
129669;Aditya Birla Sun Life Fixed Term Plan - Series LL (1104 days) - Direct Plan-Normal Dividend;INF209KA16Z2;;11.5172;11.5172;11.5172;10-Dec-2015
129667;Aditya Birla Sun Life Fixed Term Plan - Series LL (1104 days) - Regular Plan-Growth;INF209KA18Z8;;11.4524;11.4524;11.4524;10-Dec-2015
129666;Aditya Birla Sun Life Fixed Term Plan - Series LL (1104 days) - Regular Plan-Normal Dividend;INF209KA19Z6;;11.4524;11.4524;11.4524;10-Dec-2015
129668;Aditya Birla Sun Life Fixed Term Plan - Series LL (1104 days) - Regular Plan-Quarterly Dividend;INF209KA14Z7;;10.8793;10.8793;10.8793;10-Dec-2015
129954;Aditya Birla Sun Life Fixed Term Plan - Series LO (1142 days) - Direct Plan-Growth;INF209KA15F6;;11.3656;11.3656;11.3656;10-Dec-2015
129958;Aditya Birla Sun Life Fixed Term Plan-Series LO (1142 days) - Regular Plan-Growth Option;INF209KA18F0;;11.3503;11.3503;11.3503;10-Dec-2015
129959;Aditya Birla Sun Life Fixed Term Plan-Series LO (1142 days) - Regular Plan-Normal Dividend;INF209KA19F8;;10.4252;10.4252;10.4252;10-Dec-2015
129957;Aditya Birla Sun Life Fixed Term Plan-Series LO (1142 days) - Regular Plan-Quarterly Dividend;INF209KA14F9;;10.3831;10.3831;10.3831;10-Dec-2015
130569;Aditya Birla Sun Life Fixed Term Plan - Series LQ (1113 days) - Direct Plan - Growth;INF209KA19H4;;11.2993;11.2993;11.2993;10-Dec-2015
130573;Aditya Birla Sun Life Fixed Term Plan - Series LQ (1113 days) - Regular Plan - Growth Option;INF209KA12I7;;11.2847;11.2847;11.2847;10-Dec-2015
130570;Aditya Birla Sun Life Fixed Term Plan - Series LQ (1113 days) - Regular Plan - Normal Dividend;INF209KA13I5;;10.3730;10.3730;10.3730;10-Dec-2015
130912;Aditya Birla Sun Life Fixed Term Plan - Series LU (1104 days) - Direct Plan - Growth;INF209KA1NI7;;11.3686;11.3686;11.3686;10-Dec-2015
130917;Aditya Birla Sun Life Fixed Term Plan - Series LU (1104 days) - Direct Plan - Normal Dividend;INF209KA1NJ5;;11.3688;11.3688;11.3688;10-Dec-2015
130916;Aditya Birla Sun Life Fixed Term Plan - Series LU (1104 days) - Direct Plan - Quarterly Dividend;INF209KA1NK3;;10.9340;10.9340;10.9340;10-Dec-2015
130913;Aditya Birla Sun Life Fixed Term Plan - Series LU (1104 days) - Regular Plan - Growth;INF209KA1NF3;;11.3343;11.3343;11.3343;10-Dec-2015
130914;Aditya Birla Sun Life Fixed Term Plan - Series LU (1104 days) - Regular Plan - Normal Dividend;INF209KA1NG1;;11.3343;11.3343;11.3343;10-Dec-2015
130915;Aditya Birla Sun Life Fixed Term Plan - Series LU (1104 days) - Regular Plan - Quarterly Dividend;INF209KA1NH9;;10.9120;10.9120;10.9120;10-Dec-2015
131088;Aditya Birla Sun Life Fixed Term Plan - Series LV (1099 days) - Direct Plan - Growth;INF209KA1OG9;;11.3220;11.3220;11.3220;10-Dec-2015
131090;Aditya Birla Sun Life Fixed Term Plan - Series LV (1099 days) - Direct Plan - Quarterly Dividend;INF209KA1OI5;;10.9087;10.9087;10.9087;10-Dec-2015
131091;Aditya Birla Sun Life Fixed Term Plan - Series LV (1099 days) - Regular Plan - Growth;INF209KA1OD6;;11.3091;11.3091;11.3091;10-Dec-2015
131092;Aditya Birla Sun Life Fixed Term Plan - Series LV (1099 days) - Regular Plan - Normal Dividend;INF209KA1OE4;;11.3091;11.3091;11.3091;10-Dec-2015
131093;Aditya Birla Sun Life Fixed Term Plan - Series LV (1099 days) - Regular Plan - Quarterly Dividend;INF209KA1OF1;;10.9002;10.9002;10.9002;10-Dec-2015
131362;Aditya Birla Sun Life Fixed Term Plan - Series LX (1099 days) - Direct Plan - Growth;INF209KA1PY9;;11.2359;11.2359;11.2359;10-Dec-2015
131359;Aditya Birla Sun Life Fixed Term Plan - Series LX (1099 days) - Direct Plan - Normal Dividend;INF209KA1PZ6;;11.2359;11.2359;11.2359;10-Dec-2015
131364;Aditya Birla Sun Life Fixed Term Plan - Series LX (1099 days) - Regular Plan - Growth;INF209KA1PV5;;11.2237;11.2237;11.2237;10-Dec-2015
131361;Aditya Birla Sun Life Fixed Term Plan - Series LX (1099 days) - Regular Plan - Normal Dividend;INF209KA1PW3;;11.2237;11.2237;11.2237;10-Dec-2015
131360;Aditya Birla Sun Life Fixed Term Plan - Series LX (1099 days) - Regular Plan - Quarterly Dividend;INF209KA1PX1;;10.8526;10.8526;10.8526;10-Dec-2015
131553;Aditya Birla Sun Life Fixed Term Plan - Series MA (1099 days) - Direct Plan - Growth;INF209KA1RO6;;11.1557;11.1557;11.1557;10-Dec-2015
131554;Aditya Birla Sun Life Fixed Term Plan - Series MA (1099 days) - Direct Plan - Normal Dividend;INF209KA1RP3;;11.1556;11.1556;11.1556;10-Dec-2015
131549;Aditya Birla Sun Life Fixed Term Plan - Series MA (1099 days) - Direct Plan - Quarterly Dividend;INF209KA1RQ1;;10.8325;10.8325;10.8325;10-Dec-2015
131550;Aditya Birla Sun Life Fixed Term Plan - Series MA (1099 days) - Regular Plan - Growth;INF209KA1RL2;;11.1442;11.1442;11.1442;10-Dec-2015
131552;Aditya Birla Sun Life Fixed Term Plan - Series MA (1099 days) - Regular Plan - Normal Dividend;INF209KA1RM0;;11.1442;11.1442;11.1442;10-Dec-2015
131551;Aditya Birla Sun Life Fixed Term Plan - Series MA (1099 days) - Regular Plan - Quarterly Dividend;INF209KA1RN8;;10.8243;10.8243;10.8243;10-Dec-2015
132903;Aditya Birla Sun Life Fixed Term Plan - Series MD (1099 days) - Direct Plan - Growth;INF209KA1TC7;;10.9852;10.9852;10.9852;10-Dec-2015
132907;Aditya Birla Sun Life Fixed Term Plan - Series MD (1099 days) - Direct Plan - Normal Dividend;INF209KA1TD5;;10.9852;10.9852;10.9852;10-Dec-2015
132906;Aditya Birla Sun Life Fixed Term Plan - Series MD (1099 days) - Regular Plan - Growth;INF209KA1SZ0;;10.9480;10.9480;10.9480;10-Dec-2015
132908;Aditya Birla Sun Life Fixed Term Plan - Series MD (1099 days) - Regular Plan - Normal Dividend;INF209KA1TA1;;10.9480;10.9480;10.9480;10-Dec-2015
132905;Aditya Birla Sun Life Fixed Term Plan - Series MD (1099 days) - Regular Plan - Quarterly Dividend;INF209KA1TB9;;10.6852;10.6852;10.6852;10-Dec-2015
134052;Aditya Birla Sun Life Fixed Term Plan - Series MK (1105 days) - Direct Plan - Growth;INF209KA1I82;;10.6239;10.6239;10.6239;10-Dec-2015
134054;Aditya Birla Sun Life Fixed Term Plan - Series MK (1105 days) - Direct Plan - Quarterly Dividend;INF209KA1J08;;10.5493;10.5493;10.5493;10-Dec-2015
134055;Aditya Birla Sun Life Fixed Term Plan - Series MK (1105 days) - Regular Plan - Growth;INF209KA1I58;;10.6173;10.6173;10.6173;10-Dec-2015
134056;Aditya Birla Sun Life Fixed Term Plan - Series MK (1105 days) - Regular Plan - Normal Dividend;INF209KA1I66;;10.6176;10.6176;10.6176;10-Dec-2015
134057;Aditya Birla Sun Life Fixed Term Plan - Series MK (1105 days) - Regular Plan - Quarterly Dividend;INF209KA1I74;;10.5440;10.5440;10.5440;10-Dec-2015
134691;Aditya Birla Sun Life Fixed Term Plan - Series MP (1141 days) - Direct Plan-Growth;INF209KA19D3;;10.4605;10.4605;10.4605;10-Dec-2015
134692;Aditya Birla Sun Life Fixed Term Plan - Series MP (1141 days) - Direct Plan-Normal Dividend;INF209KA10E0;;10.4605;10.4605;10.4605;10-Dec-2015
134695;Aditya Birla Sun Life Fixed Term Plan - Series MP (1141 days) - Regular Plan-Growth;INF209KA16D9;;10.4349;10.4349;10.4349;10-Dec-2015
134694;Aditya Birla Sun Life Fixed Term Plan - Series MP (1141 days) - Regular Plan-Quarterly Dividend;INF209KA18D5;;10.4349;10.4349;10.4349;10-Dec-2015
134723;Aditya Birla Sun Life Fixed Term Plan - Series MQ (1159 days)-Direct Plan-Growth;INF209KA12E6;;10.4515;10.4515;10.4515;10-Dec-2015
134725;Aditya Birla Sun Life Fixed Term Plan - Series MQ (1159 days)-Direct Plan-Normal Dividend;INF209KA13E4;;10.4515;10.4515;10.4515;10-Dec-2015
134724;Aditya Birla Sun Life Fixed Term Plan - Series MQ (1159 days)-Direct Plan-Quarterly Dividend;INF209KA14E2;;10.4087;10.4087;10.4087;10-Dec-2015
134721;Aditya Birla Sun Life Fixed Term Plan - Series MQ (1159 days)-Regular Plan-Growth;INF209KA15E9;;10.4463;10.4463;10.4463;10-Dec-2015
134720;Aditya Birla Sun Life Fixed Term Plan - Series MQ (1159 days)-Regular Plan-Normal Dividend;INF209KA16E7;;10.4463;10.4463;10.4463;10-Dec-2015
134722;Aditya Birla Sun Life Fixed Term Plan - Series MQ (1159 days)-Regular Plan-Quarterly Dividend;INF209KA17E5;;10.4037;10.4037;10.4037;10-Dec-2015
134738;Aditya Birla Sun Life Fixed Term Plan - Series MR (1153 days) - Direct Plan-Normal Dividend;INF209KA19E1;;10.4491;10.4491;10.4491;10-Dec-2015
134735;Aditya Birla Sun Life Fixed Term Plan - Series MR (1153 days) - Regular Plan-Growth;INF209KA11F5;;10.4436;10.4436;10.4436;10-Dec-2015
134734;Aditya Birla Sun Life Fixed Term Plan - Series MR (1153 days) - Regular Plan-Normal Dividend;INF209KA12F3;;10.4436;10.4436;10.4436;10-Dec-2015
134736;Aditya Birla Sun Life Fixed Term Plan - Series MR (1153 days) - Regular Plan-Quarterly Plan;INF209KA13F1;;10.4020;10.4020;10.4020;10-Dec-2015
134737;Aditya Birla Sun Life Fixed Term Plan - Series MR (1153 days)-Direct Plan-Growth;INF209KA18E3;;10.4490;10.4490;10.4490;10-Dec-2015
134951;Aditya Birla Sun Life Fixed Term Plan - Series MU (1117 days) - Direct Plan-Growth;INF209KA15H2;;10.3493;10.3493;10.3493;10-Dec-2015
134952;Aditya Birla Sun Life Fixed Term Plan - Series MU (1117 days) - Direct Plan-Normal Dividend;INF209KA16H0;;10.3497;10.3497;10.3497;10-Dec-2015
134953;Aditya Birla Sun Life Fixed Term Plan - Series MU (1117 days) - Direct Plan-Quarterly dividend;INF209KA17H8;;10.3493;10.3493;10.3493;10-Dec-2015
134948;Aditya Birla Sun Life Fixed Term Plan - Series MU (1117 days) - Regular Plan-Growth;INF209KA12H9;;10.3107;10.3107;10.3107;10-Dec-2015
134950;Aditya Birla Sun Life Fixed Term Plan - Series MU (1117 days) - Regular Plan-Normal Dividend;INF209KA13H7;;10.3107;10.3107;10.3107;10-Dec-2015
134949;Aditya Birla Sun Life Fixed Term Plan - Series MU (1117 days) - Regular Plan-Quarterly Dividend;INF209KA14H5;;10.3107;10.3107;10.3107;10-Dec-2015
135449;Aditya Birla Sun Life Fixed Term Plan - Series MX (1128 days) - Direct Plan - Growth;INF209KA12L1;;10.1848;10.1848;10.1848;10-Dec-2015
135448;Aditya Birla Sun Life Fixed Term Plan - Series MX (1128 days) - Regular Plan - Growth;INF209KA15L4;;10.1827;10.1827;10.1827;10-Dec-2015
135445;Aditya Birla Sun Life Fixed Term Plan - Series MX (1128 days) - Regular Plan - Normal Dividend;INF209KA16L2;;10.1827;10.1827;10.1827;10-Dec-2015
135446;Aditya Birla Sun Life Fixed Term Plan - Series MX (1128 days) - Regular Plan - Quarterly Dividend;INF209KA17L0;;10.1827;10.1827;10.1827;10-Dec-2015
135540;Aditya Birla Sun Life Fixed Term Plan - Series MY (1107 days) - Direct Plan-Growth;INF209KA14M5;;10.0807;10.0807;10.0807;10-Dec-2015
135541;Aditya Birla Sun Life Fixed Term Plan - Series MY (1107 days) - Direct Plan-Quarterly Dividend;INF209KA16M0;;10.0807;10.0807;10.0807;10-Dec-2015
135539;Aditya Birla Sun Life Fixed Term Plan - Series MY (1107 days) - Regular Plan - Quarterly Dividend;INF209KA13M7;;10.0791;10.0791;10.0791;10-Dec-2015
135537;Aditya Birla Sun Life Fixed Term Plan - Series MY (1107 days) - Regular Plan-Growth;INF209KA11M1;;10.0791;10.0791;10.0791;10-Dec-2015
135538;Aditya Birla Sun Life Fixed Term Plan - Series MY (1107 days) - Regular Plan-Normal Dividend;INF209KA12M9;;10.0789;10.0789;10.0789;10-Dec-2015
120221;Aditya Birla Sun Life Interval Income Fund - Annual Plan I-Direct Plan-Growth;INF209K01UG2;;12.8057;12.8057;12.8057;10-Dec-2015
120219;Aditya Birla Sun Life Interval Income Fund - Annual Plan I-Regular Plan-Growth;INF209K01UJ6;;12.8204;12.8204;12.8204;10-Dec-2015
120218;Aditya Birla Sun Life Interval Income Fund - Annual Plan I-Regular Plan-Quarterly Dividend;INF209K01UL2;;10.6028;10.6028;10.6028;10-Dec-2015
123115;Aditya Birla Sun Life Interval Income Fund - Annual Plan IX-Direct Plan-Growth;INF209K01U26;;12.2957;12.2957;12.2957;10-Dec-2015
123114;Aditya Birla Sun Life Interval Income Fund - Annual Plan IX-Direct Plan-Normal Dividend;INF209K01U34;;10.2642;10.2642;10.2642;10-Dec-2015
123116;Aditya Birla Sun Life Interval Income Fund - Annual Plan IX-Regular Plan-Growth;INF209K01U59;;12.2829;12.2829;12.2829;10-Dec-2015
123117;Aditya Birla Sun Life Interval Income Fund - Annual Plan IX-Regular Plan-Normal Dividend;INF209K01U67;;10.2592;10.2592;10.2592;10-Dec-2015
123119;Aditya Birla Sun Life Interval Income Fund - Annual Plan IX-Regular Plan-Quarterly Dividend;INF209K01U75;;10.2596;10.2596;10.2596;10-Dec-2015
121816;Aditya Birla Sun Life Interval Income Fund - Annual Plan V - Direct Plan-Growth;INF209K01J62;;12.6134;12.6134;12.6134;10-Dec-2015
121815;Aditya Birla Sun Life Interval Income Fund - Annual Plan V - Direct Plan-Normal Dividend;INF209K01J70;;10.6153;10.6153;10.6153;10-Dec-2015
121820;Aditya Birla Sun Life Interval Income Fund - Annual Plan V - Regular Plan-Growth;INF209K01J96;;12.6010;12.6010;12.6010;10-Dec-2015
123609;Aditya Birla Sun Life Interval Income Fund - Annual Plan X-Direct Plan-Growth;INF209K01X49;;12.3239;12.3239;12.3239;10-Dec-2015
123611;Aditya Birla Sun Life Interval Income Fund - Annual Plan X-Regular Plan-Growth;INF209K01X72;;12.3054;12.3054;12.3054;10-Dec-2015
123610;Aditya Birla Sun Life Interval Income Fund - Annual Plan X-Regular Plan-Normal Dividend;INF209K01X80;;10.2176;10.2176;10.2176;10-Dec-2015
123612;Aditya Birla Sun Life Interval Income Fund - Annual Plan X-Regular Plan-Quarterly Dividend;INF209K01X98;;10.2170;10.2170;10.2170;10-Dec-2015
106412;Aditya Birla Sun Life Interval Income Fund - Quarterly Series 1 - Growth - Regular Plan;INF209K01HN5;;19.3676;19.3676;19.3676;10-Dec-2015
106413;Aditya Birla Sun Life Interval Income Fund - Quarterly Series 1 - institutional - IDCW;INF209K01HR6;INF209K01HS4;10.0286;10.0286;10.0286;10-Dec-2015
106411;Aditya Birla Sun Life Interval Income Fund - Quarterly Series 1 - Regular - IDCW;INF209K01HO3;INF209K01HP0;10.0286;10.0286;10.0286;10-Dec-2015
119535;Aditya Birla Sun Life Interval Income Fund - Quarterly Series I - Growth - Direct Plan;INF209K01YQ3;;19.3746;19.3746;19.3746;10-Dec-2015
106414;Aditya Birla Sun Life Interval Income Fund - Quarterly Series I- Institutional Growth;INF209K01HQ8;;15.7999;15.7999;15.7999;10-Dec-2015
120708;Aditya Birla Sun Life Quarterly Interval Fund -  Series 4 - Growth - Direct Plan;INF209K01YS9;;18.8638;18.8638;18.8638;10-Dec-2015
107308;Aditya Birla Sun Life Quarterly Interval Fund - Series 4 DIVIDEND;INF209K01HL9;INF209K01HM7;10.1298;10.1298;10.1298;10-Dec-2015
107307;Aditya Birla Sun Life Quarterly Interval Fund - Series 4 GROWTH;INF209K01HK1;;18.8640;18.8640;18.8640;10-Dec-2015

Axis Mutual Fund
117980;Axis Capital Protection Oriented Fund - Series 5 - Dividend option;INF846K01XO9;;12.5920;12.5920;12.5920;10-Dec-2015
117979;Axis Capital Protection Oriented Fund - Series 5 - Growth Option;INF846K01XN1;;12.5921;12.5921;12.5921;10-Dec-2015
125017;Axis Fixed Term Plan - Series 42 - Direct Plan - Growth;INF846K01UO5;;11.9680;11.9680;11.9680;10-Dec-2015
125014;Axis Fixed Term Plan - Series 42 - Regular Plan - Dividend;INF846K01UJ5;;11.8618;11.8618;11.8618;10-Dec-2015
125013;Axis Fixed Term Plan - Series 42 - Regular Plan - Growth;INF846K01UL1;;11.8624;11.8624;11.8624;10-Dec-2015
125429;Axis Fixed Term Plan - Series 43 - Direct Plan - growth;INF846K01UU2;;11.9049;11.9049;11.9049;10-Dec-2015
125426;Axis Fixed Term Plan - Series 43 - Regular Plan - Growth;INF846K01UR8;;11.8021;11.8021;11.8021;10-Dec-2015
126203;Axis Fixed Term Plan - Series 47 - Direct Plan - Growth;INF846K01VE4;;11.8055;11.8055;11.8055;10-Dec-2015
126200;Axis Fixed Term Plan - Series 47 - Regular Plan - Growth;INF846K01VB0;;11.6983;11.6983;11.6983;10-Dec-2015
126202;Axis Fixed Term Plan - Series 47 - Regular Plan - Quarterly Dividend;INF846K01VA2;;10.2798;10.2798;10.2798;10-Dec-2015
126252;Axis Fixed Term Plan - Series 48 (30 Days) - Direct - Dividend;INF846K01YQ2;;12.0064;12.0064;12.0064;10-Dec-2015
126251;Axis Fixed Term Plan - Series 48 (30 Days) - Direct Plan - Growth;INF846K01YS8;;12.0064;12.0064;12.0064;10-Dec-2015
126249;Axis Fixed Term Plan - Series 48 (30 Days) - Regular Plan - Dividend (Payout Facility);INF846K01YN9;;11.8976;11.8976;11.8976;10-Dec-2015
126248;Axis Fixed Term Plan - Series 48 (30 Days) - Regular Plan - Growth;INF846K01YP4;;11.8976;11.8976;11.8976;10-Dec-2015
126250;Axis Fixed Term Plan - Series 48 (30 Days) - Regular Plan - Half Yearly Dividend;INF846K01YO7;;10.9852;10.9852;10.9852;10-Dec-2015
126759;Axis Fixed Term Plan - Series 49 - Direct Plan - Growth;INF846K01TY6;;11.7149;11.7149;11.7149;10-Dec-2015
126757;Axis Fixed Term Plan - Series 49 - Regular Plan - Dividend;INF846K01TT6;;11.6071;11.6071;11.6071;10-Dec-2015
126756;Axis Fixed Term Plan - Series 49 - Regular Plan - Growth;INF846K01TV2;;11.6133;11.6133;11.6133;10-Dec-2015
127276;Axis Fixed Term Plan - Series 52 - Direct Plan - Growth;INF846K01UE6;;11.6990;11.6990;11.6990;10-Dec-2015
127272;Axis Fixed Term Plan - Series 52 - Regular Plan - Growth;INF846K01UB2;;11.6070;11.6070;11.6070;10-Dec-2015
127274;Axis Fixed Term Plan - Series 52 - Regular Plan - Quarterly Dividend;INF846K01UA4;;10.2714;10.2714;10.2714;10-Dec-2015
127278;Axis Fixed Term Plan - Series 53 (1150 Days) - Direct Plan - Growth;INF846K01KD9;;11.9504;11.9504;11.9504;10-Dec-2015
127280;Axis Fixed Term Plan - Series 53 (1150 Days) - Regular Plan - Dividend;INF846K01KE7;;11.8346;11.8346;11.8346;10-Dec-2015
127279;Axis Fixed Term Plan - Series 53 (1150 Days) - Regular Plan - Growth;INF846K01KG2;;11.8346;11.8346;11.8346;10-Dec-2015
129384;Axis Fixed Term plan - Series 64 - Direct Plan - Dividend;INF846K01XK7;;11.6030;11.6030;11.6030;10-Dec-2015
129383;Axis Fixed Term Plan - Series 64 - Direct plan - Growth;INF846K01XM3;;11.6030;11.6030;11.6030;10-Dec-2015
129386;Axis Fixed Term Plan - Series 64 - Regular plan -  Dividend;INF846K01XH3;;11.5018;11.5018;11.5018;10-Dec-2015
129381;Axis Fixed Term Plan - Series 64 - Regular Plan - Growth;INF846K01XJ9;;11.5018;11.5018;11.5018;10-Dec-2015
129382;Axis Fixed Term Plan - Series 64 - Regular Plan - Quarterly dividend;INF846K01XI1;;10.4435;10.4435;10.4435;10-Dec-2015
130047;Axis Fixed Term Plan - Series 67 (1218 days) - Direct Plan - Growth;INF846K01OT7;;11.6114;11.6114;11.6114;10-Dec-2015
130045;Axis Fixed Term Plan - Series 67 (1218 days) - Regular Plan - Dividend;INF846K01OX9;;11.4758;11.4758;11.4758;10-Dec-2015
130044;Axis Fixed Term Plan - Series 67 (1218 days) - Regular plan - Growth;INF846K01OW1;;11.4759;11.4759;11.4759;10-Dec-2015
130665;Axis Fixed Term Plan - Series 69 (3 Years) - Direct Plan - Growth;INF846K01PT4;;11.4377;11.4377;11.4377;10-Dec-2015
130663;Axis Fixed Term Plan - Series 69 (3 Years) - Regular Plan - Dividend;INF846K01PX6;;11.3386;11.3386;11.3386;10-Dec-2015
130662;Axis Fixed Term Plan - Series 69 (3 Years) - Regular Plan - Growth;INF846K01PW8;;11.3386;11.3386;11.3386;10-Dec-2015
130664;Axis Fixed Term Plan - Series 69 - (3 Years) - Regular Plan - Half Yearly Dividend;INF846K01PY4;;10.8199;10.8199;10.8199;10-Dec-2015
134301;Axis Fixed Term Plan - Series 74 (1105 days) - Direct Plan - Dividend;INF846K01RY0;;10.5880;10.5880;10.5880;10-Dec-2015
134302;Axis Fixed Term Plan - Series 74 (1105 days) - Direct Plan - Growth;INF846K01RX2;;10.5849;10.5849;10.5849;10-Dec-2015
134300;Axis Fixed Term Plan - Series 74 (1105 days) - Regular Plan - Dividend;INF846K01SB6;;10.5741;10.5741;10.5741;10-Dec-2015
134299;Axis Fixed Term Plan - Series 74 (1105 days) - Regular Plan - Growth;INF846K01SA8;;10.5741;10.5741;10.5741;10-Dec-2015
134303;Axis Fixed Term Plan - Series 74 (1105 days) - Regular Plan - Half yearly dividend;INF846K01SC4;;10.5739;10.5739;10.5739;10-Dec-2015
128151;Axis Fixed Term Plan - Series 61 (1122 Days) - Direct Plan - Growth;INF846K01MP9;;11.8528;11.8528;11.8528;10-Dec-2015
128148;Axis Fixed Term Plan - Series 61 (1122 Days) - Regular Plan - Dividend;INF846K01MT1;;11.7439;11.7439;11.7439;10-Dec-2015
128147;Axis Fixed Term Plan - Series 61 (1122 Days) - Regular Plan - Growth;INF846K01MS3;;11.7439;11.7439;11.7439;10-Dec-2015
128149;Axis Fixed Term Plan - Series 61 (1122 Days) - Regular Plan - Half yearly dividend;INF846K01MU9;;10.9474;10.9474;10.9474;10-Dec-2015
133430;Axis Hybrid Fund - Series 18 - Direct Plan - Direct Plan - Dividend;INF846K01QY2;;9.6688;9.6688;9.6688;10-Dec-2015
133429;Axis Hybrid Fund - Series 18 - Direct Plan - Growth;INF846K01QX4;;9.6688;9.6688;9.6688;10-Dec-2015
133428;Axis Hybrid Fund - Series 18 - Regular Plan - Dividend;INF846K01RA0;;9.5974;9.5974;9.5974;10-Dec-2015
133427;Axis Hybrid Fund - Series 18 - Regular Plan - Growth;INF846K01QZ9;;9.5975;9.5975;9.5975;10-Dec-2015
129390;Axis Hybrid Fund - Series 11 - Direct Plan - Dividend;INF846K01OA7;;10.6643;10.6643;10.6643;10-Dec-2015
129389;Axis Hybrid Fund - Series 11 - Direct Plan - Growth;INF846K01NZ6;;10.6643;10.6643;10.6643;10-Dec-2015
129388;Axis Hybrid Fund - Series 11 - Regular Plan - Dividend;INF846K01OC3;;10.4864;10.4864;10.4864;10-Dec-2015
129387;Axis Hybrid Fund - Series 11 - Regular plan - Growth;INF846K01OB5;;10.4856;10.4856;10.4856;10-Dec-2015
129756;Axis Hybrid Fund - Series 12 - Direct Plan - Dividend;INF846K01OE9;;10.5933;10.5933;10.5933;10-Dec-2015
129755;Axis Hybrid Fund - Series 12 - Direct Plan - Growth;INF846K01OD1;;10.5932;10.5932;10.5932;10-Dec-2015
129754;Axis Hybrid Fund - Series 12 - Regular Plan - Dividend;INF846K01OG4;;10.4196;10.4196;10.4196;10-Dec-2015
129753;Axis Hybrid Fund - Series 12 - Regular Plan - Growth;INF846K01OF6;;10.4196;10.4196;10.4196;10-Dec-2015
130060;Axis Hybrid Fund - Series 13 - Direct Plan - Dividend;INF846K01PA4;;10.5134;10.5134;10.5134;10-Dec-2015
130059;Axis Hybrid Fund - Series 13 - Direct Plan - Growth;INF846K01OZ4;;10.5134;10.5134;10.5134;10-Dec-2015
130058;Axis Hybrid Fund - Series 13 - Regular Plan - Dividend;INF846K01PC0;;10.3512;10.3512;10.3512;10-Dec-2015
130057;Axis Hybrid Fund - Series 13 - Regular Plan - Growth;INF846K01PB2;;10.3513;10.3513;10.3513;10-Dec-2015
130887;Axis Hybrid Fund - Series 14 - Direct Plan - Dividend;INF846K01QG9;;10.3387;10.3387;10.3387;10-Dec-2015
130886;Axis Hybrid Fund - Series 14 - Direct Plan - Growth;INF846K01QF1;;10.2262;10.2262;10.2262;10-Dec-2015
130889;Axis Hybrid Fund - Series 14 - Regular Plan - Dividend;INF846K01QI5;;10.0206;10.0206;10.0206;10-Dec-2015
130888;Axis Hybrid Fund - Series 14 - Regular Plan - Growth;INF846K01QH7;;10.0205;10.0205;10.0205;10-Dec-2015
131084;Axis Hybrid Fund - Series 15 - Direct Plan - Dividend;INF846K01QK1;;10.0981;10.0981;10.0981;10-Dec-2015
131083;Axis Hybrid Fund - Series 15 - Direct Plan - Growth;INF846K01QJ3;;10.0981;10.0981;10.0981;10-Dec-2015
131082;Axis Hybrid Fund - Series 15 - Regular Plan - Dividend;INF846K01QM7;;9.9620;9.9620;9.9620;10-Dec-2015
131085;Axis Hybrid Fund - Series 15 - Regular Plan - Growth;INF846K01QL9;;9.9621;9.9621;9.9621;10-Dec-2015
133564;Axis Hybrid Fund - Series 19 - Direct plan - Dividend;INF846K01RC6;;9.5752;9.5752;9.5752;10-Dec-2015
133562;Axis Hybrid Fund - Series 19 - Regular Plan - Dividend;INF846K01RE2;;9.5101;9.5101;9.5101;10-Dec-2015
133561;Axis Hybrid Fund - Series 19 - Regular plan - Growth;INF846K01RD4;;9.5085;9.5085;9.5085;10-Dec-2015
133563;Axis Hybrid Fund - Series 19 -Direct Plan - Growth;INF846K01RB8;;9.5782;9.5782;9.5782;10-Dec-2015
134534;Axis Hybrid Fund - Series 22 - Direct Plan - Dividend;INF846K01UG1;;9.4699;9.4699;9.4699;10-Dec-2015
134535;Axis Hybrid Fund - Series 22 - Direct Plan - Growth;INF846K01UF3;;9.4699;9.4699;9.4699;10-Dec-2015
134533;Axis Hybrid Fund - Series 22 - Regular Plan - Dividend;INF846K01UI7;;9.4093;9.4093;9.4093;10-Dec-2015
134532;Axis Hybrid Fund - Series 22 - Regular Plan - Growth;INF846K01UH9;;9.4093;9.4093;9.4093;10-Dec-2015
134622;Axis Hybrid Fund - Series 23 - Direct Plan - Dividend;INF846K01UW8;;9.5051;9.5051;9.5051;10-Dec-2015
134621;Axis Hybrid Fund - Series 23 - Direct Plan - Growth;INF846K01UV0;;9.5051;9.5051;9.5051;10-Dec-2015
134619;Axis Hybrid Fund - Series 23 - Regular Plan - Growth;INF846K01UX6;;9.4491;9.4491;9.4491;10-Dec-2015
134620;Axis Hybrid Funs - Series 23 - Regular Plan - Dividend;INF846K01UY4;;9.4491;9.4491;9.4491;10-Dec-2015
134743;Axis Hybrid Fund - Series 24 - Direct Plan - Dividend;INF846K01VF1;;9.5515;9.5515;9.5515;10-Dec-2015
134741;Axis Hybrid Fund - Series 24 - Direct Plan - Growth;INF846K01VG9;;9.5494;9.5494;9.5494;10-Dec-2015
134740;Axis Hybrid Fund - Series 24 - Regular Plan - Dividend;INF846K01VH7;;9.4986;9.4986;9.4986;10-Dec-2015
134742;Axis Hybrid Fund - Series 24 - Regular Plan - Growth;INF846K01VI5;;9.4986;9.4986;9.4986;10-Dec-2015
135235;Axis Hybrid Fund - Series 25 - Direct Plan - Dividend;INF846K01VU0;;9.6510;9.6510;9.6510;10-Dec-2015
135233;Axis Hybrid Fund - Series 25 - Direct Plan - Growth;INF846K01VT2;;9.6510;9.6510;9.6510;10-Dec-2015
135234;Axis Hybrid Fund - Series 25 - Regular Plan - Dividend;INF846K01VW6;;9.6197;9.6197;9.6197;10-Dec-2015
135232;Axis Hybrid Fund - Series 25 - Regular Plan - Growth;INF846K01VV8;;9.6197;9.6197;9.6197;10-Dec-2015
135284;Axis Hybrid Fund - Series 26 - Direct Plan - Dividend;INF846K01VY2;;9.7358;9.7358;9.7358;10-Dec-2015
135282;Axis Hybrid Fund - Series 26 - Direct Plan - Growth;INF846K01VX4;;9.7358;9.7358;9.7358;10-Dec-2015
135283;Axis Hybrid Fund - Series 26 - Regular Plan - Dividend;INF846K01WA0;;9.7089;9.7089;9.7089;10-Dec-2015
135285;Axis Hybrid Fund - Series 26 - Regular Plan - Growth;INF846K01VZ9;;9.7089;9.7089;9.7089;10-Dec-2015
135529;Axis Hybrid Fund - Series 27 - Direct Plan - Dividend;INF846K01WC6;;9.5633;9.5633;9.5633;10-Dec-2015
135528;Axis Hybrid Fund - Series 27 - Direct Plan - Growth;INF846K01WB8;;9.5634;9.5634;9.5634;10-Dec-2015
135526;Axis Hybrid Fund - Series 27 - Regular Plan - Dividend;INF846K01WE2;;9.5510;9.5510;9.5510;10-Dec-2015
135527;Axis Hybrid Fund - Series 27 - Regular Plan - Growth;INF846K01WD4;;9.5510;9.5510;9.5510;10-Dec-2015
135619;Axis Hybrid Fund - Series 28 - Direct Plan - Dividend;INF846K01WG7;;9.8116;9.8116;9.8116;10-Dec-2015
135618;Axis Hybrid Fund - Series 28 - Direct Plan - Growth;INF846K01WF9;;9.8116;9.8116;9.8116;10-Dec-2015
135621;Axis Hybrid Fund - Series 28 - Regular Plan - Dividend;INF846K01WI3;;9.8049;9.8049;9.8049;10-Dec-2015
135620;Axis Hybrid Fund - Series 28 - Regular Plan - Growth;INF846K01WH5;;9.8049;9.8049;9.8049;10-Dec-2015
122951;Axis Hybrid Fund - Series 5 (1346 Days) - Direct Plan - Growth;INF846K01YW0;;12.2303;12.2303;12.2303;10-Dec-2015
122953;Axis Hybrid Fund - Series 5 (1346 Days) - Regular Plan - Dividend;INF846K01YT6;;11.9569;11.9569;11.9569;10-Dec-2015
122950;Axis Hybrid Fund - Series 5 (1346 Days) - Regular Plan - Growth;INF846K01YU4;;11.9572;11.9572;11.9572;10-Dec-2015
122952;Axis Hybrid Fund - Series 5 (1346 Days)- Direct Plan - Dividend;INF846K01YV2;;12.2303;12.2303;12.2303;10-Dec-2015
123062;Axis Hybrid Fund Series 6 (1324 Days) - Direct - Dividend;INF846K01ZD7;;12.3960;12.3960;12.3960;10-Dec-2015
123065;Axis Hybrid Fund Series 6 (1324 Days) - Direct - Growth;INF846K01ZE5;;12.3998;12.3998;12.3998;10-Dec-2015
123064;Axis Hybrid Fund Series 6 (1324 Days) - Regular - Dividend;INF846K01ZB1;;12.1263;12.1263;12.1263;10-Dec-2015
123063;Axis Hybrid Fund Series 6 (1324 Days) - Regular - Growth;INF846K01ZC9;;12.1263;12.1263;12.1263;10-Dec-2015
123980;Axis Hybrid Fund - Series 7 (1305 Day) - Direct Plan - Growth;INF846K01ZI6;;12.3434;12.3434;12.3434;10-Dec-2015
123981;Axis Hybrid Fund - Series 7 (1305 Days) - Direct Plan -Dividend;INF846K01ZH8;;12.3345;12.3345;12.3345;10-Dec-2015
123979;Axis Hybrid Fund - Series 7 (1305 Days) - Regular Plan - Dividend;INF846K01ZF2;;12.0724;12.0724;12.0724;10-Dec-2015
123978;Axis Hybrid Fund - Series 7 (1305 Days) - Regular Plan - Growth;INF846K01ZG0;;12.0724;12.0724;12.0724;10-Dec-2015
126357;Axis Hybrid Fund Series 8 (1279 days) - Direct Plan - Dividend;INF846K01JG4;;11.2377;11.2377;11.2377;10-Dec-2015
126356;Axis Hybrid Fund Series 8 (1279 days) - Direct Plan - Growth;INF846K01JF6;;11.2381;11.2381;11.2381;10-Dec-2015
126355;Axis Hybrid Fund Series 8 (1279 days) - Regular Plan - Dividend;INF846K01JE9;;11.0404;11.0404;11.0404;10-Dec-2015
126354;Axis Hybrid Fund Series 8 (1279 days) - Regular Plan - Growth;INF846K01JD1;;11.0404;11.0404;11.0404;10-Dec-2015
126958;Axis Hybrid Fund Series 9 (1282 days) -  Direct Plan - Dividend;INF846K01JK6;;11.2423;11.2423;11.2423;10-Dec-2015
126956;Axis Hybrid Fund Series 9 (1282 days) -  Direct Plan - Growth;INF846K01JJ8;;11.2423;11.2423;11.2423;10-Dec-2015
126955;Axis Hybrid Fund Series 9 (1282 days) - Regular Plan - Dividend;INF846K01JI0;;11.0528;11.0528;11.0528;10-Dec-2015
126957;Axis Hybrid Fund Series 9 (1282 days) - Regular Plan - Growth;INF846K01JH2;;11.0528;11.0528;11.0528;10-Dec-2015

Bandhan Mutual Fund
122858;IDFC FTP - Series 21(370 Days)- Direct Plan-Growth;INF194KA1J77;;12.2244;12.2244;12.2244;10-Dec-2015
122863;IDFC FTP - Series 21(370 Days)- Regular Plan-Growth;INF194KA1J36;;12.1703;12.1703;12.1703;10-Dec-2015
122865;IDFC FTP - Series 21(370 Days)- Regular Plan-Half Yearly Dividend;INF194KA1J51;;10.2009;10.2009;10.2009;10-Dec-2015
122866;IDFC FTP - Series 21(370 Days)- Regular Plan-Periodic Dividend;INF194KA1J69;;10.3445;10.3445;10.3445;10-Dec-2015
122864;IDFC FTP - Series 21(370 Days)- Regular Plan-Quarterly Dividend;INF194KA1J44;;10.2008;10.2008;10.2008;10-Dec-2015
122976;IDFC FTP - Series 23 (365 Days) -Direct Plan_Growth;INF194KA1K17;;12.3878;12.3878;12.3878;10-Dec-2015
122968;IDFC FTP - Series 23 (365 Days)-Regular Plan_Growth;INF194KA1J85;;12.3207;12.3207;12.3207;10-Dec-2015
123013;IDFC FTP-S 24 (729 days) -Regular Plan_Growth;INF194KA1QV0;;12.3782;12.3782;12.3782;10-Dec-2015
123015;IDFC FTP-S 24 (729 days) -Regular Plan_Quarterly Dividend;INF194KA1QW8;;10.3349;10.3349;10.3349;10-Dec-2015
123018;IDFC FTP-S 24(729 days) -Direct Plan_Growth;INF194KA1QT4;;12.4053;12.4053;12.4053;10-Dec-2015
123271;IDFC FTP -S 25 (729 days) _Regular Plan_Half yearly Dividend;INF194KA1QZ1;;10.2832;10.2832;10.2832;10-Dec-2015
123030;IDFC FTP -S 25 (729 days)_Direct Plan_Growth;INF194KA1QY4;;12.4142;12.4142;12.4142;10-Dec-2015
123028;IDFC FTP -S 25 (729 days)_Regular Plan_Growth;INF194KA1RA2;;12.3874;12.3874;12.3874;10-Dec-2015
123353;IDFC FTP - S 26 (489 days) _Direct Plan Growth;INF194KA1H12;;12.3487;12.3487;12.3487;10-Dec-2015
123360;IDFC FTP - S 26 (489 days) _Regular Plan Growth;INF194KA1H20;;12.2800;12.2800;12.2800;10-Dec-2015
123359;IDFC FTP - S 26 (489 days) _Regular Plan Half yearly Dividend;INF194KA1H38;;10.1953;10.1953;10.1953;10-Dec-2015
123357;IDFC FTP - S 26 (489 days)_Regular Plan Quarterly Dividend;INF194KA1H46;;10.1953;10.1953;10.1953;10-Dec-2015
123513;IDFC FTP - S 27 (366 days)_Direct Plan Growth;INF194KA1T83;;12.4053;12.4053;12.4053;10-Dec-2015
123509;IDFC FTP - S 27 (366 days)_Regular Plan Growth;INF194KA1T67;;12.3580;12.3580;12.3580;10-Dec-2015
123514;IDFC FTP - S 27 (366 days)_Regular Plan Periodic Dividend;INF194KA1T75;;11.1961;11.1961;11.1961;10-Dec-2015
123587;IDFC FTP - Series 28 (1098 days) _Direct Plan_Growth;INF194K017W1;;12.6622;12.6622;12.6622;10-Dec-2015
123585;IDFC FTP - Series 28 (1098 days) _Regular Plan_Quarterly Dividend;INF194K014W8;;10.7916;10.7916;10.7916;10-Dec-2015
123583;IDFC FTP - Series 28 (1098 days)_Regular Plan_Growth;INF194K013W0;;12.5673;12.5673;12.5673;10-Dec-2015
123586;IDFC FTP - Series 28 (1098 days)_Regular Plan_Half Yearly Dividend;INF194K015W5;;10.5283;10.5283;10.5283;10-Dec-2015
123591;IDFC FTP - Series 28 (1098 days)_Regular Plan_Periodic Dividend;INF194K016W3;;11.4860;11.4860;11.4860;10-Dec-2015
123702;IDFC FTP - Series 29 (485 days)_Regular Plan_Growth;INF194KA1H61;;12.2798;12.2798;12.2798;10-Dec-2015
123697;IDFC FTP - Series 29 (485 days)_Regular Plan_Quarterly Dividend;INF194KA1H79;;10.1941;10.1941;10.1941;10-Dec-2015
123694;IDFC FTP - Series 29(485 days)_Direct Plan_Growth;INF194KA1H53;;12.3513;12.3513;12.3513;10-Dec-2015
123789;IDFC FTP - Series 31 (729 days)_Direct Plan_Growth;INF194KA1RQ8;;12.4157;12.4157;12.4157;10-Dec-2015
123780;IDFC FTP - Series 31 (729 days)_Regular Plan_Growth;INF194KA1RM7;;12.3938;12.3938;12.3938;10-Dec-2015
123788;IDFC FTP - Series 31 (729 days)_Regular Plan_Periodic Dividend;INF194KA1RP0;;11.1933;11.1933;11.1933;10-Dec-2015
123880;IDFC FTP - Series 32 (729 days)_Direct Plan_Growth;INF194KA1RV8;;12.3221;12.3221;12.3221;10-Dec-2015
123879;IDFC FTP - Series 32 (729 days)_Regular Plan_Growth;INF194KA1RR6;;12.2755;12.2755;12.2755;10-Dec-2015
124194;IDFC FTP - Series 33 (729 days)_Direct Plan_Growth;INF194KA1UB4;;12.3419;12.3419;12.3419;10-Dec-2015
124188;IDFC FTP - Series 33 (729 days)_Regular Plan_Growth;INF194KA1TY8;;12.2954;12.2954;12.2954;10-Dec-2015
124279;IDFC FTP - Series 34 (728 days)_Direct Plan_Growth;INF194KA1UN9;;12.3255;12.3255;12.3255;10-Dec-2015
124271;IDFC FTP - Series 34 (728 days)_Regular Plan_Growth;INF194KA1UK5;;12.2794;12.2794;12.2794;10-Dec-2015
124378;IDFC FTP - Series 35 (732 days)-Direct Plan_Growth;INF194KA1UR0;;12.2557;12.2557;12.2557;10-Dec-2015
124384;IDFC FTP - Series 35 (732 days)-Regular Plan_Growth;INF194KA1UO7;;12.1633;12.1633;12.1633;10-Dec-2015
124440;IDFC FTP - Series 39 (506 days)- Direct Plan_Growth;INF194KA1D65;;12.1400;12.1400;12.1400;10-Dec-2015
124442;IDFC FTP - Series 39 (506 days)- Regular Plan_Growth;INF194KA1D32;;12.0541;12.0541;12.0541;10-Dec-2015
124604;IDFC FTP - S 40 (729 days) -Direct Plan-Growth;INF194KA1UX8;;12.1999;12.1999;12.1999;10-Dec-2015
124608;IDFC FTP - S 40 (729 days)-Regular Plan-Growth;INF194KA1UU4;;12.1213;12.1213;12.1213;10-Dec-2015
124689;IDFC FTP -S 41 (566 days)- Direct Plan_Growth;INF194KA1I60;;12.0273;12.0273;12.0273;10-Dec-2015
124686;IDFC FTP -S 41 (566 days)- Regular Plan_Growth;INF194KA1I45;;11.9613;11.9613;11.9613;10-Dec-2015
124735;IDFC FTP -S 42  (731 days)-Direct Plan_Growth;INF194KA1VD8;;12.1151;12.1151;12.1151;10-Dec-2015
124737;IDFC FTP -S 42 (731 days)-Regular Plan_Quarterly Dividend;INF194KA1VB2;;10.3402;10.3402;10.3402;10-Dec-2015
124743;IDFC FTP -S 42(731 days) -Regular Plan_Growth;INF194KA1VA4;;12.0371;12.0371;12.0371;10-Dec-2015
124788;IDFC FTP -S 44 (730 days)_Direct Plan_Growth;INF194KA1VX6;;12.0020;12.0020;12.0020;10-Dec-2015
124784;IDFC FTP -S 44 (730 days)_Regular Plan_Growth;INF194KA1VU2;;11.9791;11.9791;11.9791;10-Dec-2015
125281;IDFC FTP - Series 48 (601 days)_Direct Plan_Growth;INF194KA1F06;;12.0180;12.0180;12.0180;10-Dec-2015
125284;IDFC FTP - Series 48 (601 days)_Regular Plan_Growth;INF194KA1E72;;11.9984;11.9984;11.9984;10-Dec-2015
125286;IDFC FTP - Series 48 (601 days)_Regular Plan_Quarterly Dividend;INF194KA1E80;;10.2159;10.2159;10.2159;10-Dec-2015
125472;IDFC FTP S 49 (729 Days)_Direct Plan_Growth;INF194KA1XA0;;11.9171;11.9171;11.9171;10-Dec-2015
125475;IDFC FTP S 49 (729 Days)_Direct Plan_Quarterly Dividend;INF194KA1XB8;;10.2665;10.2665;10.2665;10-Dec-2015
125468;IDFC FTP S 49 (729 Days)_Regular Plan_Growth;INF194KA1WX4;;11.8800;11.8800;11.8800;10-Dec-2015
125602;IDFC FTP S-50 (729 Days)_Direct Plan_Growth;INF194KA1XF9;;11.8876;11.8876;11.8876;10-Dec-2015
125604;IDFC FTP S-50 (729 Days)_Regular Plan_Growth;INF194KA1XC6;;11.8518;11.8518;11.8518;10-Dec-2015
125609;IDFC FTP S -51(597 Days)_Direct Plan_Growth;INF194KA1E49;;11.9237;11.9237;11.9237;10-Dec-2015
125616;IDFC FTP S -51(597 Days)_Regular Plan_Growth;INF194KA1E15;;11.8691;11.8691;11.8691;10-Dec-2015
125615;IDFC FTP S -51(597 Days)_Regular Plan_Quarterly Dividend;INF194KA1E23;;10.2077;10.2077;10.2077;10-Dec-2015
125727;IDFC FTP S52(728 Days)_Direct Plan_Growth;INF194KA1XL7;;11.8711;11.8711;11.8711;10-Dec-2015
125723;IDFC FTP S52(728 Days)_Regular Plan_Growth;INF194KA1XI3;;11.8141;11.8141;11.8141;10-Dec-2015
125726;IDFC FTP S52(728 Days)_Regular Plan_Half Yearly Dividend;INF194KA1XK9;;10.2198;10.2198;10.2198;10-Dec-2015
125910;IDFC FTP S-54(732 Days)_Direct Plan_Growth;INF194KA1XN3;;11.8733;11.8733;11.8733;10-Dec-2015
125901;IDFC FTP S-54(732 Days)_Regular Plan_Growth;INF194KA1XM5;;11.8362;11.8362;11.8362;10-Dec-2015
126050;IDFC FTP S 57(594 Days)_Direct Plan_Growth;INF194KA1G13;;11.8734;11.8734;11.8734;10-Dec-2015
126042;IDFC FTP S 57(594 Days)_Regular Plan_Growth;INF194KA1F71;;11.8190;11.8190;11.8190;10-Dec-2015
126175;IDFC FTP S-59(728 Days)_Direct Plan_Growth;INF194KA1XO1;;11.8265;11.8265;11.8265;10-Dec-2015
126171;IDFC FTP S-59(728 Days)_Regular Plan_Growth;INF194KA1XQ6;;11.7021;11.7021;11.7021;10-Dec-2015
126188;IDFC FTP S-60(643 Days)_Direct Plan_Growth;INF194KA1G62;;11.8460;11.8460;11.8460;10-Dec-2015
126181;IDFC FTP S-60(643 Days)_Regular Plan_Growth;INF194KA1G21;;11.7924;11.7924;11.7924;10-Dec-2015
126299;IDFC FTP S-62(636 Days)_Direct Plan_Growth;INF194KA1H04;;11.8187;11.8187;11.8187;10-Dec-2015
126294;IDFC FTP S-62(636 Days)_Regular Plan_Growth;INF194KA1G70;;11.7414;11.7414;11.7414;10-Dec-2015
126296;IDFC FTP S-62(636 Days)_Regular Plan_Half Yearly Dividend;INF194KA1G96;;10.2102;10.2102;10.2102;10-Dec-2015
126297;IDFC FTP S-62(636 Days)_Regular Plan_Quarterly Dividend;INF194KA1G88;;10.2102;10.2102;10.2102;10-Dec-2015
126536;IDFC FTP-65(728 Days)_Direct Plan_Growth;INF194KA1XV6;;11.7456;11.7456;11.7456;10-Dec-2015
126533;IDFC FTP-65(728 Days)_Regular Plan_Growth;INF194KA1XS2;;11.7062;11.7062;11.7062;10-Dec-2015
126546;IDFC FTP - S 66(1170 Days)_Direct Plan_Growth;INF194KA1ZX7;;11.7636;11.7636;11.7636;10-Dec-2015
126552;IDFC FTP - S 66(1170 Days)_Regular Plan_Growth;INF194KA1ZW9;;11.6733;11.6733;11.6733;10-Dec-2015
126722;IDFC FTP-S67 (729 Days)_Regular Plan_Growth;INF194KA1YJ9;;11.6835;11.6835;11.6835;10-Dec-2015
126713;IDFC FTP-S67(729 Days)_Direct Plan_Growth;INF194KA1YM3;;11.7465;11.7465;11.7465;10-Dec-2015
126720;IDFC FTP-S67(729 Days)_Regular Plan_Periodic Dividend;INF194KA1YL5;;10.7039;10.7039;10.7039;10-Dec-2015
126719;IDFC FTP-S67(729 Days)_Regular Plan_Quaterly Dividend;INF194KA1YK7;;10.2627;10.2627;10.2627;10-Dec-2015
126799;IDFC FTP S-69(728 Days)_Direct Plan_Growth;INF194KA1YQ4;;11.7468;11.7468;11.7468;10-Dec-2015
126796;IDFC FTP S-69(728 Days)_Direct Plan_Periodic Dividend;INF194KA1YP6;;10.6935;10.6935;10.6935;10-Dec-2015
126791;IDFC FTP S-69(728 Days)_Regular Plan_Growth;INF194KA1YN1;;11.7149;11.7149;11.7149;10-Dec-2015
126808;IDFC FTP S-70(1169 Days)_Direct Plan_Growth;INF194KA1A19;;11.7341;11.7341;11.7341;10-Dec-2015
126805;IDFC FTP S-70(1169 Days)_Regular Plan_Growth;INF194KA1ZY5;;11.6274;11.6274;11.6274;10-Dec-2015
126810;IDFC FTP S-70(1169 Days)_Regular Plan_Quaterly Dividend;INF194KA1A01;;10.2642;10.2642;10.2642;10-Dec-2015
126820;IDFC FTP S-71 (795 Days)_Direct Plan_Growth;INF194KA1HO4;INF194KA1R10;11.8382;11.8382;11.8382;10-Dec-2015
126819;IDFC FTP S-71 (795 Days)_Regular Plan_Growth;INF194KA1HS5;INF194KA1Q94;11.7384;11.7384;11.7384;10-Dec-2015
126823;IDFC FTP S-71 (795 Days)_Regular Plan_Quaterly Dividend;INF194KA1HT3;INF194KA1R02;10.3995;10.3995;10.3995;10-Dec-2015
127172;IDFC FTP -S74(1169 Days) -Direct Plan_Growth;INF194KA1A92;;11.7234;11.7234;11.7234;10-Dec-2015
127165;IDFC FTP -S74(1169 Days) -Regular Plan_Growth;INF194KA1A50;;11.6331;11.6331;11.6331;10-Dec-2015
127494;IDFC FTP S-75(1170 Days)_Direct Plan_Growth;INF194KA1B26;;11.7095;11.7095;11.7095;10-Dec-2015
127490;IDFC FTP S-75(1170 Days)_Regular Plan_Growth;INF194KA1B18;;11.6212;11.6212;11.6212;10-Dec-2015
127687;IDFC FTP S-77(1170 Days)_Direct Plan_Growth;INF194KA1B42;;11.6858;11.6858;11.6858;10-Dec-2015
127684;IDFC FTP S-77(1170 Days)_Regular Plan_Growth;INF194KA1B34;;11.6379;11.6379;11.6379;10-Dec-2015
127863;IDFC FTP S-78(1096 Days)_Direct Plan_Growth;INF194KA1ZA5;;11.6740;11.6740;11.6740;10-Dec-2015
127864;IDFC FTP S-78(1096 Days)_Regular Plan_Growth;INF194KA1YZ5;;11.6280;11.6280;11.6280;10-Dec-2015
127944;IDFC FTP S-79(1170 Days)_Direct Plan_Growth;INF194KA1B91;;11.6390;11.6390;11.6390;10-Dec-2015
127938;IDFC FTP S-79(1170 Days)_Regular Plan_Growth;INF194KA1B59;;11.5506;11.5506;11.5506;10-Dec-2015
127940;IDFC FTP S-79(1170 Days)_Regular Plan_Periodic Dividend;INF194KA1B83;;10.5409;10.5409;10.5409;10-Dec-2015
127947;IDFC FTP S-83(729 Days)_Direct Plan_Growth;INF194KA1ZC1;;11.6526;11.6526;11.6526;10-Dec-2015
127950;IDFC FTP S-83(729 Days)_Regular Plan_Growth;INF194KA1ZB3;;11.6324;11.6324;11.6324;10-Dec-2015
128010;IDFC FTP S-84(1175 Days)_Direct Plan_Growth;INF194KA1ZQ1;;11.6258;11.6258;11.6258;10-Dec-2015
128014;IDFC FTP S-84(1175 Days)_Regular Plan_Growth;INF194KA1ZP3;;11.5773;11.5773;11.5773;10-Dec-2015
128214;IDFC FTP S-85(728 Days)_Direct Plan_Growth;INF194KA14B2;;11.6312;11.6312;11.6312;10-Dec-2015
128213;IDFC FTP S-85(728 Days)_Regular Plan_Growth;INF194KA13B4;;11.6053;11.6053;11.6053;10-Dec-2015
128226;IDFC FTP S-86(1175 Days)_Direct Plan_Growth;INF194KA1ZI8;;11.5961;11.5961;11.5961;10-Dec-2015
128221;IDFC FTP S-86(1175 Days)_Regular Plan_Growth;INF194KA1ZF4;;11.5240;11.5240;11.5240;10-Dec-2015
128474;IDFC FTP S-88(1175 Days)_Direct Plan_Growth;INF194KA1ZO6;;11.5692;11.5692;11.5692;10-Dec-2015
128475;IDFC FTP S-88(1175 Days)_Regular Plan_Growth;INF194KA1ZL2;;11.5324;11.5324;11.5324;10-Dec-2015
128549;IDFC FTP-S 89(742 Days)_Direct Plan_Growth;INF194KA17B5;;11.6887;11.6887;11.6887;10-Dec-2015
128553;IDFC FTP-S 89(742 Days)_Direct Plan_Periodic Dividend;INF194KA1NH6;INF194KA1Q86;11.2515;11.2515;11.2515;10-Dec-2015
128546;IDFC FTP-S 89(742 Days)_Regular Plan_Growth;INF194KA15B9;;11.5915;11.5915;11.5915;10-Dec-2015
128551;IDFC FTP-S 89(742 Days)_Regular Plan_Half Yearly Dividend;INF194KA1NK0;INF194KA1Q60;10.3182;10.3182;10.3182;10-Dec-2015
128550;IDFC FTP-S 89(742 Days)_Regular Plan_Quarterly Dividend;INF194KA16B7;;10.3828;10.3828;10.3828;10-Dec-2015
128934;IDFC FTP S -90(728 Days)_Direct Plan_Growth;INF194KA1NM6;INF194KA1Q29;11.6638;11.6638;11.6638;10-Dec-2015
128938;IDFC FTP S -90(728 Days)_Direct Plan_Half Yearly Dividend;INF194KA1NO2;INF194KA1Q37;10.3603;10.3603;10.3603;10-Dec-2015
128936;IDFC FTP S -90(728 Days)_Regular Plan_Growth;INF194KA1NQ7;INF194KA1P87;11.6155;11.6155;11.6155;10-Dec-2015
128940;IDFC FTP S -90(728 Days)_Regular Plan_Half Yearly Dividend;INF194KA1NS3;INF194KA1Q03;10.3528;10.3528;10.3528;10-Dec-2015
128941;IDFC FTP S -90(728 Days)_Regular Plan_Periodic Dividend;INF194KA1NT1;INF194KA1Q11;11.2368;11.2368;11.2368;10-Dec-2015
128937;IDFC FTP S -90(728 Days)_Regular Plan_Quaterly Dividend;INF194KA1NR5;INF194KA1P95;10.4144;10.4144;10.4144;10-Dec-2015
129011;IDFC FTP S -91(1158 Days)_Direct Plan_ Growth;INF194KA1C41;;11.5021;11.5021;11.5021;10-Dec-2015
129015;IDFC FTP S -91(1158 Days)_Regular Plan_ Growth;INF194KA1C09;;11.4715;11.4715;11.4715;10-Dec-2015
129465;IDFC FTP-S 92(735 Days)_Direct Plan_Growth;INF194KA1E07;;11.4802;11.4802;11.4802;10-Dec-2015
129462;IDFC FTP-S 92(735 Days)_Regular Plan_Growth;INF194KA1D73;;11.4620;11.4620;11.4620;10-Dec-2015
129463;IDFC FTP-S 92(735 Days)_Regular Plan_Quarterly Dividend;INF194KA1D81;;10.2182;10.2182;10.2182;10-Dec-2015
129501;IDFC FTP S - 93 (732 Days)_Regular Plan_Growth;INF194KA1F22;;11.4502;11.4502;11.4502;10-Dec-2015
129505;IDFC FTP S-93 (732 Days)_DIrect Plan_Growth;INF194KA1F55;;11.4682;11.4682;11.4682;10-Dec-2015
129929;IDFC FTP S -97 (788 Days) _Direct Plan_Growth;INF194KA1H87;;11.3969;11.3969;11.3969;10-Dec-2015
129934;IDFC FTP S-97 (788 Days)_Regular Plan_Growth;INF194KA1I11;;11.3668;11.3668;11.3668;10-Dec-2015
129985;IDFC FTP S_99(777Days)_Direct_Growth;INF194KA1J10;;11.3481;11.3481;11.3481;10-Dec-2015
129979;IDFC FTP S_99(777Days)_Regular_Growth;INF194KA1I78;;11.3198;11.3198;11.3198;10-Dec-2015
134585;IDFC FIXED TERM PLAN SERIES-108 (1144Days)- Direct Plan- Growth;INF194KA1C58;;10.5259;10.5259;10.5259;10-Dec-2015
134588;IDFC FIXED TERM PLAN SERIES-108 (1144Days)- Regular Plan- Growth;INF194KA1D16;;10.4637;10.4637;10.4637;10-Dec-2015
134583;IDFC FIXED TERM PLAN SERIES-108(1144Days)- Regular Plan- Quarterly Dividend;INF194KA1C90;;10.2182;10.2182;10.2182;10-Dec-2015

Bank of India Mutual Fund
134946;BOI AXA Capital Protection Oriented Fund Series 4 Direct Growth;INF761K01DI4;;9.4190;9.4190;9.4190;10-Dec-2015
134947;BOI AXA Capital Protection Oriented Fund Series 4 Regular Growth;INF761K01DJ2;;9.4085;9.4085;9.4085;10-Dec-2015
135524;BOI AXA Capital Protection Oriented  Fund Series 5 Regular Plan Growth;INF761K01DL8;;9.6320;9.6320;9.6320;10-Dec-2015
135525;BOI AXA Capital Protection Oriented Fund Series 5 Direct Plan Growth;INF761K01DK0;;9.6353;9.6353;9.6353;10-Dec-2015
133060;BOI AXA Capital Protection Oriented Fund Series 2  Regular Plan Growth;INF761K01DB9;;9.8178;9.8178;9.8178;10-Dec-2015
133061;BOI AXA Capital Protection Oriented Fund Series 2 Direct Plan Dividend;INF761K01CY3;;9.8799;9.8799;9.8799;10-Dec-2015
133063;BOI AXA Capital Protection Oriented Fund Series 2 Direct Plan Growth;INF761K01CZ0;;9.8799;9.8799;9.8799;10-Dec-2015
133062;BOI AXA Capital Protection Oriented Fund Series 2 Regular Plan Dividend;INF761K01DA1;;9.8178;9.8178;9.8178;10-Dec-2015
133496;BOI AXA Capital Protection Oriented Fund Series 3 Direct Plan Dividend;INF761K01DC7;;9.5618;9.5618;9.5618;10-Dec-2015
133495;BOI AXA Capital Protection Oriented Fund Series 3 Direct Plan Growth;INF761K01DD5;;9.5615;9.5615;9.5615;10-Dec-2015
133494;BOI AXA Capital Protection Oriented Fund Series 3 Regular Plan Dividend;INF761K01DE3;;9.5147;9.5147;9.5147;10-Dec-2015
133493;BOI AXA Capital Protection Oriented Fund Series 3 Regular Plan Growth;INF761K01DF0;;9.5147;9.5147;9.5147;10-Dec-2015
125371;BOI AXA Capital Protection Oriented Fund- Series 1  Direct Growth;INF761K01AY7;;11.8577;11.8577;11.8577;10-Dec-2015
125369;BOI AXA Capital Protection Oriented Fund- Series 1  Regular Dividend;INF761K01AX9;;11.6425;11.6425;11.6425;10-Dec-2015
125368;BOI AXA Capital Protection Oriented Fund- Series 1  Regular Growth;INF761K01AW1;;11.6425;11.6425;11.6425;10-Dec-2015

Baroda BNP Paribas Mutual Fund
123911;Baroda Pioneer Fixed Maturity Plan Series E -Plan B (Direct) -Dividend Payout;INF955L01FC8;;11.2203;11.2203;11.2203;10-Dec-2015
123910;Baroda Pioneer Fixed Maturity Plan Series E -Plan B (Direct)- Growth;INF955L01FB0;;12.4246;12.4246;12.4246;10-Dec-2015
123909;Baroda Pioneer Fixed Maturity Plan Series E- Plan A- Dividend Payout;INF955L01FA2;;11.1914;11.1914;11.1914;10-Dec-2015
123908;Baroda Pioneer Fixed Maturity Plan Series E- Plan A- Growth;INF955L01EZ2;;12.3688;12.3688;12.3688;10-Dec-2015
126090;Baroda Pioneer Fixed Maturity Plan Series J - Plan A - Growth;INF955L01EB3;;11.8637;11.8637;11.8637;10-Dec-2015
126091;Baroda Pioneer Fixed Maturity Plan Series J - Plan B (Direct) - Growth;INF955L01ED9;;11.8929;11.8929;11.8929;10-Dec-2015
128861;Baroda Pioneer Fixed Maturity Plan - Series N - Plan A - Growth;INF955L01ER9;;11.5093;11.5093;11.5093;10-Dec-2015
128862;Baroda Pioneer Fixed Maturity Plan - Series N - Plan B (Direct) - Growth;INF955L01ET5;;11.5383;11.5383;11.5383;10-Dec-2015
128054;Baroda Pioneer Fixed Maturity Plan Series M -Plan B (Direct) -Dividend Payout;INF955L01EQ1;;10.5478;10.5478;10.5478;10-Dec-2015
128055;Baroda Pioneer Fixed Maturity Plan Series M -Plan B (Direct)- Growth;INF955L01EP3;;11.6477;11.6477;11.6477;10-Dec-2015
128057;Baroda Pioneer Fixed Maturity Plan Series M- Plan A- Growth;INF955L01EN8;;11.6090;11.6090;11.6090;10-Dec-2015
134121;Baroda Pioneer Hybrid Fund - Series 1 - Plan A - Dividend Pay-out option;INF955L01GG7;;9.3167;9.3167;9.3167;10-Dec-2015
134122;Baroda Pioneer Hybrid Fund - Series 1- Plan A - Growth Option;INF955L01GF9;;9.3167;9.3167;9.3167;10-Dec-2015
134123;Baroda Pioneer Hybrid Fund - Series 1- Plan B (Direct) - Growth Option;INF955L01GH5;;9.4370;9.4370;9.4370;10-Dec-2015
134120;Baroda Pioneer Hybrid Fund- Series 1- Plan B (Direct) - Dividend Pay-out Option;INF955L01GI3;;9.4370;9.4370;9.4370;10-Dec-2015

BNP Paribas Mutual Fund
122286;BNP Paribas Capital Protection Oriented Fund - Direct Plan - Growth;INF251K01OD4;;12.0817;12.0817;12.0817;10-Dec-2015
122285;BNP Paribas Capital Protection Oriented Fund - Dividend Option;INF251K01IY2;;11.9994;11.9994;11.9994;10-Dec-2015
122288;BNP Paribas Capital Protection Oriented Fund - Growth;INF251K01IX4;;11.9994;11.9994;11.9994;10-Dec-2015
122857;BNP Paribas Capital Protection Oriented Fund Series II - Direct Plan - Dividend on maturity Option;INF251K01OI3;;12.2012;12.2012;12.2012;10-Dec-2015
122854;BNP Paribas Capital Protection Oriented Fund Series II - Direct Plan - Growth Option;INF251K01OH5;;12.2038;12.2038;12.2038;10-Dec-2015
122855;BNP Paribas Capital Protection Oriented Fund Series II - Dividend on Maturity Option;INF251K01OG7;;12.1273;12.1273;12.1273;10-Dec-2015
122856;BNP Paribas Capital Protection Oriented Fund Series II - Growth Option;INF251K01OF9;;12.1273;12.1273;12.1273;10-Dec-2015
125011;BNP Paribas Dual Advantage Fund - Series I Direct Plan Dividend Option;INF251K01LJ7;;11.8598;11.8598;11.8598;10-Dec-2015
125012;BNP Paribas Dual Advantage Fund - Series I Direct Plan Growth Option;INF251K01LK5;;11.8633;11.8633;11.8633;10-Dec-2015
125009;BNP Paribas Dual Advantage Fund - Series I Dividend Option;INF251K01LH1;;11.8001;11.8001;11.8001;10-Dec-2015
125010;BNP Paribas Dual Advantage Fund - Series I Growth Option;INF251K01LI9;;11.8001;11.8001;11.8001;10-Dec-2015

Canara Robeco Mutual Fund
133879;Canara Robeco Capital Protection Oriented Fund - Series 4 - Direct Plan - Growth Option;INF760K01HM9;;10.4241;10.4241;10.4241;10-Dec-2015
133881;Canara Robeco Capital Protection Oriented Fund - Series 4 - Regular Plan - Dividend Payout Option;INF760K01HP2;;10.3918;10.3918;10.3918;10-Dec-2015
133880;Canara Robeco Capital Protection Oriented Fund - Series 4 - Regular Plan - Growth Option;INF760K01HO5;;10.3918;10.3918;10.3918;10-Dec-2015
134157;Canara Robeco Capital Protection Oriented Fund - Series 5 - Direct Plan - Dividend Option;INF760K01HV0;;9.8024;9.8024;9.8024;10-Dec-2015
134156;Canara Robeco Capital protection Oriented Fund - Series 5 - Direct Plan - Growth Option;INF760K01HU2;;9.8024;9.8024;9.8024;10-Dec-2015
134159;Canara Robeco Capital protection Oriented Fund - Series 5 - Regular Plan - Growth Option;INF760K01HW8;;9.7940;9.7940;9.7940;10-Dec-2015
134158;Canara Robeco Capital protection Oriented Fund - Serries 5 - Regular Plan - Dividend option;INF760K01HX6;;9.7940;9.7940;9.7940;10-Dec-2015
131012;CANARA ROBECO CAPITAL PROTECTION ORIENDED FUND- SERIES 3 -DIRECT PLAN- DIVIDEND PAYOUT OPTION;INF760K01HF3;;11.0829;11.0829;11.0829;10-Dec-2015
131010;CANARA ROBECO CAPITAL PROTECTION ORIENTED FUND - SERIES 3-GROWTH PLAN;INF760K01HG1;;11.0209;11.0209;11.0209;10-Dec-2015
131011;CANARA ROBECO CAPITAL PROTECTION ORIENTED FUND-SERIES 3- DIvidend PLAN;INF760K01HH9;;11.0209;11.0209;11.0209;10-Dec-2015
131013;CANARA ROBECO CAPITAL PROTECTION ORIENTED FUND-SERIES 3-DIRECT PLAN-GROWTH OPTION;INF760K01HE6;;11.0829;11.0829;11.0829;10-Dec-2015
125021;Canara Robeco Capital Protection Oriented Fund- Series 2 (Plan A) - Direct Plan - Dividend;INF760K01GV2;;12.3279;12.3279;12.3279;10-Dec-2015
125020;Canara Robeco Capital Protection Oriented Fund- Series 2 (Plan A) - Direct Plan - Growth;INF760K01GU4;;12.3279;12.3279;12.3279;10-Dec-2015
125022;Canara Robeco Capital Protection Oriented Fund- Series 2 (Plan A) - Regular Plan - Dividend;INF760K01GX8;;12.2131;12.2131;12.2131;10-Dec-2015
125019;Canara Robeco Capital Protection Oriented Fund- Series 2 (Plan A) - Regular Plan - Growth;INF760K01GW0;;12.2131;12.2131;12.2131;10-Dec-2015

Deutsche Mutual Fund
117886;DWS Fixed Maturity Plan - Series 16 (DFMP - 16) - Annual Dividend (Payout Option);INF223JA1KT5;;11.1235;11.1235;11.1235;10-Dec-2015
117888;DWS Fixed Maturity Plan - Series 16 (DFMP - 16) - Dividend (Payout Option);INF223JA1KS7;;10.8299;10.8299;10.8299;10-Dec-2015
117887;DWS Fixed Maturity Plan - Series 16 (DFMP - 16) - Growth;INF223JA1KR9;;12.8586;12.8586;12.8586;10-Dec-2015
117889;DWS Fixed Maturity Plan - Series 16 (DFMP - 16) - Quarterly Dividend (Payout Option);INF223JA1KU3;;10.8726;10.8726;10.8726;10-Dec-2015
130014;DWS FIXED MATURITY PLAN - SERIES 70 - DIRECT PLAN -GROWTH;INF223J016D1;;11.4968;11.4968;11.4968;10-Dec-2015
130019;DWS FIXED MATURITY PLAN - SERIES 70 - REGULAR PLAN -ANNUAL DIVIDEND;INF223J011D2;;10.6996;10.6996;10.6996;10-Dec-2015
130016;DWS FIXED MATURITY PLAN - SERIES 70 - REGULAR PLAN -GROWTH;INF223J012D0;;11.3887;11.3887;11.3887;10-Dec-2015
130017;DWS FIXED MATURITY PLAN - SERIES 70 - REGULAR PLAN -QUARTERLY DIVIDEND;INF223J010D4;;10.9577;10.9577;10.9577;10-Dec-2015
130018;DWS FIXED MATURITY PLAN - SERIES 70 - REGULAR PLAN -REGULAR DIVIDEND;INF223J019C7;;10.6954;10.6954;10.6954;10-Dec-2015
130036;DWS Fixed Maturity Plan - Series 71 - Direct Plan -Growth;INF223J012F5;;11.4867;11.4867;11.4867;10-Dec-2015
130033;DWS Fixed Maturity Plan - Series 71 - Regular Plan - Growth;INF223J018E5;;11.3812;11.3812;11.3812;10-Dec-2015
130032;DWS Fixed Maturity Plan - Series 71 - Regular Plan -Annual Dividend;INF223J017E7;;10.7415;10.7415;10.7415;10-Dec-2015
130034;DWS Fixed Maturity Plan - Series 71 - Regular Plan -Quarterly Dividend;INF223J016E9;;10.5467;10.5467;10.5467;10-Dec-2015
130035;DWS Fixed Maturity Plan - Series 71 - Regular Plan -Regular Dividend;INF223J015E1;;10.6386;10.6386;10.6386;10-Dec-2015
130115;DWS Fixed Maturity Plan - Series 72 - Direct Plan -Growth;INF223J014E4;;11.5121;11.5121;11.5121;10-Dec-2015
130114;DWS Fixed Maturity Plan - Series 72 - Regular Plan -Annual Dividend;INF223J019D5;;10.7815;10.7815;10.7815;10-Dec-2015
130111;DWS Fixed Maturity Plan - Series 72 - Regular Plan -Growth;INF223J010E2;;11.4178;11.4178;11.4178;10-Dec-2015
130112;DWS Fixed Maturity Plan - Series 72 - Regular Plan -Quarterly Dividend;INF223J018D7;;10.6163;10.6163;10.6163;10-Dec-2015
130113;DWS Fixed Maturity Plan - Series 72 - Regular Plan -Regular Dividend;INF223J017D9;;10.6744;10.6744;10.6744;10-Dec-2015
130811;DWS Fixed Maturity Plan - Series 75 - Direct Plan - Growth;INF223J010K9;;11.4689;11.4689;11.4689;10-Dec-2015
130813;DWS Fixed Maturity Plan - Series 75 - Regular Plan - Growth;INF223J016J8;;11.3674;11.3674;11.3674;10-Dec-2015
130814;DWS Fixed Maturity Plan - Series 75 - Regular Plan - Quarterly Dividend;INF223J014J3;;10.7319;10.7319;10.7319;10-Dec-2015
130815;DWS Fixed Maturity Plan - Series 75 - Regular Plan - Regular Dividend;INF223J013J5;;10.7296;10.7296;10.7296;10-Dec-2015
131366;DWS Fixed Maturity Plan - Series 77 - Direct Plan - Growth;INF223J018V9;;11.2605;11.2605;11.2605;10-Dec-2015
131368;DWS Fixed Maturity Plan - Series 77 - Regular Plan - Growth;INF223J014V8;;11.1901;11.1901;11.1901;10-Dec-2015
131370;DWS Fixed Maturity Plan - Series 77 - Regular Plan - Quarterly Dividend;INF223J012V2;;10.9231;10.9231;10.9231;10-Dec-2015
131449;DWS Fixed Maturity Plan - Series 78 - Direct Plan - Annual Dividend;INF223J016W1;;10.7919;10.7919;10.7919;10-Dec-2015
131493;DWS Fixed Maturity Plan - Series 78 - Direct Plan - Growth;INF223J017W9;;11.1653;11.1653;11.1653;10-Dec-2015
131491;DWS Fixed Maturity Plan - Series 78 - Regular Plan - Growth;INF223J013W8;;11.0903;11.0903;11.0903;10-Dec-2015
133009;DWS Fixed Maturity Plan - Series 82 - Direct Plan - Growth;INF223JA1172;;10.9678;10.9678;10.9678;10-Dec-2015
133014;DWS Fixed Maturity Plan - Series 82 - Regular Plan - Growth;INF223JA1131;;10.9562;10.9562;10.9562;10-Dec-2015
133015;DWS Fixed Maturity Plan - Series 82 - Regular Plan - Quarterly Dividend;INF223JA1115;;10.9538;10.9538;10.9538;10-Dec-2015
133936;DWS Fixed Matuirty Plan - Series 85 - Regular Plan - Annual Dividend;INF223JA1AB4;;10.6588;10.6588;10.6588;10-Dec-2015
133932;DWS Fixed Maturity Plan - Series 85 - Direct Plan - Growth;INF223JA1AG3;;10.6625;10.6625;10.6625;10-Dec-2015
133934;DWS Fixed Maturity Plan - Series 85 - Regular Plan - Growth;INF223JA1AC2;;10.6586;10.6586;10.6586;10-Dec-2015
133931;DWS Fixed Maturity Plan - Series 85 - Regular Plan - Quarterly Dividend;INF223JA1AA6;;10.6617;10.6617;10.6617;10-Dec-2015
133935;DWS Fixed Maturity Plan - Series 85 - Regular Plan - Regular Dividend;INF223JA1990;;10.6588;10.6588;10.6588;10-Dec-2015
134220;DWS Fixed Maturity Plan - Series 86 - Direct Plan - Growth;INF223JA1CH7;;10.6676;10.6676;10.6676;10-Dec-2015
134226;DWS Fixed Maturity Plan - Series 86 - Regular Plan - Growth;INF223JA1CD6;;10.6438;10.6438;10.6438;10-Dec-2015
134223;DWS Fixed Maturity Plan - Series 86 - Regular Plan - Regular Dividend;INF223JA1CA2;;10.6438;10.6438;10.6438;10-Dec-2015
134234;DWS Fixed Maturity Plan - Series 87 - Direct Plan - Growth;INF223JA1CP0;;10.6323;10.6323;10.6323;10-Dec-2015
134230;DWS Fixed Maturity Plan - Series 87 - Regular Plan - Growth;INF223JA1CL9;;10.6285;10.6285;10.6285;10-Dec-2015
134754;DWS Fixed Maturity Plan - Series 91 - Direct Option - Growth;INF223JA1HT1;;10.4481;10.4481;10.4481;10-Dec-2015
134780;DWS Fixed Maturity Plan - Series 91 - Regular Option - Growth;INF223JA1HX3;;10.4455;10.4455;10.4455;10-Dec-2015
122961;DWS FIXED MATURITY PLAN - SERIES 31- DIRECT PLAN - GROWTH;INF223JA1JK6;;12.3535;12.3535;12.3535;10-Dec-2015
122967;DWS FIXED MATURITY PLAN - SERIES 31- REGULAR PLAN - ANNUAL DIVIDEND PAYOUT;INF223JA1JE9;;11.2187;11.2187;11.2187;10-Dec-2015
122963;DWS FIXED MATURITY PLAN - SERIES 31- REGULAR PLAN - GROWTH;INF223JA1JF6;;12.2809;12.2809;12.2809;10-Dec-2015
122966;DWS FIXED MATURITY PLAN - SERIES 31- REGULAR PLAN - QUARTERLY DIVIDEND;INF223JA1JD1;;10.9878;10.9878;10.9878;10-Dec-2015
123245;DWS FIXED MATURITY PLAN - SERIES 32- DIRECT PLAN - GROWTH;INF223J018L0;;12.4370;12.4370;12.4370;10-Dec-2015
123242;DWS FIXED MATURITY PLAN - SERIES 32- REGULAR PLAN - GROWTH;INF223J013L1;;12.3580;12.3580;12.3580;10-Dec-2015
123383;DWS FIXED MATURITY PLAN - SERIES 33 - REGULAR PLAN - DIVIDEND PAYOUT;INF223JA1JL4;;11.0936;11.0936;11.0936;10-Dec-2015
123390;DWS FIXED MATURITY PLAN - SERIES 33- DIRECT PLAN - GROWTH;INF223JA1JU5;;12.3178;12.3178;12.3178;10-Dec-2015
123385;DWS FIXED MATURITY PLAN - SERIES 33- REGULAR PLAN - GROWTH;INF223JA1JP5;;12.2553;12.2553;12.2553;10-Dec-2015
123855;DWS FIXED MATURITY PLAN - SERIES 34 - DIRECT PLAN - GROWTH;INF223J016R1;;12.4103;12.4103;12.4103;10-Dec-2015
123856;DWS FIXED MATURITY PLAN - SERIES 34 - REGULAR PLAN - DIVIDEND PAYOUT;INF223J013R8;;11.1661;11.1661;11.1661;10-Dec-2015
123857;DWS FIXED MATURITY PLAN - SERIES 34 - REGULAR PLAN - GROWTH;INF223J014R6;;12.3479;12.3479;12.3479;10-Dec-2015
124155;DWS FIXED MATURITY PLAN - SERIES 37 - DIRECT PLAN - GROWTH;INF223JA1JY7;;12.2286;12.2286;12.2286;10-Dec-2015
124157;DWS FIXED MATURITY PLAN - SERIES 37 - REGULAR PLAN - DIVIDEND PAYOUT;INF223JA1JV3;;11.0414;11.0414;11.0414;10-Dec-2015
124156;DWS FIXED MATURITY PLAN - SERIES 37 - REGULAR PLAN - GROWTH;INF223JA1JW1;;12.1571;12.1571;12.1571;10-Dec-2015
124321;DWS FIXED MATURITY PLAN - SERIES 38 - DIRECT PLAN - DIVIDEND PAYOUT;INF223J01ZT7;;10.7190;10.7190;10.7190;10-Dec-2015
124323;DWS FIXED MATURITY PLAN - SERIES 38 - DIRECT PLAN - GROWTH;INF223J01ZU5;;12.3183;12.3183;12.3183;10-Dec-2015
124325;DWS FIXED MATURITY PLAN - SERIES 38 - REGULAR PLAN - DIVIDEND PAYOUT;INF223J01ZR1;;10.6705;10.6705;10.6705;10-Dec-2015
124324;DWS FIXED MATURITY PLAN - SERIES 38 - REGULAR PLAN - GROWTH;INF223J01ZS9;;12.2098;12.2098;12.2098;10-Dec-2015
124577;DWS FIXED MATURITY PLAN - SERIES 39 - DIRECT PLAN - DIVIDEND PAYOUT;INF223J018X5;;10.7698;10.7698;10.7698;10-Dec-2015
124587;DWS FIXED MATURITY PLAN - SERIES 39 - DIRECT PLAN - GROWTH;INF223J019X3;;11.7886;11.7886;11.7886;10-Dec-2015
124586;DWS FIXED MATURITY PLAN - SERIES 39 - REGULAR PLAN - GROWTH;INF223J017X7;;11.7384;11.7384;11.7384;10-Dec-2015
126849;DWS FIXED MATURITY PLAN - SERIES 45 - DIRECT PLAN -GROWTH;INF223JA1GD7;;11.7510;11.7510;11.7510;10-Dec-2015
126853;DWS FIXED MATURITY PLAN - SERIES 45 - REGULAR PLAN -GROWTH;INF223JA1FZ2;;11.6726;11.6726;11.6726;10-Dec-2015
127326;DWS FIXED MATURITY PLAN - SERIES 49 - DIRECT PLAN -GROWTH;INF223JA1EC4;;11.7100;11.7100;11.7100;10-Dec-2015
127323;DWS FIXED MATURITY PLAN - SERIES 49 - REGULAR PLAN -GROWTH;INF223JA1DY0;;11.6718;11.6718;11.6718;10-Dec-2015
127978;DWS FIXED MATURITY PLAN - SERIES 54 - DIRECT PLAN -GROWTH;INF223JA1ET8;;11.6175;11.6175;11.6175;10-Dec-2015
127980;DWS FIXED MATURITY PLAN - SERIES 54 - REGULAR PLAN -GROWTH;INF223JA1EO9;;11.5888;11.5888;11.5888;10-Dec-2015
128024;DWS FIXED MATURITY PLAN - SERIES 56 - DIRECT PLAN -GROWTH;INF223JA1HJ2;;11.7574;11.7574;11.7574;10-Dec-2015
128026;DWS FIXED MATURITY PLAN - SERIES 56 - REGULAR PLAN -GROWTH;INF223JA1HF0;;11.6306;11.6306;11.6306;10-Dec-2015
128384;DWS FIXED MATURITY PLAN - SERIES 57 - DIRECT PLAN -GROWTH;INF223JA1FB3;;11.6078;11.6078;11.6078;10-Dec-2015
128385;DWS FIXED MATURITY PLAN - SERIES 57 - REGULAR PLAN -GROWTH;INF223JA1EX0;;11.5762;11.5762;11.5762;10-Dec-2015
128096;DWS FIXED MATURITY PLAN - SERIES 58 - DIRECT PLAN -GROWTH;INF223J01Q84;;11.8018;11.8018;11.8018;10-Dec-2015
128098;DWS FIXED MATURITY PLAN - SERIES 58 - REGULAR PLAN -GROWTH;INF223J01Q43;;11.6804;11.6804;11.6804;10-Dec-2015
128099;DWS FIXED MATURITY PLAN - SERIES 58 - REGULAR PLAN -QUARTERLY DIVIDEND;INF223J01Q27;;10.5492;10.5492;10.5492;10-Dec-2015
128094;DWS FIXED MATURITY PLAN - SERIES 58 - REGULAR PLAN -REGULAR DIVIDEND;INF223J01Q19;;10.7547;10.7547;10.7547;10-Dec-2015
128614;DWS FIXED MATURITY PLAN - SERIES 60 - DIRECT PLAN -ANNUAL DIVIDEND;INF223J01T99;;10.8607;10.8607;10.8607;10-Dec-2015
128615;DWS FIXED MATURITY PLAN - SERIES 60 - DIRECT PLAN -GROWTH;INF223J01U05;;11.8927;11.8927;11.8927;10-Dec-2015
128621;DWS FIXED MATURITY PLAN - SERIES 60 - REGULAR PLAN -GROWTH;INF223J01T65;;11.7912;11.7912;11.7912;10-Dec-2015
128618;DWS FIXED MATURITY PLAN - SERIES 60 - REGULAR PLAN -REGULAR DIVIDEND;INF223J01T32;;10.7081;10.7081;10.7081;10-Dec-2015
128619;DWS FIXED MATURITY PLAN- SERIES 60 - REGULAR PLAN -ANNUAL DIVIDEND;INF223J01T57;;10.8167;10.8167;10.8167;10-Dec-2015
128659;DWS FIXED MATURITY PLAN - SERIES 61 - DIRECT PLAN -GROWTH;INF223JA1FJ6;;11.5754;11.5754;11.5754;10-Dec-2015
128657;DWS FIXED MATURITY PLAN - SERIES 61 - REGULAR PLAN -GROWTH;INF223JA1FF4;;11.5291;11.5291;11.5291;10-Dec-2015
128716;DWS FIXED MATURITY PLAN - SERIES 62 - DIRECT PLAN -GROWTH;INF223JA1DV6;;11.5767;11.5767;11.5767;10-Dec-2015
128718;DWS FIXED MATURITY PLAN - SERIES 62 - REGULAR PLAN -GROWTH;INF223JA1DR4;;11.5650;11.5650;11.5650;10-Dec-2015
128719;DWS FIXED MATURITY PLAN - SERIES 62 - REGULAR PLAN -REGULAR DIVIDEND;INF223JA1DO1;;10.6045;10.6045;10.6045;10-Dec-2015
128706;DWS FIXED MATURITY PLAN - SERIES 63 - DIRECT PLAN -ANNUAL DIVIDEND;INF223JA1FQ1;;11.0804;11.0804;11.0804;10-Dec-2015
128729;DWS FIXED MATURITY PLAN - SERIES 63 - DIRECT PLAN -GROWTH;INF223JA1FR9;;11.5242;11.5242;11.5242;10-Dec-2015
128730;DWS FIXED MATURITY PLAN - SERIES 63 - REGULAR PLAN -GROWTH;INF223JA1FN8;;11.5071;11.5071;11.5071;10-Dec-2015
129161;DWS FIXED MATURITY PLAN - SERIES 64 - DIRECT PLAN -GROWTH;INF223J01Y84;;11.7641;11.7641;11.7641;10-Dec-2015
129163;DWS FIXED MATURITY PLAN - SERIES 64 - REGULAR PLAN -GROWTH;INF223J01Y43;;11.6462;11.6462;11.6462;10-Dec-2015
129164;DWS FIXED MATURITY PLAN - SERIES 64 - REGULAR PLAN -QUARTERLY DIVIDEND;INF223J01Y27;;10.7306;10.7306;10.7306;10-Dec-2015
129165;DWS FIXED MATURITY PLAN - SERIES 64 - REGULAR PLAN -REGULAR DIVIDEND;INF223J01Y19;;10.6793;10.6793;10.6793;10-Dec-2015
129166;DWS FIXED MATURITY PLAN- SERIES 64 - REGULAR PLAN -ANNUAL DIVIDEND;INF223J01Y35;;10.7813;10.7813;10.7813;10-Dec-2015
129141;DWS FIXED MATURITY PLAN - SERIES 66 - DIRECT PLAN -GROWTH;INF223J01Y01;;11.7219;11.7219;11.7219;10-Dec-2015
129145;DWS FIXED MATURITY PLAN - SERIES 66 - REGULAR PLAN -GROWTH;INF223J01X69;;11.6004;11.6004;11.6004;10-Dec-2015
129146;DWS FIXED MATURITY PLAN - SERIES 66 - REGULAR PLAN -QUARTERLY DIVIDEND;INF223J01X44;;10.5774;10.5774;10.5774;10-Dec-2015
129142;DWS FIXED MATURITY PLAN - SERIES 66 - REGULAR PLAN -REGULAR DIVIDEND;INF223J01X36;;10.7324;10.7324;10.7324;10-Dec-2015
129565;DWS FIXED MATURITY PLAN - SERIES 68 - DIRECT PLAN -GROWTH;INF223J012B4;;11.6339;11.6339;11.6339;10-Dec-2015
129570;DWS FIXED MATURITY PLAN - SERIES 68 - REGULAR PLAN -ANNUAL DIVIDEND;INF223J017A5;;10.7595;10.7595;10.7595;10-Dec-2015
129568;DWS FIXED MATURITY PLAN - SERIES 68 - REGULAR PLAN -QUARTERLY DIVIDEND;INF223J016A7;;10.6037;10.6037;10.6037;10-Dec-2015
129569;DWS FIXED MATURITY PLAN - SERIES 68 - REGULAR PLAN -REGULAR DIVIDEND;INF223J015A9;;10.7561;10.7561;10.7561;10-Dec-2015
129567;DWS FIXED MATURITY PLAN - SERIES 68 - REGULAR PLAN-GROWTH;INF223J018A3;;11.5185;11.5185;11.5185;10-Dec-2015
129581;DWS FIXED MATURITY PLAN - SERIES 69 - DIRECT PLAN -GROWTH;INF223J010C6;;11.6220;11.6220;11.6220;10-Dec-2015
129580;DWS FIXED MATURITY PLAN - SERIES 69 - REGULAR PLAN -ANNUAL DIVIDEND;INF223J015B7;;10.8016;10.8016;10.8016;10-Dec-2015
129575;DWS FIXED MATURITY PLAN - SERIES 69 - REGULAR PLAN -GROWTH;INF223J016B5;;11.5048;11.5048;11.5048;10-Dec-2015
129578;DWS FIXED MATURITY PLAN - SERIES 69 - REGULAR PLAN -QUARTERLY DIVIDEND;INF223J014B0;;10.7591;10.7591;10.7591;10-Dec-2015
129577;DWS FIXED MATURITY PLAN - SERIES 69 - REGULAR PLAN -REGULAR DIVIDEND;INF223J013B2;;10.7049;10.7049;10.7049;10-Dec-2015
129748;DWS Hybird Fixed Term Fund - Series 22 - DIRECT PLAN -QUARTERLY DIVIDEND;INF223J016C3;;10.7512;10.7512;10.7512;10-Dec-2015
129749;DWS Hybird Fixed Term fund - Series 22 - REGULAR PLAN -QUARTERLY DIVIDEND;INF223J012C2;;10.4992;10.4992;10.4992;10-Dec-2015
129747;DWS Hybrid Fixed Term Fund - Series 22 - DIRECT PLAN -GROWTH;INF223J018C9;;11.2727;11.2727;11.2727;10-Dec-2015
129750;DWS Hybrid Fixed Term Fund - Series 22 - REGULAR PLAN -ANNUAL DIVIDEND;INF223J013C0;;10.5088;10.5088;10.5088;10-Dec-2015
129751;DWS Hybrid Fixed Term Fund - Series 22 - REGULAR PLAN -GROWTH;INF223J014C8;;11.0132;11.0132;11.0132;10-Dec-2015
129752;DWS Hybrid Fixed Term Fund - Series 22 - REGULAR PLAN -REGULAR DIVIDEND;INF223J011C4;;10.5021;10.5021;10.5021;10-Dec-2015
117890;DWS Hybrid Fixed Term Fund - Series 10 - Annual Dividend (Payout);INF223J01MG2;;10.7312;10.7312;10.7312;10-Dec-2015
117891;DWS Hybrid Fixed Term Fund - Series 10 - Growth;INF223J01MI8;;12.3437;12.3437;12.3437;10-Dec-2015
117892;DWS Hybrid Fixed Term Fund - Series 10 - Quarterly Dividend (Payout);INF223J01MH0;;10.5443;10.5443;10.5443;10-Dec-2015
117893;DWS Hybrid Fixed Term Fund - Series 10 - Regular Dividend (Payout);INF223J01MF4;;10.5224;10.5224;10.5224;10-Dec-2015
120904;DWS Hybrid Fixed Term Fund - Series 11 - Direct Plan - Dividend (Payout);INF223J01RF3;;11.2491;11.2491;11.2491;10-Dec-2015
120907;DWS Hybrid Fixed Term Fund - Series 11 - Direct Plan - Growth;INF223J01RG1;;12.3816;12.3816;12.3816;10-Dec-2015
120905;DWS Hybrid Fixed Term Fund - Series 11 - Regular Plan - Dividend (Payout);INF223J01RD8;;11.1746;11.1746;11.1746;10-Dec-2015
120906;DWS Hybrid Fixed Term Fund - Series 11 - Regular Plan - Growth;INF223J01RE6;;12.1574;12.1574;12.1574;10-Dec-2015
121401;DWS Hybrid Fixed Term Fund - Series 12 - Direct Plan - Growth;INF223J01SS4;;12.8749;12.8749;12.8749;10-Dec-2015
121399;DWS Hybrid Fixed Term Fund - Series 12 - Regular Plan - Dividend (Payout);INF223J01SP0;;11.7966;11.7966;11.7966;10-Dec-2015
121402;DWS Hybrid Fixed Term Fund - Series 12 - Regular Plan - Growth;INF223J01SQ8;;12.6326;12.6326;12.6326;10-Dec-2015
121750;DWS Hybrid Fixed Term Fund - Series 13 - Direct Plan - Growth;INF223J01TK9;;12.5640;12.5640;12.5640;10-Dec-2015
121748;DWS Hybrid Fixed Term Fund - Series 13 - Regular Plan - Dividend (Payout);INF223J01TH5;;10.8065;10.8065;10.8065;10-Dec-2015
121749;DWS Hybrid Fixed Term Fund - Series 13 - Regular Plan - Growth;INF223J01TI3;;12.1443;12.1443;12.1443;10-Dec-2015
122596;DWS Hybrid Fixed Term Fund - Series 14 - Direct Plan - Growth;INF223J01VC2;;12.6972;12.6972;12.6972;10-Dec-2015
122595;DWS Hybrid Fixed Term Fund - Series 14 - Regular Plan - Dividend (Payout);INF223J01UZ5;;11.5784;11.5784;11.5784;10-Dec-2015
122594;DWS Hybrid Fixed Term Fund - Series 14 - Regular Plan - Growth;INF223J01VA6;;12.2752;12.2752;12.2752;10-Dec-2015
124899;DWS Hybrid Fixed Term Fund - Series 17 - Direct Plan - Growth;INF223J01B08;;12.0328;12.0328;12.0328;10-Dec-2015
124900;DWS Hybrid Fixed Term Fund - Series 17 - Regular Plan - Dividend (Payout);INF223J01A74;;10.8604;10.8604;10.8604;10-Dec-2015
124898;DWS Hybrid Fixed Term Fund - Series 17 - Regular Plan - Growth;INF223J01A82;;11.6287;11.6287;11.6287;10-Dec-2015
125423;DWS Hybrid Fixed Term Fund - Series 19 - Direct Plan - Growth;INF223J01C23;;11.7209;11.7209;11.7209;10-Dec-2015
125424;DWS Hybrid Fixed Term Fund - Series 19 - Regular Plan - Dividend (Payout);INF223J01B99;;10.6654;10.6654;10.6654;10-Dec-2015
125425;DWS Hybrid Fixed Term Fund - Series 19 - Regular Plan - Growth;INF223J01C07;;11.4370;11.4370;11.4370;10-Dec-2015
129154;DWS Hybrid Fixed Term Fund - Series 21  - DIRECT PLAN -GROWTH;INF223J014A2;;11.5460;11.5460;11.5460;10-Dec-2015
129156;DWS Hybrid Fixed Term Fund - Series 21  - REGULAR PLAN -GROWTH;INF223J010A0;;11.2475;11.2475;11.2475;10-Dec-2015
129157;DWS Hybrid Fixed Term Fund - Series 21  - REGULAR PLAN -QUARTERLY DIVIDEND;INF223J01Z83;;10.7379;10.7379;10.7379;10-Dec-2015
129158;DWS Hybrid Fixed Term Fund - Series 21  - REGULAR PLAN -REGULAR DIVIDEND;INF223J01Z75;;10.6974;10.6974;10.6974;10-Dec-2015
129159;DWS Hybrid Fixed Term Fund - Series 21 - REGULAR PLAN -ANNUAL DIVIDEND;INF223J01Z91;;10.6974;10.6974;10.6974;10-Dec-2015
130277;DWS Hybrid Fixed Term Fund - Series 23 - Direct Plan -Growth;INF223J018G0;;10.5639;10.5639;10.5639;10-Dec-2015
130275;DWS Hybrid Fixed Term Fund - Series 23 - Regular Plan -Annual Dividend;INF223J013G1;;9.9928;9.9928;9.9928;10-Dec-2015
130278;DWS Hybrid Fixed Term Fund - Series 23 - Regular Plan -Growth;INF223J014G9;;10.3162;10.3162;10.3162;10-Dec-2015
130279;DWS Hybrid Fixed Term Fund - Series 23 - Regular Plan -Quarterly Dividend;INF223J012G3;;9.9874;9.9874;9.9874;10-Dec-2015
130280;DWS Hybrid Fixed Term Fund - Series 23 - Regular Plan -Regular Dividend;INF223J011G5;;10.0082;10.0082;10.0082;10-Dec-2015
130848;DWS Hybrid Fixed Term Dund - Series 26 - Direct Plan - Growth;INF223J018O4;;10.0272;10.0272;10.0272;10-Dec-2015
130846;DWS Hybrid Fixed Term Fund - Series 26 - Direct Plan - Annunal Dividend;INF223J017O6;;9.7029;9.7029;9.7029;10-Dec-2015
130853;DWS Hybrid Fixed Term Fund - Series 26 - Regular Plan - Annual Dividend;INF223J013O5;;9.5994;9.5994;9.5994;10-Dec-2015
130850;DWS Hybrid Fixed Term Fund - Series 26 - Regular Plan - Growth;INF223J014O3;;9.8285;9.8285;9.8285;10-Dec-2015
130851;DWS Hybrid Fixed Term Fund - Series 26 - Regular Plan - Quarterly Dividend;INF223J012O7;;9.5978;9.5978;9.5978;10-Dec-2015
130852;DWS Hybrid Fixed Term Fund - Series 26 - Regular Plan - Regular Dividend;INF223J011O9;;9.5994;9.5994;9.5994;10-Dec-2015
130819;DWS Hybrid Fixed Term Fund - Series 27 - Direct Plan - Dividend;INF223J015K8;;9.8565;9.8565;9.8565;10-Dec-2015
130818;DWS Hybrid Fixed Term Fund - Series 27 - Direct Plan - Growth;INF223J018K2;;10.1300;10.1300;10.1300;10-Dec-2015
130824;DWS Hybrid Fixed Term Fund - Series 27 - Regular Plan - Growth;INF223J014K1;;10.0085;10.0085;10.0085;10-Dec-2015
130823;DWS Hybrid Fixed Term Fund - Series 27 - Regular Plan - Regular Dividend;INF223J011K7;;9.7817;9.7817;9.7817;10-Dec-2015
131114;DWS Hybrid Fixed Term Fund - Series 29 - Direct Plan - Growth;INF223J012R0;;10.9295;10.9295;10.9295;10-Dec-2015
131119;DWS Hybrid Fixed Term Fund - Series 29 - Regular Plan - Annual Dividend;INF223J017Q1;;10.4378;10.4378;10.4378;10-Dec-2015
131116;DWS Hybrid Fixed Term Fund - Series 29 - Regular Plan - Growth;INF223J018Q9;;10.8460;10.8460;10.8460;10-Dec-2015
131117;DWS Hybrid Fixed Term Fund - Series 29 - Regular Plan - Quarterly Dividend;INF223J016Q3;;10.5885;10.5885;10.5885;10-Dec-2015
131118;DWS Hybrid Fixed Term Fund - Series 29 - Regular Plan - Regular Dividend;INF223J015Q5;;10.4378;10.4378;10.4378;10-Dec-2015
131499;DWS Hybrid Fixed Term Fund - Series 31 - Direct Plan - Growth;INF223J015X1;;10.1123;10.1123;10.1123;10-Dec-2015
131504;DWS Hybrid Fixed Term Fund - Series 31 - Regular Plan - Annual Dividend;INF223J010X2;;9.9219;9.9219;9.9219;10-Dec-2015
131501;DWS Hybrid Fixed Term Fund - Series 31 - Regular Plan - Growth;INF223J011X0;;9.9219;9.9219;9.9219;10-Dec-2015
131502;DWS Hybrid Fixed Term Fund - Series 31 - Regular Plan - Quarterly Dividend;INF223J019W5;;9.9219;9.9219;9.9219;10-Dec-2015
131503;DWS Hybrid Fixed Term Fund - Series 31 - Regular Plan - Regular Dividend;INF223J018W7;;9.9219;9.9219;9.9219;10-Dec-2015
132936;DWS Hybrid Fixed Term Fund - Series 32 - Direct Plan - Growth;INF223JA1032;;9.6328;9.6328;9.6328;10-Dec-2015
132940;DWS Hybrid Fixed Term Fund - Series 32 - Regular Plan - Annual Dividend;INF223JA1065;;9.4680;9.4680;9.4680;10-Dec-2015
132939;DWS Hybrid Fixed Term Fund - Series 32 - Regular Plan - Growth;INF223JA1073;;9.4680;9.4680;9.4680;10-Dec-2015
132941;DWS Hybrid Fixed Term Fund - Series 32 - Regular Plan - Quarterly Dividend;INF223JA1081;;9.4680;9.4680;9.4680;10-Dec-2015
132942;DWS Hybrid Fixed Term Fund - Series 32 - Regular Plan - Regular Dividend;INF223JA1099;;9.4680;9.4680;9.4680;10-Dec-2015
133352;DWS Hybird Fixed Term Fund - Series 33 - Regular Plan - Growth;INF223JA1339;;9.2989;9.2989;9.2989;10-Dec-2015
133348;DWS Hybrid Fixed Term Fund - Sereis 33 - Direct Plan - Dividend;INF223JA1347;;9.4384;9.4384;9.4384;10-Dec-2015
133345;DWS Hybrid Fixed Term Fund - Series 33 - Direct Plan - Growth;INF223JA1370;;9.4384;9.4384;9.4384;10-Dec-2015
133351;DWS Hybrid Fixed term Fund - Series 33 - Regular Plan - Annual Dividend;INF223JA1321;;9.2989;9.2989;9.2989;10-Dec-2015
133349;DWS Hybrid Fixed Term Fund - Series 33 - Regular Plan - Quarterly Dividend;INF223JA1313;;9.2989;9.2989;9.2989;10-Dec-2015
133350;DWS Hybrid Fixed Term Fund - Series 33 - Regular Plan - Regular Dividend;INF223JA1305;;9.2989;9.2989;9.2989;10-Dec-2015
133621;DWS Hybrid Fixed Term Fund - Series 34 - Direct Plan - Growth;INF223JA1537;;9.7591;9.7591;9.7591;10-Dec-2015
133626;DWS Hybrid Fixed Term Fund - Series 34 - Regular Plan - Annual Dividend;INF223JA1487;;9.6341;9.6341;9.6341;10-Dec-2015
133624;DWS Hybrid Fixed Term Fund - Series 34 - Regular Plan - Growth;INF223JA1495;;9.6341;9.6341;9.6341;10-Dec-2015
133627;DWS Hybrid Fixed Term Fund - Series 34 - Regular Plan - Quarterly Dividend;INF223JA1479;;9.6341;9.6341;9.6341;10-Dec-2015
133625;DWS Hybrid Fixed Term Fund - Series 34 - Regular Plan - Regular Dividend;INF223JA1461;;9.6341;9.6341;9.6341;10-Dec-2015
133726;DWS Hybrid Fixed Term Fund - Series 35 - Direct Plan - Dividend;INF223JA1719;;9.3824;9.3824;9.3824;10-Dec-2015
133727;DWS Hybrid fixed Term Fund - Series 35 - Direct Plan - Growth;INF223JA1743;;9.3857;9.3857;9.3857;10-Dec-2015
133732;DWS Hybrid Fixed Term Fund - Series 35 - Regular Plan - Annual Dividend;INF223JA1693;;9.2606;9.2606;9.2606;10-Dec-2015
133729;DWS Hybrid Fixed Term Fund - Series 35 - Regular Plan - Growth;INF223JA1701;;9.2606;9.2606;9.2606;10-Dec-2015
133730;DWS Hybrid Fixed Term Fund - Series 35 - Regular Plan - Quarterly Dividend;INF223JA1685;;9.2606;9.2606;9.2606;10-Dec-2015
133731;DWS Hybrid Fixed Term Fund - Series 35 - Regular Plan - Regular Dividend;INF223JA1677;;9.2606;9.2606;9.2606;10-Dec-2015
134146;DWS Hybrid Fixed Term Fund - Series 37 - Direct Plan - Growth;INF223JA1BR8;;9.4376;9.4376;9.4376;10-Dec-2015
134145;DWS hybrid Fixed Term Fund - Series 37 - Regular Plan - Annual Dividend;INF223JA1BM9;;9.3110;9.3110;9.3110;10-Dec-2015
134142;DWS Hybrid Fixed Term Fund - Series 37 - Regular Plan - Growth;INF223JA1BN7;;9.3110;9.3110;9.3110;10-Dec-2015
134143;DWS Hybrid Fixed Term Fund - Series 37 - Regular Plan - Quarterly Dividend;INF223JA1BL1;;9.3110;9.3110;9.3110;10-Dec-2015
134144;DWS Hybrid Fixed Term Fund - Series 37 - Regular Plan - Regular Dividend;INF223JA1BK3;;9.3110;9.3110;9.3110;10-Dec-2015
134700;DWS Hybrid Fixed Term Fund - Series 39 - Direct Plan - Annual Dividend;INF223JA1HK0;;9.6145;9.6145;9.6145;10-Dec-2015
134699;DWS Hybrid Fixed Term Fund - Series 39 - Direct Plan - Growth;INF223JA1HL8;;9.6157;9.6157;9.6157;10-Dec-2015
134697;DWS Hybrid Fixed Term Fund - Series 39 - Direct Plan - Regular Dividend;INF223JA1HN4;;9.6155;9.6155;9.6155;10-Dec-2015
134704;DWS Hybrid Fixed Term Fund - Series 39 - Regular Plan - Annual Dividend;INF223JA1HO2;;9.5296;9.5296;9.5296;10-Dec-2015
134701;DWS Hybrid Fixed Term Fund - Series 39 - Regular Plan - Growth;INF223JA1HP9;;9.5296;9.5296;9.5296;10-Dec-2015
134702;DWs Hybrid Fixed Term Fund - Series 39 - Regular Plan - Quarterly Dividend;INF223JA1HQ7;;9.5296;9.5296;9.5296;10-Dec-2015
134703;DWS Hybrid Fixed Term Fund - Series 39 - Regular Plan - Regular Dividend;INF223JA1HR5;;9.5296;9.5296;9.5296;10-Dec-2015
116417;DWS Hybrid Fixed Term Fund - Series 4 - Dividend (Payout);INF223JA1669;;9.4924;9.4924;9.4924;10-Dec-2015
116416;DWS Hybrid Fixed Term Fund - Series 4- Growth;INF223JA1651;;14.4753;14.4753;14.4753;10-Dec-2015
134852;DWS Hybrid Fixed Term Fund - Series 40 - Direct Plan - Growth;INF223JA1IW3;;9.4964;9.4964;9.4964;10-Dec-2015
134851;DWS Hybrid Fixed Term fund - Series 40 - Direct Plan - Regular Dividend;INF223JA1IT9;;9.4963;9.4963;9.4963;10-Dec-2015
134855;DWS Hybrid Fixed Term Fund - Series 40 - Regular Plan - Annual Dividend;INF223JA1IR3;;9.4306;9.4306;9.4306;10-Dec-2015
134848;DWS Hybrid Fixed Term Fund - Series 40 - Regular Plan - Growth;INF223JA1IS1;;9.4306;9.4306;9.4306;10-Dec-2015
134853;DWS Hybrid Fixed Term Fund - Series 40 - Regular Plan - Quarterly Dividend;INF223JA1IQ5;;9.4306;9.4306;9.4306;10-Dec-2015
134854;DWS Hybrid Fixed Term Fund - Series 40 - Regular Plan - Regular Dividend;INF223JA1IX1;;9.4306;9.4306;9.4306;10-Dec-2015
135077;DWS Hybrid Fixed Term Fund - Series 41 - Direct Plan - Growth;INF223JA1KG2;;9.3784;9.3784;9.3784;10-Dec-2015
135078;DWS Hybrid Fixed Term Fund - Series 41 - Direct Plan - Quarterly Dividend;INF223JA1KE7;;9.3784;9.3784;9.3784;10-Dec-2015
135076;DWS Hybrid Fixed Term Fund - Series 41 - Direct Plan - Regular Dividend;INF223JA1KD9;;9.3784;9.3784;9.3784;10-Dec-2015
135083;DWS Hybrid Fixed Term Fund - Series 41 - Regular Plan - Annual Dividend;INF223JA1KB3;;9.3259;9.3259;9.3259;10-Dec-2015
135079;DWS Hybrid Fixed Term Fund - Series 41 - Regular Plan - Growth;INF223JA1KC1;;9.3259;9.3259;9.3259;10-Dec-2015
135080;DWS Hybrid Fixed Term Fund - Series 41 - Regular Plan - Quarterly Dividend;INF223JA1KA5;;9.3259;9.3259;9.3259;10-Dec-2015
135081;DWS Hybrid Fixed Term Fund - Series 41 - Regular Plan - Regular Dividend;INF223JA1JZ4;;9.3259;9.3259;9.3259;10-Dec-2015
116684;DWS Hybrid Fixed Term Fund - Series 5 - Dividend (Payout);INF223JA1AW0;;12.2239;12.2239;12.2239;10-Dec-2015
116683;DWS Hybrid Fixed Term Fund - Series 5 - Growth;INF223JA1AV2;;13.4038;13.4038;13.4038;10-Dec-2015
117134;DWS Hybrid Fixed Term Fund - Series 6 - Dividend (Payout);INF223JA1KI8;;13.9873;13.9873;13.9873;10-Dec-2015
117135;DWS Hybrid Fixed Term Fund - Series 6 - Growth;INF223JA1KH0;;14.9774;14.9774;14.9774;10-Dec-2015
117566;DWS Hybrid Fixed Term Fund - Series 7 - Annual Dividend (Payout);INF223JA1KX7;;13.3817;13.3817;13.3817;10-Dec-2015
117565;DWS Hybrid Fixed Term Fund - Series 7 - Dividend (Payout);INF223JA1KW9;;13.6086;13.6086;13.6086;10-Dec-2015
117568;DWS Hybrid Fixed Term Fund - Series 7 - Growth;INF223JA1KV1;;14.5653;14.5653;14.5653;10-Dec-2015
117567;DWS Hybrid Fixed Term Fund - Series 7 - Quarterly Dividend (Payout);INF223JA1KY5;;13.1212;13.1212;13.1212;10-Dec-2015
117817;DWS Hybrid Fixed Term Fund - Series 8 - Annual Dividend (Payout);INF223JA1KP3;;13.7804;13.7804;13.7804;10-Dec-2015
117818;DWS Hybrid Fixed Term Fund - Series 8 - Dividend (Payout);INF223JA1KO6;;13.8453;13.8453;13.8453;10-Dec-2015
117819;DWS Hybrid Fixed Term Fund - Series 8 - Growth;INF223JA1KN8;;14.8465;14.8465;14.8465;10-Dec-2015
117820;DWS Hybrid Fixed Term Fund - Series 8 - Quarterly Dividend (Payout);INF223JA1KQ1;;13.5012;13.5012;13.5012;10-Dec-2015
117885;DWS Hybrid Fixed Term Fund - Series 9 - Annual Dividend (Payout);INF223JA1KL2;;12.9474;12.9474;12.9474;10-Dec-2015
117884;DWS Hybrid Fixed Term Fund - Series 9 - Growth;INF223JA1KJ6;;13.9799;13.9799;13.9799;10-Dec-2015
117883;DWS Hybrid Fixed Term Fund - Series 9 - Quarterly Dividend (Payout);INF223JA1KM0;;12.6877;12.6877;12.6877;10-Dec-2015
117882;DWS Hybrid Fixed Term Fund - Series 9 - Regular Dividend (Payout);INF223JA1KK4;;12.9470;12.9470;12.9470;10-Dec-2015
122448;DWS Interval Fund - Annual Plan Series 1 (DIF 1)- Direct Plan-Growth;INF223J01UY8;;12.2300;12.2300;12.2300;10-Dec-2015
122452;DWS Interval Fund - Annual Plan Series 1 (DIF 1)- Regular Plan-Annual Dividend;INF223J01US0;;11.2618;11.2618;11.2618;10-Dec-2015
122451;DWS Interval Fund - Annual Plan Series 1 (DIF 1)- Regular Plan-Growth;INF223J01UT8;;12.2125;12.2125;12.2125;10-Dec-2015
122450;DWS Interval Fund - Annual Plan Series 1 (DIF 1)-Regular Plan-Quarterly Dividend;INF223J01UQ4;;11.2701;11.2701;11.2701;10-Dec-2015

DSP Mutual Fund
120817;DSP BlackRock Dual Advantage Fund - Series 11 - 36M - Direct Plan - Dividend Payout Option (Maturity Date 04-Apr-2016);INF740KA1223;;12.6189;12.6189;12.6189;10-Dec-2015
120816;DSP BlackRock Dual Advantage Fund - Series 11 - 36M - Direct Plan - Growth Option (Maturity Date 04-Apr-2016);INF740KA1215;;12.6189;12.6189;12.6189;10-Dec-2015
118865;DSP BlackRock Dual Advantage Fund - Series 11 - 36M - Regular Plan - Dividend Payout Option (Maturity Date 04-Apr-2016);INF740KA1207;;12.4251;12.4251;12.4251;10-Dec-2015
118864;DSP BlackRock Dual Advantage Fund - Series 11 - 36M - Regular Plan - Growth Option (Maturity Date 04-Apr-2016);INF740KA1199;;12.4251;12.4251;12.4251;10-Dec-2015
121093;DSP BlackRock Dual Advantage Fund - Series 13 - 35M - Direct Plan - Dividend Payout Option (Maturity Date 04-Apr-2016);INF740KA1264;;12.8658;12.8658;12.8658;10-Dec-2015
121094;DSP BlackRock Dual Advantage Fund - Series 13 - 35M - Direct Plan - Growth Option (Maturity Date 04-Apr-2016);INF740KA1256;;12.8658;12.8658;12.8658;10-Dec-2015
121091;DSP BlackRock Dual Advantage Fund - Series 13 - 35M - Regular Plan - Dividend Payout Option (Maturity Date 04-Apr-2016);INF740KA1249;;12.6742;12.6742;12.6742;10-Dec-2015
121092;DSP BlackRock Dual Advantage Fund - Series 13 - 35M - Regular Plan - Growth Option (Maturity Date 04-Apr-2016);INF740KA1231;;12.6742;12.6742;12.6742;10-Dec-2015
122160;DSP BlackRock Dual Advantage Fund - Series 14 - 33M - Direct Plan - Dividend Payout Option (Maturity Date 03-May-2016);INF740KA1306;;12.8460;12.8460;12.8460;10-Dec-2015
122162;DSP BlackRock Dual Advantage Fund - Series 14 - 33M - Direct Plan - Growth Option (Maturity Date 03-May-2016);INF740KA1298;;12.8460;12.8460;12.8460;10-Dec-2015
122161;DSP BlackRock Dual Advantage Fund - Series 14 - 33M - Regular Plan - Dividend Payout Option (Maturity Date 03-May-2016);INF740KA1280;;12.6790;12.6790;12.6790;10-Dec-2015
122159;DSP BlackRock Dual Advantage Fund - Series 14 - 33M - Regular Plan - Growth Option (Maturity Date 03-May-2016);INF740KA1272;;12.6790;12.6790;12.6790;10-Dec-2015
122488;DSP BlackRock Dual Advantage Fund - Series 15 - 36M - Direct Plan - Dividend Payout Option;INF740K01VI0;;12.3634;12.3634;12.3634;10-Dec-2015
122487;DSP BlackRock Dual Advantage Fund - Series 15 - 36M - Direct Plan - Growth Option;INF740K01VH2;;12.3634;12.3634;12.3634;10-Dec-2015
122490;DSP BlackRock Dual Advantage Fund - Series 15 - 36M - Regular Plan - Dividend Payout Option;INF740K01VG4;;12.2052;12.2052;12.2052;10-Dec-2015
122489;DSP BlackRock Dual Advantage Fund - Series 15 - 36M - Regular Plan - Growth Option;INF740K01VF6;;12.2052;12.2052;12.2052;10-Dec-2015
122698;DSP BlackRock Dual Advantage Fund - Series 16 - 36M - Direct Plan - Growth Option;INF740K01VL4;;12.7573;12.7573;12.7573;10-Dec-2015
122696;DSP BlackRock Dual Advantage Fund - Series 16 - 36M - Regular Plan - Dividend Payout Option;INF740K01VK6;;12.6029;12.6029;12.6029;10-Dec-2015
122695;DSP BlackRock Dual Advantage Fund - Series 16 - 36M - Regular Plan - Growth Option;INF740K01VJ8;;12.6029;12.6029;12.6029;10-Dec-2015
123286;DSP BlackRock Dual Advantage Fund - Series 17 - 35M - Direct Plan - Growth Option (Maturity Date 10-Oct-2016);INF740KA1751;;13.7393;13.7393;13.7393;10-Dec-2015
123285;DSP BlackRock Dual Advantage Fund - Series 17 - 35M - Regular Plan - Dividend Payout Option (Maturity Date 10-Oct-2016);INF740KA1744;;13.3266;13.3266;13.3266;10-Dec-2015
123284;DSP BlackRock Dual Advantage Fund - Series 17 - 35M - Regular Plan - Growth Option (Maturity Date 10-Oct-2016);INF740KA1736;;13.3266;13.3266;13.3266;10-Dec-2015
124119;DSP BlackRock Dual Advantage Fund - Series 18 - 34M - Direct Plan - Dividend Payout Option (Maturity Date 10-Oct-2016);INF740KA1801;;12.2277;12.2277;12.2277;10-Dec-2015
124118;DSP BlackRock Dual Advantage Fund - Series 18 - 34M - Direct Plan - Growth Option (Maturity Date 10-Oct-2016);INF740KA1793;;12.2277;12.2277;12.2277;10-Dec-2015
124117;DSP BlackRock Dual Advantage Fund - Series 18 - 34M - Regular Plan - Dividend Payout Option (Maturity Date 10-Oct-2016);INF740KA1785;;12.0959;12.0959;12.0959;10-Dec-2015
124116;DSP BlackRock Dual Advantage Fund - Series 18 - 34M - Regular Plan - Growth Option (Maturity Date 10-Oct-2016);INF740KA1777;;12.0959;12.0959;12.0959;10-Dec-2015
124915;DSP BlackRock Dual Advantage Fund - Series 19 - 36M - Direct Plan - Dividend Payout Option;INF740K01E22;;12.3336;12.3336;12.3336;10-Dec-2015
124914;DSP BlackRock Dual Advantage Fund - Series 19 - 36M - Direct Plan - Growth Option;INF740K01E14;;12.3336;12.3336;12.3336;10-Dec-2015
124913;DSP BlackRock Dual Advantage Fund - Series 19 - 36M - Regular Plan - Dividend Payout Option;INF740K01E06;;12.2054;12.2054;12.2054;10-Dec-2015
124912;DSP BlackRock Dual Advantage Fund - Series 19 - 36M - Regular Plan - Growth Option;INF740K01D98;;12.2054;12.2054;12.2054;10-Dec-2015
131182;DSP BlackRock Dual Advantage Fund - Series 29 - 40M - Direct Plan - Growth Option;INF740K016H3;;10.1731;10.1731;10.1731;10-Dec-2015
131180;DSP BlackRock Dual Advantage Fund - Series 29 - 40M - Regular Plan - Dividend Payout Option;INF740K015H5;;10.1125;10.1125;10.1125;10-Dec-2015
131179;DSP BlackRock Dual Advantage Fund - Series 29 - 40M - Regular Plan - Growth option;INF740K014H8;;10.1125;10.1125;10.1125;10-Dec-2015
133507;DSP BlackRock Dual Advantage Fund - Series 34 - 36M - Direct Plan - Dividend Payout Option;INF740K011N2;;9.4019;9.4019;9.4019;10-Dec-2015
133505;DSP BlackRock Dual Advantage Fund - Series 34 - 36M - Direct Plan - Growth Option;INF740K010N4;;9.4019;9.4019;9.4019;10-Dec-2015
133506;DSP BlackRock Dual Advantage Fund - Series 34 - 36M - Regular Plan - Dividend Payout Option;INF740K019M7;;9.3620;9.3620;9.3620;10-Dec-2015
133508;DSP BlackRock Dual Advantage Fund - Series 34 - 36M - Regular Plan - Growth Option;INF740K018M9;;9.3620;9.3620;9.3620;10-Dec-2015
133666;DSP BlackRock Dual Advantage Fund - Series 35 - 36M - Direct Plan - Dividend Payout Option;INF740K015N3;;9.3653;9.3653;9.3653;10-Dec-2015
133667;DSP BlackRock Dual Advantage Fund - Series 35 - 36M - Direct Plan - Growth Option;INF740K014N6;;9.3653;9.3653;9.3653;10-Dec-2015
133668;DSP BlackRock Dual Advantage Fund - Series 35 - 36M - Regular Plan - Dividend Payout Option;INF740K013N8;;9.3284;9.3284;9.3284;10-Dec-2015
133669;DSP BlackRock Dual Advantage Fund - Series 35 - 36M - Regular Plan - Growth Option;INF740K012N0;;9.3284;9.3284;9.3284;10-Dec-2015
133915;DSP BlackRock Dual Advantage Fund - Series 36 - 36M - Direct Plan - Dividend Payout Option;INF740K011P7;;9.3774;9.3774;9.3774;10-Dec-2015
133916;DSP BlackRock Dual Advantage Fund - Series 36 - 36M - Direct Plan - Growth Option;INF740K010P9;;9.3774;9.3774;9.3774;10-Dec-2015
133918;DSP BlackRock Dual Advantage Fund - Series 36 - 36M - Regular Plan - Dividend Payout Option;INF740K019O3;;9.3433;9.3433;9.3433;10-Dec-2015
133917;DSP BlackRock Dual Advantage Fund - Series 36 - 36M - Regular Plan - Growth Option;INF740K018O5;;9.3433;9.3433;9.3433;10-Dec-2015
135339;DSP  Dual Advantage Fund - Series 39 - 36M - Direct Plan - Dividend Payout Option;INF740K017Z3;;10.0734;10.0734;10.0734;10-Dec-2015
135340;DSP  Dual Advantage Fund - Series 39 - 36M - Direct Plan - Growth;INF740K016Z5;;10.0734;10.0734;10.0734;10-Dec-2015
135338;DSP  Dual Advantage Fund - Series 39 - 36M - Regular Plan - Dividend Payout Option;INF740K015Z7;;10.0633;10.0633;10.0633;10-Dec-2015
135337;DSP  Dual Advantage Fund - Series 39 - 36M - Regular Plan - Growth;INF740K014Z0;;10.0633;10.0633;10.0633;10-Dec-2015
122942;DSP BlackRock FMP - Series 104 -12M (July 2016 Maturity) - Direct Plan - Dividend Payout - Quarterly Payout;INF740K013A5;;11.2845;11.2845;11.2845;10-Dec-2015
122941;DSP BlackRock FMP - Series 104 -12M (July 2016 Maturity) - Direct Plan - Growth Option;INF740K011A9;;12.3425;12.3425;12.3425;10-Dec-2015
122940;DSP BlackRock FMP - Series 104 -12M (July 2016 Maturity) - Regular Plan - Dividend Payout - Regular Payout;INF740K01Z92;;11.2691;11.2691;11.2691;10-Dec-2015
122938;DSP BlackRock FMP - Series 104 -12M (July 2016 Maturity) - Regular Plan - Growth Option;INF740K01Z84;;12.3199;12.3199;12.3199;10-Dec-2015
123034;DSP BlackRock FMP - Series 105 -12M (Maturity Date 04-Aug-2016) - Direct Plan - Growth Option;INF740K017A6;;12.3974;12.3974;12.3974;10-Dec-2015
123031;DSP BlackRock FMP - Series 105 -12M (Maturity Date 04-Aug-2016) - Regular Plan - Growth Option;INF740K014A3;;12.3749;12.3749;12.3749;10-Dec-2015
123144;DSP BlackRock FMP - Series 107 -12M (Maturity Date 11-Aug-2016) - Direct Plan - Growth Option;INF740K013B3;;12.3878;12.3878;12.3878;10-Dec-2015
123149;DSP BlackRock FMP - Series 107 -12M (Maturity Date 11-Aug-2016) - Regular Plan - Dividend Payout - Regular Payout;INF740K011B7;;11.2482;11.2482;11.2482;10-Dec-2015
123148;DSP BlackRock FMP - Series 107 -12M (Maturity Date 11-Aug-2016) - Regular Plan - Growth Option;INF740K010B9;;12.3656;12.3656;12.3656;10-Dec-2015
123275;DSP BlackRock FMP - Series 108 -12M (Maturity Date 18-Aug-2016) - Direct Plan - Growth Option;INF740K015C6;;12.4010;12.4010;12.4010;10-Dec-2015
123274;DSP BlackRock FMP - Series 108 -12M (Maturity Date 18-Aug-2016) - Regular Plan - Dividend Payout - Quarterly Payout;INF740K014C9;;11.2239;11.2239;11.2239;10-Dec-2015
123278;DSP BlackRock FMP - Series 108 -12M (Maturity Date 18-Aug-2016) - Regular Plan - Dividend Payout - Regular Payout;INF740K013C1;;11.2237;11.2237;11.2237;10-Dec-2015
123273;DSP BlackRock FMP - Series 108 -12M (Maturity Date 18-Aug-2016) - Regular Plan - Growth Option;INF740K012C3;;12.3791;12.3791;12.3791;10-Dec-2015
123302;DSP BlackRock FMP - Series 109 -12M (Maturity Date 18-Aug-2016) - Direct Plan - Growth Option;INF740K019B0;;12.4042;12.4042;12.4042;10-Dec-2015
123301;DSP BlackRock FMP - Series 109 -12M (Maturity Date 18-Aug-2016) - Regular Plan - Dividend Payout - Regular Payout;INF740K017B4;;11.2140;11.2140;11.2140;10-Dec-2015
123299;DSP BlackRock FMP - Series 109 -12M (Maturity Date 18-Aug-2016) - Regular Plan - Growth Option;INF740K016B6;;12.3538;12.3538;12.3538;10-Dec-2015
123444;DSP BlackRock FMP - Series 110 -12M (Maturity Date 29-Aug-2014) - Regular Plan - Growth Option;INF740K012D1;;12.3475;12.3475;12.3475;10-Dec-2015
123446;DSP BlackRock FMP - Series 110 -12M (Maturity Date 29-Aug-2016) - Direct Plan - Growth Option;INF740K015D4;;12.3691;12.3691;12.3691;10-Dec-2015
123445;DSP BlackRock FMP - Series 110 -12M (Maturity Date 29-Aug-2016)- Regular Plan - Dividend Payout - Regular Payout;INF740K013D9;;11.1825;11.1825;11.1825;10-Dec-2015
123517;DSP BlackRock FMP - Series 111 -12M (Maturity Date 29-Sep-2016) - Direct Plan - Growth Option;INF740K011E1;;12.3726;12.3726;12.3726;10-Dec-2015
123516;DSP BlackRock FMP - Series 111 -12M (Maturity Date 29-Sep-2016) - Regular Plan - Dividend Payout - Quarterly Payout;INF740K010E3;;11.1784;11.1784;11.1784;10-Dec-2015
123520;DSP BlackRock FMP - Series 111 -12M (Maturity Date 29-Sep-2016) - Regular Plan - Dividend Payout - Regular Payout;INF740K019D6;;11.1784;11.1784;11.1784;10-Dec-2015
123519;DSP BlackRock FMP - Series 111 -12M (Maturity Date 29-Sep-2016) - Regular Plan - Growth Option;INF740K018D8;;12.3513;12.3513;12.3513;10-Dec-2015
123673;DSP BlackRock FMP - Series 113 -12M (Maturity Date 29-Sep-2016) - Direct Plan - Growth Option;INF740K017E8;;12.3784;12.3784;12.3784;10-Dec-2015
123675;DSP BlackRock FMP - Series 113 -12M (Maturity Date 29-Sep-2016) - Regular Plan - Dividend Payout - Quarterly Payout;INF740K01YF0;;11.1603;11.1603;11.1603;10-Dec-2015
123676;DSP BlackRock FMP - Series 113 -12M (Maturity Date 29-Sep-2016) - Regular Plan - Growth Option;INF740K01YD5;;12.3287;12.3287;12.3287;10-Dec-2015
124105;DSP BlackRock FMP - Series 115 -12M (Maturity Date 29-Sep-2016) - Direct Plan - Dividend Payout - Regular Payout;INF740K014F2;;11.1475;11.1475;11.1475;10-Dec-2015
124103;DSP BlackRock FMP - Series 115 -12M (Maturity Date 29-Sep-2016) - Direct Plan - Growth Option;INF740K013F4;;12.2777;12.2777;12.2777;10-Dec-2015
124101;DSP BlackRock FMP - Series 115 -12M (Maturity Date 29-Sep-2016) - Regular Plan - Dividend Payout - Quarterly Payout;INF740K012F6;;11.1339;11.1339;11.1339;10-Dec-2015
124100;DSP BlackRock FMP - Series 115 -12M (Maturity Date 29-Sep-2016) - Regular Plan - Growth Option;INF740K010F0;;12.2569;12.2569;12.2569;10-Dec-2015
124170;DSP BlackRock FMP - Series 117 -12M (Maturity Date 29-Sep-2016) - Direct Plan - Dividend Payout - Regular Payout;INF740K010G8;;11.1374;11.1374;11.1374;10-Dec-2015
124168;DSP BlackRock FMP - Series 117 -12M (Maturity Date 29-Sep-2016) - Direct Plan - Growth Option;INF740K019F1;;12.2812;12.2812;12.2812;10-Dec-2015
124167;DSP BlackRock FMP - Series 117 -12M (Maturity Date 29-Sep-2016) - Regular Plan - Dividend Payout - Quarterly Payout;INF740K018F3;;11.1238;11.1238;11.1238;10-Dec-2015
124171;DSP BlackRock FMP - Series 117 -12M (Maturity Date 29-Sep-2016) - Regular Plan - Dividend Payout - Regular Payout;INF740K017F5;;11.1239;11.1239;11.1239;10-Dec-2015
124166;DSP BlackRock FMP - Series 117 -12M (Maturity Date 29-Sep-2016) - Regular Plan - Growth Option;INF740K016F7;;12.2606;12.2606;12.2606;10-Dec-2015
124231;DSP BlackRock FMP - Series 118 -12M (Maturity Date 29-Sep-2016) - Direct Plan - Dividend Payout - Regular Payout;INF740K01A75;;11.1124;11.1124;11.1124;10-Dec-2015
124230;DSP BlackRock FMP - Series 118 -12M (Maturity Date 29-Sep-2016) - Direct Plan - Growth Option;INF740K01A67;;12.1798;12.1798;12.1798;10-Dec-2015
124232;DSP BlackRock FMP - Series 118 -12M (Maturity Date 29-Sep-2016) - Regular Plan - Dividend Payout - Regular Payout;INF740K01A42;;11.0990;11.0990;11.0990;10-Dec-2015
124227;DSP BlackRock FMP - Series 118 -12M (Maturity Date 29-Sep-2016) - Regular Plan - Growth Option;INF740K01A34;;12.1369;12.1369;12.1369;10-Dec-2015
124240;DSP BlackRock FMP - Series 119 -12M (Maturity Date 29-Sep-2016) - Direct Plan - Dividend Payout - Regular Payout;INF740K012H2;;11.0992;11.0992;11.0992;10-Dec-2015
124239;DSP BlackRock FMP - Series 119 -12M (Maturity Date 29-Sep-2016) - Direct Plan - Growth Option;INF740K011H4;;12.1738;12.1738;12.1738;10-Dec-2015
124236;DSP BlackRock FMP - Series 119 -12M (Maturity Date 29-Sep-2016) - Regular Plan - Dividend Payout - Quarterly Payout;INF740K010H6;;11.0860;11.0860;11.0860;10-Dec-2015
124235;DSP BlackRock FMP - Series 119 -12M (Maturity Date 29-Sep-2016) - Regular Plan - Growth Option;INF740K018G1;;12.1536;12.1536;12.1536;10-Dec-2015
125205;DSP BlackRock FMP - Series 126 -12M (Maturity Date 28-Nov-2016) - Direct Plan - Dividend Payout - Quarterly Payout;INF740K01F47;;10.8682;10.8682;10.8682;10-Dec-2015
125203;DSP BlackRock FMP - Series 126 -12M (Maturity Date 28-Nov-2016) - Direct Plan - Dividend Payout - Regular Payout;INF740K01F39;;10.8681;10.8681;10.8681;10-Dec-2015
125204;DSP BlackRock FMP - Series 126 -12M (Maturity Date 28-Nov-2016) - Direct Plan - Growth Option;INF740K01F21;;11.8706;11.8706;11.8706;10-Dec-2015
125207;DSP BlackRock FMP - Series 126 -12M (Maturity Date 28-Nov-2016) - Regular Plan - Dividend Payout - Quarterly Payout;INF740K01F13;;10.8569;10.8569;10.8569;10-Dec-2015
125202;DSP BlackRock FMP - Series 126 -12M (Maturity Date 28-Nov-2016) - Regular Plan - Dividend Payout - Regular Payout;INF740K01F05;;10.8599;10.8599;10.8599;10-Dec-2015
125206;DSP BlackRock FMP - Series 126 -12M (Maturity Date 28-Nov-2016) - Regular Plan - Growth Option;INF740K01E97;;11.8528;11.8528;11.8528;10-Dec-2015
125648;DSP FMP - Series 129 - 12M (Maturity Date 29-Dec-2016) - Direct Plan - Growth;INF740K013L2;;11.8131;11.8131;11.8131;10-Dec-2015
125645;DSP FMP - Series 129 - 12M (Maturity Date 29-Dec-2016) - Regular Plan - Growth;INF740K010L8;;11.7961;11.7961;11.7961;10-Dec-2015
128942;DSP BlackRock FMP - Series 161 - 12M (Maturity Date 27 April 2017) - Direct Plan - Dividend Payout - Quarterly Payout;INF740K013X7;;10.5264;10.5264;10.5264;10-Dec-2015
128945;DSP BlackRock FMP - Series 161 - 12M (Maturity Date 27 April 2017) - Direct Plan - Growth;INF740K011X1;;11.5186;11.5186;11.5186;10-Dec-2015
128947;DSP BlackRock FMP - Series 161 - 12M (Maturity Date 27 April 2017) - Regular Plan - Dividend Payout - Regular Payout;INF740K019W6;;10.5197;10.5197;10.5197;10-Dec-2015
128943;DSP BlackRock FMP - Series 161 - 12M (Maturity Date 27 April 2017) - Regular Plan - Growth;INF740K018X6;;11.5004;11.5004;11.5004;10-Dec-2015
126683;DSP BlackRock FMP - Series 144 - 12M (Maturity Date 20-Feb-2017) - Direct Plan - Growth;INF740K01L56;;11.7800;11.7800;11.7800;10-Dec-2015
126684;DSP BlackRock FMP - Series 144 - 12M (Maturity Date 20-Feb-2017) - Regular Plan - Growth;INF740K01L23;;11.7647;11.7647;11.7647;10-Dec-2015
127146;DSP BlackRock FMP - Series 146 - 12M (Maturity Date 06-Jun-2017)  - Regular Plan - Growth;INF740KA1AJ8;;11.7287;11.7287;11.7287;10-Dec-2015
127149;DSP BlackRock FMP - Series 146 - 12M (Maturity Date 6-Jun-2017) - Direct Plan - Growth;INF740KA1AM2;;11.7487;11.7487;11.7487;10-Dec-2015
127456;DSP BlackRock FMP - Series 148 - 12M (Maturity Date 06-Jun-2017) - Direct Plan - Growth;INF740KA1AS9;;11.7114;11.7114;11.7114;10-Dec-2015
127459;DSP BlackRock FMP - Series 148 - 12M (Maturity Date 06-Jun-2017) - Regular Plan - Growth;INF740KA1AP5;;11.6915;11.6915;11.6915;10-Dec-2015
127607;DSP BlackRock FMP - Series 149 - 12M (Maturity Date 19-Jun-2017) - Direct Plan - Growth;INF740KA1BE7;;11.7342;11.7342;11.7342;10-Dec-2015
127610;DSP BlackRock FMP - Series 149 - 12M (Maturity Date 19-Jun-2017) - Regular Plan - Growth;INF740KA1BB3;;11.7145;11.7145;11.7145;10-Dec-2015
127667;DSP BlackRock FMP - Series 150 - 13M - (Maturity Date 11 April 2017) - Direct Plan - Growth;INF740K017U4;;11.6627;11.6627;11.6627;10-Dec-2015
127664;DSP BlackRock FMP - Series 150 - 13M - (Maturity Date 11 April 2017) - Regular Plan - Dividend Payout - Regular Payout;INF740K015U8;;10.5468;10.5468;10.5468;10-Dec-2015
127665;DSP BlackRock FMP - Series 150 - 13M - (Maturity Date 11 April 2017) - Regular Plan - Growth;INF740K014U1;;11.6432;11.6432;11.6432;10-Dec-2015
127854;DSP BlackRock FMP - Series 151 - 12M (Maturity Date 19-Jun-2017) - Direct Plan - Dividend Payout - Regular Payout;INF740KA1BL2;;10.6567;10.6567;10.6567;10-Dec-2015
127855;DSP BlackRock FMP - Series 151 - 12M (Maturity Date 19-Jun-2017) - Direct Plan - Growth;INF740KA1BK4;;11.6919;11.6919;11.6919;10-Dec-2015
127858;DSP BlackRock FMP - Series 151 - 12M (Maturity Date 19-Jun-2017) - Regular Plan - Growth;INF740KA1BH0;;11.6725;11.6725;11.6725;10-Dec-2015
127988;DSP BlackRock FMP - Series 152 - 12.5M (Maturity Date 11 April 2017) - Direct Plan - Growth;INF740K013V1;;11.6175;11.6175;11.6175;10-Dec-2015
127987;DSP BlackRock FMP - Series 152 - 12.5M (Maturity Date 11 April 2017) - Regular Plan - Growth;INF740K010V7;;11.5531;11.5531;11.5531;10-Dec-2015
128106;DSP BlackRock FMP - Series 153 - 12M (Maturity Date 27-Jun-2017) - Direct Plan - Growth;INF740KA1BQ1;;11.6310;11.6310;11.6310;10-Dec-2015
128107;DSP BlackRock FMP - Series 153 - 12M (Maturity Date 27-Jun-2017) - Regular Plan - Dividend Payout - Quarterly Payout;INF740KA1BP3;;10.6164;10.6164;10.6164;10-Dec-2015
128108;DSP BlackRock FMP - Series 153 - 12M (Maturity Date 27-Jun-2017) - Regular Plan - Dividend Payout - Regular Payout;INF740KA1BO6;;10.6162;10.6162;10.6162;10-Dec-2015
128109;DSP BlackRock FMP - Series 153 - 12M (Maturity Date 27-Jun-2017) - Regular Plan - Growth;INF740KA1BN8;;11.6120;11.6120;11.6120;10-Dec-2015
128342;DSP BlackRock FMP - Series 154 - 12.5M (Maturity Date 11 April 2017)  - Direct Plan - Growth;INF740K018V0;;11.5642;11.5642;11.5642;10-Dec-2015
128345;DSP BlackRock FMP - Series 154 - 12.5M (Maturity Date 11 April 2017) - Regular Plan - Growth;INF740K011W3;;11.5453;11.5453;11.5453;10-Dec-2015
128376;DSP BlackRock FMP - Series 155 - 12M (Maturity Date 03-Apr-2017) - Direct Plan - Growth;INF740K017T6;;11.5910;11.5910;11.5910;10-Dec-2015
128378;DSP BlackRock FMP - Series 155 - 12M (Maturity Date 03-Apr-2017) - Regular Plan - Dividend Payout - Regular Payout;INF740K015T0;;10.6026;10.6026;10.6026;10-Dec-2015
128379;DSP BlackRock FMP - Series 155 - 12M (Maturity Date 03-Apr-2017) - Regular Plan - Growth;INF740K014T3;;11.5721;11.5721;11.5721;10-Dec-2015
128975;DSP BlackRock FMP - Series 162 - 12M (Maturity Date 27 April 2017) - Direct Plan - Growth;INF740K017X8;;11.5167;11.5167;11.5167;10-Dec-2015
128977;DSP BlackRock FMP - Series 162 - 12M (Maturity Date 27 April 2017) - Regular Plan - Dividend Payout - Regular Payout;INF740K015X2;;10.5203;10.5203;10.5203;10-Dec-2015
128978;DSP BlackRock FMP - Series 162 - 12M (Maturity Date 27 April 2017) - Regular Plan - Growth;INF740K014X5;;11.4985;11.4985;11.4985;10-Dec-2015
129001;DSP BlackRock FMP - Series 163 - 12M (Maturity Date 27 April 2017)  - Regular Plan - Dividend Payout - Regular Payout;INF740K013Y5;;10.5276;10.5276;10.5276;10-Dec-2015
128997;DSP BlackRock FMP - Series 163 - 12M (Maturity Date 27 April 2017) - Direct Plan - Dividend Payout - Quarterly Payout;INF740K017Y6;;10.5344;10.5344;10.5344;10-Dec-2015
128999;DSP BlackRock FMP - Series 163 - 12M (Maturity Date 27 April 2017) - Direct Plan - Growth;INF740K015Y0;;11.5193;11.5193;11.5193;10-Dec-2015
128996;DSP BlackRock FMP - Series 163 - 12M (Maturity Date 27 April 2017) - Regular Plan - Growth;INF740K012Y7;;11.5012;11.5012;11.5012;10-Dec-2015
129495;DSP BlackRock FMP - Series 164 - 12M (Maturity Date 16 May 2017) - Direct Plan - Dividend Payout - Regular Payout;INF740K012Z4;;10.4703;10.4703;10.4703;10-Dec-2015
129497;DSP BlackRock FMP - Series 164 - 12M (Maturity Date 16 May 2017) - Direct Plan - Growth;INF740K011Z6;;11.4526;11.4526;11.4526;10-Dec-2015
129496;DSP BlackRock FMP - Series 164 - 12M (Maturity Date 16 May 2017) - Regular Plan - Growth;INF740K018Y4;;11.4355;11.4355;11.4355;10-Dec-2015
123249;DSP BlackRock FTP - Series 31 - 36M - Direct Plan - Dividend Payout Option;INF740K01XK2;;12.6050;12.6050;12.6050;10-Dec-2015
123248;DSP BlackRock FTP - Series 31 - 36M - Direct Plan - Growth Option;INF740K01XJ4;;12.6050;12.6050;12.6050;10-Dec-2015
123247;DSP BlackRock FTP - Series 31 - 36M - Regular Plan - Dividend Payout Option;INF740K01XI6;;12.4611;12.4611;12.4611;10-Dec-2015
123250;DSP BlackRock FTP - Series 31 - 36M - Regular Plan - Growth Option;INF740K01XH8;;12.4611;12.4611;12.4611;10-Dec-2015
124114;DSP BlackRock FTP - Series 32 - 24M (Maturity Date 21 Sep 2016) - Direct Plan - Dividend Payout Option;INF740K01ZO9;;10.1355;10.1355;10.1355;10-Dec-2015
124113;DSP BlackRock FTP - Series 32 - 24M (Maturity Date 21 Sep 2016) - Direct Plan - Growth Option;INF740K01ZN1;;12.1396;12.1396;12.1396;10-Dec-2015
124115;DSP BlackRock FTP - Series 32 - 24M (Maturity Date 21 Sep 2016) - Regular Plan - Growth Option;INF740K01ZL5;;12.0097;12.0097;12.0097;10-Dec-2015
125416;DSP BlackRock FTP - Series 33 - 24M - Direct Plan - Dividend Payout Option ( Maturity Date 01-Dec-2016);INF740KA1124;;11.8397;11.8397;11.8397;10-Dec-2015
125415;DSP BlackRock FTP - Series 33 - 24M - Direct Plan - Growth Option (Maturity Date 01-Dec-2016);INF740KA1116;;11.9398;11.9398;11.9398;10-Dec-2015
125414;DSP BlackRock FTP - Series 33 - 24M - Regular Plan - Dividend Payout Option (Maturity Date 01-Dec-2016);INF740KA1108;;11.7279;11.7279;11.7279;10-Dec-2015
125413;DSP BlackRock FTP - Series 33 - 24M - Regular Plan - Growth Option (Maturity Date 01-Dec-2016);INF740KA1090;;11.8280;11.8280;11.8280;10-Dec-2015
126374;DSP BlackRock FTP - Series 36 - 15M  - (Maturity Date 27 April 2017)- Regular Plan - Growth Option;INF740K012W1;;11.7306;11.7306;11.7306;10-Dec-2015
126376;DSP BlackRock FTP - Series 36 - 15M - (Maturity Date 27 April 2017 ) - Direct Plan - Growth Option;INF740K019X4;;11.7647;11.7647;11.7647;10-Dec-2015
131268;DSP BlackRock FTP - Series 44 - 36M - Direct Plan - Dividend Payout Option;INF740K011I2;;11.3078;11.3078;11.3078;10-Dec-2015
131266;DSP BlackRock FTP - Series 44 - 36M - Direct Plan - Growth Option;INF740K010I4;;11.3078;11.3078;11.3078;10-Dec-2015
131267;DSP BlackRock FTP - Series 44 - 36M - Regular Plan - Dividend Payout Option;INF740K019H7;;11.2399;11.2399;11.2399;10-Dec-2015
131265;DSP BlackRock FTP - Series 44 - 36M - Regular Plan - Growth Option;INF740K018H9;;11.2399;11.2399;11.2399;10-Dec-2015
127001;DSP BlackRock FTP - Series 37 - 14M (Maturity Date 27 April 2017) - Direct Plan - Growth Option;INF740K017W0;;11.7436;11.7436;11.7436;10-Dec-2015
127004;DSP BlackRock FTP - Series 37 - 14M - (Maturity Date 27 April 2017) - Regular Plan - Growth Option;INF740K015W4;;11.7108;11.7108;11.7108;10-Dec-2015
127473;DSP BlackRock FTP - Series 38 - 25M - Direct Plan - Dividend Payout Option (Maturity Date 17-Apr-2017);INF740KA1603;;11.7932;11.7932;11.7932;10-Dec-2015
127472;DSP BlackRock FTP - Series 38 - 25M - Direct Plan - Growth Option (Maturity Date 17-Apr-2017);INF740KA1595;;11.7932;11.7932;11.7932;10-Dec-2015
127474;DSP BlackRock FTP - Series 38 - 25M - Regular Plan - Dividend Payout Option ( Maturity Date 17-Apr-2017);INF740KA1587;;11.6906;11.6906;11.6906;10-Dec-2015
127475;DSP BlackRock FTP - Series 38 - 25M - Regular Plan - Growth Option (Maturity Date 17-Apr-2017);INF740KA1579;;11.6906;11.6906;11.6906;10-Dec-2015

HDFC Mutual Fund
121545;HDFC Annual Interval Fund - Series I - Plan A-Direct Option-Dividend Option;INF179K01F13;INF179K01F21;10.6425;0;0;10-Dec-2015
121541;HDFC Annual Interval Fund - Series I - Plan A-Direct Option-Growth Option;INF179K01F05;;12.7838;0;0;10-Dec-2015
121537;HDFC Annual Interval Fund - Series I - Plan A-Regular Option-Dividend Option;INF179K01F62;INF179K01F70;10.6432;0;0;10-Dec-2015
121536;HDFC Annual Interval Fund - Series I - Plan A-Regular Option-Growth Option;INF179K01F54;;12.7658;0;0;10-Dec-2015
121553;HDFC Annual Interval Fund - Series I - Plan B-Direct Option-Dividend Option;INF179K01G12;INF179K01G20;10.6487;0;0;10-Dec-2015
121549;HDFC Annual Interval Fund - Series I - Plan B-Direct Option-Flexi Option;INF179K01G46;;11.6417;0;0;10-Dec-2015
121552;HDFC Annual Interval Fund - Series I - Plan B-Direct Option-Growth Option;INF179K01G04;;12.7102;0;0;10-Dec-2015
121554;HDFC Annual Interval Fund - Series I - Plan B-Direct Option-Quarterly Dividend Option;INF179K01G38;;10.1785;0;0;10-Dec-2015
121547;HDFC Annual Interval Fund - Series I - Plan B-Regular Option-Dividend Option;INF179K01G61;INF179K01G79;10.6248;0;0;10-Dec-2015
121546;HDFC Annual Interval Fund - Series I - Plan B-Regular Option-Growth Option;INF179K01G53;;12.6887;0;0;10-Dec-2015
123535;HDFC CPO - I - 36M August 2013 - Direct Option - Dividend Option;INF179K011D3;;12.3883;0;0;10-Dec-2015
123537;HDFC CPO - I - 36M August 2013 - Direct Option - Growth Option;INF179K010D5;;12.3883;0;0;10-Dec-2015
123536;HDFC CPO - I - 36M August 2013 - Regular Option - Dividend Option;INF179K013D9;;12.2442;0;0;10-Dec-2015
123534;HDFC CPO - I - 36M August 2013 - Regular Option - Growth Option;INF179K012D1;;12.2442;0;0;10-Dec-2015
125038;HDFC CPO - I - 36M October 2013 - Direct Option - Dividend Option;INF179K017Q2;;12.03;0;0;10-Dec-2015
125037;HDFC CPO - I - 36M October 2013 - Direct Option - Growth Option;INF179K016Q4;;12.03;0;0;10-Dec-2015
125036;HDFC CPO - I - 36M October 2013 - Regular Option - Dividend Option;INF179K019Q8;;11.9045;0;0;10-Dec-2015
125035;HDFC CPO - I - 36M October 2013 - Regular Option - Growth Option;INF179K018Q0;;11.9045;0;0;10-Dec-2015
124351;HDFC CPO - I - 36M September 2013 -  Direct Option - Dividend Option;INF179K013I8;;12.0413;0;0;10-Dec-2015
124350;HDFC CPO - I - 36M September 2013 - Direct Option - Growth Option;INF179K012I0;;12.0413;0;0;10-Dec-2015
124352;HDFC CPO - I - 36M September 2013 - Regular Option - Dividend Option;INF179K015I3;;11.9111;0;0;10-Dec-2015
124349;HDFC CPO - I - 36M September 2013 - Regular Option - Growth Option;INF179K014I6;;11.9111;0;0;10-Dec-2015
127379;HDFC CPO - II - 36M February 2014 - Direct Option - Dividend Option;INF179KA1DS3;;11.5911;0;0;10-Dec-2015
127380;HDFC CPO - II - 36M February 2014 - Direct Option - Growth Option;INF179KA1DR5;;11.5911;0;0;10-Dec-2015
127381;HDFC CPO - II - 36M February 2014 - Regular Option - Dividend Option;INF179KA1DU9;;11.4881;0;0;10-Dec-2015
127382;HDFC CPO - II - 36M February 2014 - Regular Option - Growth Option;INF179KA1DT1;;11.4881;0;0;10-Dec-2015
126439;HDFC CPO - II - 36M January 2014 - Direct Option - Dividend Option;INF179KA1645;;11.8016;0;0;10-Dec-2015
126440;HDFC CPO - II - 36M January 2014 - Direct Option - Growth Option;INF179KA1637;;11.8016;0;0;10-Dec-2015
126437;HDFC CPO - II - 36M January 2014 - Regular Option - Dividend Option;INF179KA1660;;11.6909;0;0;10-Dec-2015
126438;HDFC CPO - II - 36M January 2014 - Regular Option - Growth Option;INF179KA1652;;11.6909;0;0;10-Dec-2015
130262;HDFC CPO - II - 36M JUNE 2014-Direct Option-Dividend Option;INF179KA1RF0;;11.0509;0;0;10-Dec-2015
130260;HDFC CPO - II - 36M JUNE 2014-Direct Option-Growth Option;INF179KA1RE3;;11.0509;0;0;10-Dec-2015
130261;HDFC CPO - II - 36M JUNE 2014-Regular Option-Dividend Option;INF179KA1RH6;;10.971;0;0;10-Dec-2015
130263;HDFC CPO - II - 36M JUNE 2014-Regular Option-Growth Option;INF179KA1RG8;;10.971;0;0;10-Dec-2015
129816;HDFC CPO - II - 36M May 2014 - Direct Option - Dividend Option;INF179KA1OX0;;11.0646;0;0;10-Dec-2015
129814;HDFC CPO - II - 36M May 2014 - Direct Option - Growth Option;INF179KA1OW2;;11.0646;0;0;10-Dec-2015
129813;HDFC CPO - II - 36M May 2014 - Regular Option - Dividend Option;INF179KA1OZ5;;10.9825;0;0;10-Dec-2015
129815;HDFC CPO - II - 36M May 2014 - Regular Option - Growth Option;INF179KA1OY8;;10.9825;0;0;10-Dec-2015
133632;HDFC CPO - III - 1173D January 2015 - Direct Option - Dividend Option;INF179KA1W55;;10.3955;0;0;10-Dec-2015
133633;HDFC CPO - III - 1173D January 2015 - Direct Option - Growth Option;INF179KA1W48;;10.3955;0;0;10-Dec-2015
133635;HDFC CPO - III - 1173D January 2015 - Regular Option - Dividend Option;INF179KA1W71;;10.3526;0;0;10-Dec-2015
133634;HDFC CPO - III - 1173D January 2015 - Regular Option - Growth Option;INF179KA1W63;;10.3526;0;0;10-Dec-2015
133252;HDFC CPO - III - 1207D December 2014 - Direct Option - Dividend Option;INF179KA1L74;;10.4792;0;0;10-Dec-2015
133253;HDFC CPO - III - 1207D December 2014 - Direct Option - Growth Option;INF179KA1L66;;10.4792;0;0;10-Dec-2015
133254;HDFC CPO - III - 1207D December 2014 - Regular Option - Dividend Option;INF179KA1L90;;10.4283;0;0;10-Dec-2015
133255;HDFC CPO - III - 1207D December 2014 - Regular Option - Growth Option;INF179KA1L82;;10.4283;0;0;10-Dec-2015
131513;HDFC CPO-III-1100D October 2014-Direct Option-Dividend Option;INF179KA1ZV0;;10.6252;0;0;10-Dec-2015
131514;HDFC CPO-III-1100D October 2014-Direct Option-Growth Option;INF179KA1ZU2;;10.6252;0;0;10-Dec-2015
131515;HDFC CPO-III-1100D October 2014-Regular Option-Dividend Option;INF179KA1ZX6;;10.5659;0;0;10-Dec-2015
131516;HDFC CPO-III-1100D October 2014-Regular Option-Growth Option;INF179KA1ZW8;;10.5659;0;0;10-Dec-2015
135278;HDFC DAF - I - 1100D August 2015 - Direct Option - Dividend Option;INF179KB1HB9;;10.19;0;0;10-Dec-2015
135281;HDFC DAF - I - 1100D August 2015 - Direct Option - Growth Option;INF179KB1HA1;;10.19;0;0;10-Dec-2015
135279;HDFC DAF - I - 1100D August 2015 - Regular Option - Dividend Option;INF179KB1HD5;;10.1447;0;0;10-Dec-2015
135280;HDFC DAF - I - 1100D August 2015 - Regular Option - Growth Option;INF179KB1HC7;;10.1447;0;0;10-Dec-2015
127075;HDFC DEBT FUND FOR CANCER CURE 2014 - Direct Plan;INF179KB1E14;;10.3202;0;0;10-Dec-2015
127074;HDFC DEBT FUND FOR CANCER CURE 2014 - Regular Plan;INF179KB1E30;;10.3202;0;0;10-Dec-2015
123412;HDFC FMP 1001D August 2013 (1)-Direct Option-Dividend Option;INF179K016B6;;12.5033;0;0;10-Dec-2015
123414;HDFC FMP 1001D August 2013 (1)-Direct Option-Growth Option;INF179K015B8;;12.5033;0;0;10-Dec-2015
123415;HDFC FMP 1001D August 2013 (1)-Direct Option-Quarterly Dividend Option;INF179K017B4;;10.4869;0;0;10-Dec-2015
123410;HDFC FMP 1001D August 2013 (1)-Regular Option-Dividend Option;INF179K010C7;;12.4458;0;0;10-Dec-2015
123416;HDFC FMP 1001D August 2013 (1)-Regular Option-Flexi Option;INF179K018B2;;12.4458;0;0;10-Dec-2015
123409;HDFC FMP 1001D August 2013 (1)-Regular Option-Growth Option;INF179K019B0;;12.4458;0;0;10-Dec-2015
123411;HDFC FMP 1001D August 2013 (1)-Regular Option-Quarterly Dividend Option;INF179K011C5;;10.4827;0;0;10-Dec-2015
128737;HDFC FMP 1095D March 2014 (1) - Direct Option-Dividend Option;INF179KA1HU0;;11.9392;0;0;10-Dec-2015
128738;HDFC FMP 1095D March 2014 (1) - Direct Option-Growth Option;INF179KA1HT2;;11.9392;0;0;10-Dec-2015
128736;HDFC FMP 1095D March 2014 (1) - Direct Option-Quarterly Dividend Option;INF179KA1HV8;;10.3046;0;0;10-Dec-2015
128739;HDFC FMP 1095D March 2014 (1) - Regular Option-Dividend Option;INF179KA1HY2;;11.8986;0;0;10-Dec-2015
128740;HDFC FMP 1095D March 2014 (1) - Regular Option-Flexi Option;INF179KA1IA0;;11.8986;0;0;10-Dec-2015
128741;HDFC FMP 1095D March 2014 (1) - Regular Option-Growth Option;INF179KA1HX4;;11.8986;0;0;10-Dec-2015
128742;HDFC FMP 1095D March 2014 (1) - Regular Option-Quarterly Dividend Option;INF179KA1HZ9;;10.2999;0;0;10-Dec-2015
131189;HDFC FMP 1099D August 2014 (1) - Direct Option - Dividend Option;INF179KA1WT1;;11.3547;0;0;10-Dec-2015
131184;HDFC FMP 1099D August 2014 (1) - Direct Option - Growth Option;INF179KA1WS3;;11.3547;0;0;10-Dec-2015
131187;HDFC FMP 1099D August 2014 (1) - Direct Option - Quarterly Dividend Option;INF179KA1WU9;;10.3408;0;0;10-Dec-2015
131188;HDFC FMP 1099D August 2014 (1) - Regular Option - Dividend Option;INF179KA1WX3;;11.3117;0;0;10-Dec-2015
131190;HDFC FMP 1099D August 2014 (1) - Regular Option - Flexi Option;INF179KA1WZ8;;11.3117;0;0;10-Dec-2015
131185;HDFC FMP 1099D August 2014 (1) - Regular Option - Growth Option;INF179KA1WW5;;11.3117;0;0;10-Dec-2015
131186;HDFC FMP 1099D August 2014 (1) - Regular Option - Quarterly Dividend Option;INF179KA1WY1;;10.3352;0;0;10-Dec-2015
129167;HDFC FMP 1100D April 2014 (1)-Direct Option-Dividend Option;INF179KA1LL1;;11.7343;0;0;10-Dec-2015
129168;HDFC FMP 1100D April 2014 (1)-Direct Option-Flexi Option;INF179KA1LN7;;11.7343;0;0;10-Dec-2015
129169;HDFC FMP 1100D April 2014 (1)-Direct Option-Growth Option;INF179KA1LK3;;11.7343;0;0;10-Dec-2015
129170;HDFC FMP 1100D April 2014 (1)-Direct Option-Quarterly Dividend Option;INF179KA1LM9;;10.2962;0;0;10-Dec-2015
129171;HDFC FMP 1100D April 2014 (1)-Regular Option-Dividend Option;INF179KA1LP2;;11.6357;0;0;10-Dec-2015
129172;HDFC FMP 1100D April 2014 (1)-Regular Option-Flexi Option;INF179KA1LR8;;11.6357;0;0;10-Dec-2015
129173;HDFC FMP 1100D April 2014 (1)-Regular Option-Growth Option;INF179KA1LO5;;11.6357;0;0;10-Dec-2015
129174;HDFC FMP 1100D April 2014 (1)-Regular Option-Quarterly Dividend Option;INF179KA1LQ0;;10.286;0;0;10-Dec-2015
135530;HDFC FMP 1105D October 2015 (1)-Direct Option-Dividend Option;INF179KB1JE9;;10.0699;0;0;10-Dec-2015
135531;HDFC FMP 1105D October 2015 (1)-Direct Option-Growth Option;INF179KB1JD1;;10.0699;0;0;10-Dec-2015
135532;HDFC FMP 1105D October 2015 (1)-Direct Option-Quarterly Dividend Option;INF179KB1JF6;;10.0699;0;0;10-Dec-2015
135533;HDFC FMP 1105D October 2015 (1)-Regular Option-Dividend Option;INF179KB1JH2;;10.0573;0;0;10-Dec-2015
135534;HDFC FMP 1105D October 2015 (1)-Regular Option-Growth Option;INF179KB1JG4;;10.0573;0;0;10-Dec-2015
135535;HDFC FMP 1105D October 2015 (1)-Regular Option-Quarterly Dividend Option;INF179KB1JI0;;10.0573;0;0;10-Dec-2015
134603;HDFC FMP 1106D May 2015 (1)- Direct Option-Dividend Option;INF179KB1362;;10.4658;0;0;10-Dec-2015
134608;HDFC FMP 1106D May 2015 (1)-Direct Option-Flexi Option;INF179KB1370;;10.4658;0;0;10-Dec-2015
134607;HDFC FMP 1106D May 2015 (1)-Direct Option-Growth Option;INF179KB1354;;10.4658;0;0;10-Dec-2015
134609;HDFC FMP 1106D May 2015 (1)-Direct Option-Quarterly Dividend Option;INF179KB1420;;10.1963;0;0;10-Dec-2015
134604;HDFC FMP 1106D May 2015 (1)-Regular Option-Dividend Option;INF179KB1396;;10.4482;0;0;10-Dec-2015
134610;HDFC FMP 1106D May 2015 (1)-Regular Option-Flexi Option;INF179KB1412;;10.4482;0;0;10-Dec-2015
134605;HDFC FMP 1106D May 2015 (1)-Regular Option-Growth Option;INF179KB1388;;10.4482;0;0;10-Dec-2015
134606;HDFC FMP 1106D May 2015 (1)-Regular Option-Quarterly Dividend Option;INF179KB1404;;10.1901;0;0;10-Dec-2015
133371;HDFC FMP 1107D December 2014 (1) - Direct Option - Dividend Option;INF179KA1O55;;10.8565;0;0;10-Dec-2015
133374;HDFC FMP 1107D December 2014 (1) - Direct Option - Quarterly Dividend Option;INF179KA1O63;;10.2116;0;0;10-Dec-2015
133375;HDFC FMP 1107D December 2014 (1) - Regular Option - Dividend Option;INF179KA1O97;;10.8263;0;0;10-Dec-2015
133376;HDFC FMP 1107D December 2014 (1) - Regular Option - Flexi Option;INF179KA1P13;;10.8263;0;0;10-Dec-2015
133377;HDFC FMP 1107D December 2014 (1) - Regular Option - Growth Option;INF179KA1O89;;10.8263;0;0;10-Dec-2015
133378;HDFC FMP 1107D December 2014 (1) - Regular Option - Quarterly Dividend Option;INF179KA1P05;;10.2055;0;0;10-Dec-2015
133373;HDFC FMP 1107D December 2014 (1) -Direct Option - Growth Option;INF179KA1O48;;10.8565;0;0;10-Dec-2015
122587;HDFC FMP 1107D May 2013 (1)-Direct Option-Dividend Option;INF179K01R84;;12.3855;0;0;10-Dec-2015
122589;HDFC FMP 1107D May 2013 (1)-Direct Option-Flexi Option;INF179K01R68;;12.3855;0;0;10-Dec-2015
122586;HDFC FMP 1107D May 2013 (1)-Direct Option-Growth Option;INF179K01R76;;12.3855;0;0;10-Dec-2015
122588;HDFC FMP 1107D May 2013 (1)-Direct Option-Quarterly Dividend Option;INF179K01R92;;10.1687;0;0;10-Dec-2015
122583;HDFC FMP 1107D May 2013 (1)-Regular Option-Dividend Option;INF179K01S26;;12.3225;0;0;10-Dec-2015
122584;HDFC FMP 1107D May 2013 (1)-Regular Option-Flexi Option;INF179K01S00;;12.3225;0;0;10-Dec-2015
122582;HDFC FMP 1107D May 2013 (1)-Regular Option-Growth Option;INF179K01S18;;12.3225;0;0;10-Dec-2015
122585;HDFC FMP 1107D May 2013 (1)-Regular Option-Quarterly Dividend Option;INF179K01S34;;10.1646;0;0;10-Dec-2015
132930;HDFC FMP 1107D October 2014 (1)-Direct Option-Dividend Option;INF179KA1F15;;11.0149;0;0;10-Dec-2015
132927;HDFC FMP 1107D October 2014 (1)-Direct Option-Growth Option;INF179KA1F07;;11.0149;0;0;10-Dec-2015
132928;HDFC FMP 1107D October 2014 (1)-Direct Option-Quarterly Dividend Option;INF179KA1F23;;10.2148;0;0;10-Dec-2015
132926;HDFC FMP 1107D October 2014 (1)-Regular Option-Dividend Option;INF179KA1F56;;10.9792;0;0;10-Dec-2015
132932;HDFC FMP 1107D October 2014 (1)-Regular Option-Flexi Option;INF179KA1F72;;10.9792;0;0;10-Dec-2015
132925;HDFC FMP 1107D October 2014 (1)-Regular Option-Growth Option;INF179KA1F49;;10.9792;0;0;10-Dec-2015
132931;HDFC FMP 1107D October 2014 (1)-Regular Option-Quarterly Dividend Option;INF179KA1F64;;10.2088;0;0;10-Dec-2015
135413;HDFC FMP 1108D September 2015 (1)-Direct Option-Dividend Option;INF179KB1IK8;;10.1825;0;0;10-Dec-2015
135410;HDFC FMP 1108D September 2015 (1)-Direct Option-Growth Option;INF179KB1IJ0;;10.1825;0;0;10-Dec-2015
135412;HDFC FMP 1108D September 2015 (1)-Direct Option-Quarterly Dividend Option;INF179KB1IL6;;10.1825;0;0;10-Dec-2015
135408;HDFC FMP 1108D September 2015 (1)-Regular Option - Dividend Option;INF179KB1IN2;;10.165;0;0;10-Dec-2015
135409;HDFC FMP 1108D September 2015 (1)-Regular Option-Growth Option;INF179KB1IM4;;10.165;0;0;10-Dec-2015
135411;HDFC FMP 1108D September 2015 (1)-Regular Option-Quarterly Dividend Option;INF179KB1IO0;;10.165;0;0;10-Dec-2015
133193;HDFC FMP 1111D November 2014 (1) - Direct Option - Dividend Option;INF179KA1J86;;10.8724;0;0;10-Dec-2015
133188;HDFC FMP 1111D November 2014 (1) - Direct Option - Growth Option;INF179KA1J78;;10.8724;0;0;10-Dec-2015
133189;HDFC FMP 1111D November 2014 (1) - Direct Option - Quarterly Dividend Option;INF179KA1J94;;10.1826;0;0;10-Dec-2015
133190;HDFC FMP 1111D November 2014 (1) - Regular Option - Dividend Option;INF179KA1K26;;10.8392;0;0;10-Dec-2015
133191;HDFC FMP 1111D November 2014 (1) - Regular Option - Flexi Option;INF179KA1K42;;10.8392;0;0;10-Dec-2015
133194;HDFC FMP 1111D November 2014 (1) - Regular Option - Growth Option;INF179KA1K18;;10.8392;0;0;10-Dec-2015
133192;HDFC FMP 1111D November 2014 (1) - Regular Option - Quarterly Dividend Option;INF179KA1K34;;10.1765;0;0;10-Dec-2015
135844;HDFC FMP 1111D November 2015 (1) - Direct Option - Dividend Option;INF179KB1KJ6;;10.0009;0;0;10-Dec-2015
135839;HDFC FMP 1111D November 2015 (1) - Direct Option - Growth Option;INF179KB1KK4;;10.0009;0;0;10-Dec-2015
135840;HDFC FMP 1111D November 2015 (1) - Direct Option - Quarterly Dividend Option;INF179KB1KL2;;10.0009;0;0;10-Dec-2015
135842;HDFC FMP 1111D November 2015 (1) - Regular Option - Dividend Option;INF179KB1KN8;;9.9992;0;0;10-Dec-2015
135841;HDFC FMP 1111D November 2015 (1) - Regular Option - Growth Option;INF179KB1KM0;;9.9992;0;0;10-Dec-2015
135843;HDFC FMP 1111D November 2015 (1) - Regular Option - Quarterly Dividend Option;INF179KB1KO6;;9.9992;0;0;10-Dec-2015
134938;HDFC FMP 1112D June 2015 (1)-Direct Option-Flexi Option;INF179KB1FB3;;10.4067;0;0;10-Dec-2015
134935;HDFC FMP 1112D June 2015 (1)-Direct Option-Growth Option;INF179KB1EY8;;10.4067;0;0;10-Dec-2015
134939;HDFC FMP 1112D June 2015 (1)-Direct Option-Normal Dividend Option;INF179KB1EZ5;;10.4067;0;0;10-Dec-2015
134940;HDFC FMP 1112D June 2015 (1)-Direct Option-Quarterly Dividend Option;INF179KB1FA5;;10.2013;0;0;10-Dec-2015
134934;HDFC FMP 1112D June 2015 (1)-Regular Option-Flexi Option;INF179KB1FF4;;10.3929;0;0;10-Dec-2015
134936;HDFC FMP 1112D June 2015 (1)-Regular Option-Growth Option;INF179KB1FC1;;10.3929;0;0;10-Dec-2015
134941;HDFC FMP 1112D June 2015 (1)-Regular Option-Normal Dividend Option;INF179KB1FD9;;10.3929;0;0;10-Dec-2015
134937;HDFC FMP 1112D June 2015 (1)-Regular Option-Quarterly Dividend Option;INF179KB1FE7;;10.1952;0;0;10-Dec-2015
131038;HDFC FMP 1113D August 2014 (1) - Direct Option - Dividend Option;INF179KA1VV9;;11.3724;0;0;10-Dec-2015
131037;HDFC FMP 1113D August 2014 (1) - Direct Option - Growth Option;INF179KA1VU1;;11.3724;0;0;10-Dec-2015
131039;HDFC FMP 1113D August 2014 (1) - Direct Option - Quarterly Dividend Option;INF179KA1VW7;;10.3301;0;0;10-Dec-2015
131040;HDFC FMP 1113D August 2014 (1) - Regular Option - Dividend Option;INF179KA1VZ0;;11.3284;0;0;10-Dec-2015
131041;HDFC FMP 1113D August 2014 (1) - Regular Option - Flexi Option;INF179KA1WB9;;11.3284;0;0;10-Dec-2015
131042;HDFC FMP 1113D August 2014 (1) - Regular Option - Growth Option;INF179KA1VY3;;11.3284;0;0;10-Dec-2015
131035;HDFC FMP 1113D August 2014 (1) - Regular Option - Quarterly Dividend Option;INF179KA1WA1;;10.3239;0;0;10-Dec-2015
133084;HDFC FMP 1113D November 2014 (1) - Direct Option - Dividend Option;INF179KA1H88;;10.9612;0;0;10-Dec-2015
133085;HDFC FMP 1113D November 2014 (1) - Direct Option - Flexi Option;INF179KA1I04;;10.9612;0;0;10-Dec-2015
133086;HDFC FMP 1113D November 2014 (1) - Direct Option - Growth Option;INF179KA1H70;;10.9612;0;0;10-Dec-2015
133087;HDFC FMP 1113D November 2014 (1) - Direct Option - Quarterly Dividend Option;INF179KA1H96;;10.2111;0;0;10-Dec-2015
133080;HDFC FMP 1113D November 2014 (1) - Regular Option - Dividend Option;INF179KA1I20;;10.9272;0;0;10-Dec-2015
133081;HDFC FMP 1113D November 2014 (1) - Regular Option - Flexi Option;INF179KA1I46;;10.9272;0;0;10-Dec-2015
133082;HDFC FMP 1113D November 2014 (1) - Regular Option - Growth Option;INF179KA1I12;;10.9272;0;0;10-Dec-2015
133083;HDFC FMP 1113D November 2014 (1) - Regular Option - Quarterly Dividend Option;INF179KA1I38;;10.205;0;0;10-Dec-2015
132795;HDFC FMP 1113D October 2014 (1)-Direct Option-Dividend Option;INF179KA1A77;;11.1136;0;0;10-Dec-2015
132788;HDFC FMP 1113D October 2014 (1)-Direct Option-Growth Option;INF179KA1A69;;11.1136;0;0;10-Dec-2015
132789;HDFC FMP 1113D October 2014 (1)-Direct Option-Quarterly Dividend Option;INF179KA1A85;;10.2639;0;0;10-Dec-2015
132792;HDFC FMP 1113D October 2014 (1)-Regular Option-Dividend Option;INF179KA1B19;;11.0759;0;0;10-Dec-2015
132794;HDFC FMP 1113D October 2014 (1)-Regular Option-Flexi Option;INF179KA1B35;;11.0759;0;0;10-Dec-2015
132791;HDFC FMP 1113D October 2014 (1)-Regular Option-Growth Option;INF179KA1B01;;11.0759;0;0;10-Dec-2015
132793;HDFC FMP 1113D October 2014 (1)-Regular Option-Quarterly Dividend Option;INF179KA1B27;;10.2576;0;0;10-Dec-2015
133466;HDFC FMP 1115D JANUARY 2015(1) - DIRECT OPTION - DIVIDEND OPTION;INF179KA1R37;;10.7857;0;0;10-Dec-2015
133460;HDFC FMP 1115D JANUARY 2015(1) - DIRECT OPTION - GROWTH OPTION;INF179KA1R29;;10.7857;0;0;10-Dec-2015
133461;HDFC FMP 1115D JANUARY 2015(1) - DIRECT OPTION - QUARTERLY DIVIDEND OPTION;INF179KA1R45;;10.1923;0;0;10-Dec-2015
133462;HDFC FMP 1115D JANUARY 2015(1) - REGULAR OPTION - DIVIDEND OPTION;INF179KA1R78;;10.7565;0;0;10-Dec-2015
133463;HDFC FMP 1115D JANUARY 2015(1) - REGULAR OPTION - FLEXI OPTION;INF179KA1R94;;10.7565;0;0;10-Dec-2015
133464;HDFC FMP 1115D JANUARY 2015(1) - REGULAR OPTION - GROWTH OPTION;INF179KA1R60;;10.7565;0;0;10-Dec-2015
133465;HDFC FMP 1115D JANUARY 2015(1) - REGULAR OPTION - QUARTERLY DIVIDEND OPTION;INF179KA1R86;;10.1863;0;0;10-Dec-2015
134380;HDFC FMP 1115D March 2015 (1)-Direct Option-Dividend Option;INF179KA19N7;;10.526;0;0;10-Dec-2015
134377;HDFC FMP 1115D March 2015 (1)-Direct Option-Flexi Option;INF179KA11O2;;10.526;0;0;10-Dec-2015
134381;HDFC FMP 1115D March 2015 (1)-Direct Option-Growth Option;INF179KA18N9;;10.526;0;0;10-Dec-2015
134379;HDFC FMP 1115D March 2015 (1)-Direct Option-Quarterly Dividend Option;INF179KA10O4;;10.1851;0;0;10-Dec-2015
134375;HDFC FMP 1115D March 2015 (1)-Regular Option-Dividend Option;INF179KA13O8;;10.5047;0;0;10-Dec-2015
134378;HDFC FMP 1115D March 2015 (1)-Regular Option-Flexi Option;INF179KA15O3;;10.5047;0;0;10-Dec-2015
134376;HDFC FMP 1115D March 2015 (1)-Regular Option-Growth Option;INF179KA12O0;;10.5047;0;0;10-Dec-2015
134382;HDFC FMP 1115D March 2015 (1)-Regular Option-Quarterly Dividend Option;INF179KA14O6;;10.179;0;0;10-Dec-2015
130844;HDFC FMP 1116D JULY 2014(1) - Direct Option - Dividend Option;INF179KA1UH0;;11.4067;0;0;10-Dec-2015
130843;HDFC FMP 1116D JULY 2014(1) - Direct Option - Flexi Option;INF179KA1UJ6;;11.4067;0;0;10-Dec-2015
130838;HDFC FMP 1116D JULY 2014(1) - Direct Option - Growth Option;INF179KA1UG2;;11.4067;0;0;10-Dec-2015
130839;HDFC FMP 1116D JULY 2014(1) - Direct Option - Quarterly Dividend Option;INF179KA1UI8;;10.32;0;0;10-Dec-2015
130840;HDFC FMP 1116D JULY 2014(1) - Regular Option - Dividend Option;INF179KA1UL2;;11.3614;0;0;10-Dec-2015
130841;HDFC FMP 1116D JULY 2014(1) - Regular Option - Flexi Option;INF179KA1UN8;;11.3614;0;0;10-Dec-2015
130845;HDFC FMP 1116D JULY 2014(1) - Regular Option - Growth Option;INF179KA1UK4;;11.3614;0;0;10-Dec-2015
130842;HDFC FMP 1116D JULY 2014(1) - Regular Option - Quarterly Dividend Option;INF179KA1UM0;;10.3137;0;0;10-Dec-2015
130802;HDFC FMP 1123D July 2014 (1) - Direct Option - Dividend Option;INF179KA1TZ4;;11.4318;0;0;10-Dec-2015
130800;HDFC FMP 1123D July 2014 (1) - Direct Option - Growth Option;INF179KA1TY7;;11.4318;0;0;10-Dec-2015
130801;HDFC FMP 1123D July 2014 (1) - Direct Option - Quarterly Dividend Option;INF179KA1UA5;;10.3251;0;0;10-Dec-2015
130795;HDFC FMP 1123D July 2014 (1) - Regular Option - Dividend Option;INF179KA1UD9;;11.3857;0;0;10-Dec-2015
130796;HDFC FMP 1123D July 2014 (1) - Regular Option - Flexi Option;INF179KA1UF4;;11.3857;0;0;10-Dec-2015
130797;HDFC FMP 1123D July 2014 (1) - Regular Option - Growth Option;INF179KA1UC1;;11.3857;0;0;10-Dec-2015
130798;HDFC FMP 1123D July 2014 (1) - Regular Option - Quarterly Dividend Option;INF179KA1UE7;;10.3194;0;0;10-Dec-2015
131522;HDFC FMP 1125D SEPTEMBER 2014 (1) - Direct Option - Dividend Option;INF179KA1ZN7;;11.1974;0;0;10-Dec-2015
131521;HDFC FMP 1125D SEPTEMBER 2014 (1) - Direct Option - Growth Option;INF179KA1ZM9;;11.1974;0;0;10-Dec-2015
131523;HDFC FMP 1125D SEPTEMBER 2014 (1) - Direct Option - Quarterly Dividend Option;INF179KA1ZO5;;10.3017;0;0;10-Dec-2015
131519;HDFC FMP 1125D SEPTEMBER 2014 (1) - Regular Option - Dividend Option;INF179KA1ZR8;;11.1583;0;0;10-Dec-2015
131520;HDFC FMP 1125D SEPTEMBER 2014 (1) - Regular Option - Flexi Option;INF179KA1ZT4;;11.1583;0;0;10-Dec-2015
131518;HDFC FMP 1125D SEPTEMBER 2014 (1) - Regular Option - Growth Option;INF179KA1ZQ0;;11.1583;0;0;10-Dec-2015
131524;HDFC FMP 1125D SEPTEMBER 2014 (1) - Regular Option - Quarterly Dividend Option;INF179KA1ZS6;;10.2956;0;0;10-Dec-2015
135096;HDFC FMP 1126D July 2015 (1) - Direct Option - Dividend Option;INF179KB1FX7;;10.3272;0;0;10-Dec-2015
135097;HDFC FMP 1126D July 2015 (1) - Direct Option - Growth Option;INF179KB1FW9;;10.3272;0;0;10-Dec-2015
135098;HDFC FMP 1126D July 2015 (1) - Regular Option - Dividend Option;INF179KB1GB1;;10.2948;0;0;10-Dec-2015
135099;HDFC FMP 1126D July 2015 (1) - Regular Option - Growth Option;INF179KB1GA3;;10.2948;0;0;10-Dec-2015
135100;HDFC FMP 1126D July 2015 (1) - Regular Option - Quarterly Dividend Option;INF179KB1GC9;;10.2948;0;0;10-Dec-2015
128800;HDFC FMP 1127D March 2014 (1) - Direct Option-Dividend Option;INF179KA1JG5;;12.1711;0;0;10-Dec-2015
128802;HDFC FMP 1127D March 2014 (1) - Direct Option-Growth Option;INF179KA1JF7;;12.1711;0;0;10-Dec-2015
128803;HDFC FMP 1127D March 2014 (1) - Direct Option-Quarterly Dividend Option;INF179KA1JH3;;10.3678;0;0;10-Dec-2015
128804;HDFC FMP 1127D March 2014 (1) - Regular Option-Dividend Option;INF179KA1JK7;;12.1187;0;0;10-Dec-2015
128805;HDFC FMP 1127D March 2014 (1) - Regular Option-Flexi Option;INF179KA1JM3;;12.1187;0;0;10-Dec-2015
128806;HDFC FMP 1127D March 2014 (1) - Regular Option-Growth Option;INF179KA1JJ9;;12.1187;0;0;10-Dec-2015
128807;HDFC FMP 1127D March 2014 (1) - Regular Option-Quarterly Dividend Option;INF179KA1JL5;;10.3625;0;0;10-Dec-2015
134755;HDFC FMP 1127D May 2015 (1) - Direct Option - Dividend Option;INF179KB1DE2;;10.4014;0;0;10-Dec-2015
134762;HDFC FMP 1127D May 2015 (1) - Direct Option - Flexi Option;INF179KB1DC6;;10.4014;0;0;10-Dec-2015
134756;HDFC FMP 1127D May 2015 (1) - Direct Option - Growth Option;INF179KB1DD4;;10.4014;0;0;10-Dec-2015
134757;HDFC FMP 1127D May 2015 (1) - Direct Option - Quarterly Dividend Option;INF179KB1DF9;;10.2011;0;0;10-Dec-2015
134758;HDFC FMP 1127D May 2015 (1) - Regular Option - Dividend Option;INF179KB1DI3;;10.3806;0;0;10-Dec-2015
134759;HDFC FMP 1127D May 2015 (1) - Regular Option - Flexi Option;INF179KB1DG7;;10.3806;0;0;10-Dec-2015
134760;HDFC FMP 1127D May 2015 (1) - Regular Option - Growth Option;INF179KB1DH5;;10.3806;0;0;10-Dec-2015
134761;HDFC FMP 1127D May 2015 (1) - Regular Option - Quarterly Dividend Option;INF179KB1DJ1;;10.193;0;0;10-Dec-2015
134292;HDFC FMP 1128D March 2015 (1)-Direct Option-Dividend Option;INF179KA15L9;;10.6204;0;0;10-Dec-2015
134289;HDFC FMP 1128D March 2015 (1)-Direct Option-Growth Option;INF179KA14L2;;10.6204;0;0;10-Dec-2015
134290;HDFC FMP 1128D March 2015 (1)-Direct Option-Quarterly Dividend Option;INF179KA16L7;;10.19;0;0;10-Dec-2015
134287;HDFC FMP 1128D March 2015 (1)-Regular Option Quarterly Dividend Option;INF179KA10M8;;10.184;0;0;10-Dec-2015
134293;HDFC FMP 1128D March 2015 (1)-Regular Option-Dividend Option;INF179KA19L1;;10.5978;0;0;10-Dec-2015
134294;HDFC FMP 1128D March 2015 (1)-Regular Option-Growth Option;INF179KA18L3;;10.5978;0;0;10-Dec-2015
131426;HDFC FMP 1128D September 2014 (1)-Direct Plan-Dividend Option;INF179KA1YP5;;11.2853;0;0;10-Dec-2015
131427;HDFC FMP 1128D September 2014 (1)-Direct Plan-Growth Option;INF179KA1YO8;;11.2853;0;0;10-Dec-2015
131428;HDFC FMP 1128D September 2014 (1)-Direct Plan-Quarterly Dividend Option;INF179KA1YQ3;;10.3272;0;0;10-Dec-2015
131431;HDFC FMP 1128D September 2014 (1)-Regular Plan-Dividend Option;INF179KA1YT7;;11.2445;0;0;10-Dec-2015
131429;HDFC FMP 1128D September 2014 (1)-Regular Plan-Flexi Option;INF179KA1YV3;;11.2445;0;0;10-Dec-2015
131433;HDFC FMP 1128D September 2014 (1)-Regular Plan-Growth Option;INF179KA1YS9;;11.2445;0;0;10-Dec-2015
131430;HDFC FMP 1128D September 2014 (1)-Regular Plan-Quarterly Dividend Option;INF179KA1YU5;;10.3211;0;0;10-Dec-2015
135008;HDFC FMP 1134D July 2015 (1)-Direct Option-Dividend Option;INF179KB1FP3;;10.3466;0;0;10-Dec-2015
135007;HDFC FMP 1134D July 2015 (1)-Direct Option-Growth Option;INF179KB1FO6;;10.3466;0;0;10-Dec-2015
135009;HDFC FMP 1134D July 2015 (1)-Direct Option-Quarterly Dividend Option;INF179KB1FQ1;;10.1838;0;0;10-Dec-2015
135010;HDFC FMP 1134D July 2015 (1)-Regular Option-Dividend Option;INF179KB1FT5;;10.3339;0;0;10-Dec-2015
135004;HDFC FMP 1134D July 2015 (1)-Regular Option-Growth Option;INF179KB1FS7;;10.3339;0;0;10-Dec-2015
135005;HDFC FMP 1134D July 2015 (1)-Regular Option-Quarterly Dividend Option;INF179KB1FU3;;10.1776;0;0;10-Dec-2015
131277;HDFC FMP 1134D September 2014 (1) - Direct Option - Dividend Option;INF179KA1XJ0;;11.3645;0;0;10-Dec-2015
131279;HDFC FMP 1134D September 2014 (1) - Direct Option - Flexi Option;INF179KA1XL6;;11.3645;0;0;10-Dec-2015
131280;HDFC FMP 1134D September 2014 (1) - Direct Option - Growth Option;INF179KA1XI2;;11.3645;0;0;10-Dec-2015
131281;HDFC FMP 1134D September 2014 (1) - Direct Option - Quarterly Dividend Option;INF179KA1XK8;;10.332;0;0;10-Dec-2015
131282;HDFC FMP 1134D September 2014 (1) - Regular Option - Dividend Option;INF179KA1XN2;;11.3231;0;0;10-Dec-2015
131278;HDFC FMP 1134D September 2014 (1) - Regular Option - Flexi Option;INF179KA1XP7;;11.3231;0;0;10-Dec-2015
131283;HDFC FMP 1134D September 2014 (1) - Regular Option - Growth Option;INF179KA1XM4;;11.3231;0;0;10-Dec-2015
131284;HDFC FMP 1134D September 2014 (1) - Regular Option - Quarterly Dividend Option;INF179KA1XO0;;10.3258;0;0;10-Dec-2015
134197;HDFC FMP 1135D March 2015 (1)-Direct Option-Dividend Option;INF179KA18I9;;10.6507;0;0;10-Dec-2015
134198;HDFC FMP 1135D March 2015 (1)-Direct Option-Growth Option;INF179KA14J6;;10.6507;0;0;10-Dec-2015
134201;HDFC FMP 1135D March 2015 (1)-Direct Option-Quarterly Dividend Option;INF179KA15J3;;10.1924;0;0;10-Dec-2015
134204;HDFC FMP 1135D March 2015 (1)-Regular Option-Dividend Option;INF179KA11J2;;10.6269;0;0;10-Dec-2015
134199;HDFC FMP 1135D March 2015 (1)-Regular Option-Flexi Option;INF179KA13J8;;10.6269;0;0;10-Dec-2015
134203;HDFC FMP 1135D March 2015 (1)-Regular Option-Growth Option;INF179KA10J4;;10.6269;0;0;10-Dec-2015
134200;HDFC FMP 1135D March 2015 (1)-Regular Option-Quarterly Dividend Option;INF179KA12J0;;10.1864;0;0;10-Dec-2015
135137;HDFC FMP 1141D July 2015 (1)-Direct Option-Dividend Option;INF179KB1GF2;;10.2847;0;0;10-Dec-2015
135138;HDFC FMP 1141D July 2015 (1)-Direct Option-Growth Option;INF179KB1GE5;;10.2847;0;0;10-Dec-2015
135141;HDFC FMP 1141D July 2015 (1)-Direct Option-Quarterly Dividend Option;INF179KB1GG0;;10.2847;0;0;10-Dec-2015
135140;HDFC FMP 1141D July 2015 (1)-Regular Option-Dividend Option;INF179KB1GJ4;;10.2562;0;0;10-Dec-2015
135139;HDFC FMP 1141D July 2015 (1)-Regular Option-Growth Option;INF179KB1GI6;;10.2562;0;0;10-Dec-2015
135142;HDFC FMP 1141D July 2015 (1)-Regular Option-Quarterly Dividend Option;INF179KB1GK2;;10.2562;0;0;10-Dec-2015
123200;HDFC FMP 1143D July 2013 (1)-Direct Option-Dividend Option;INF179K01Y44;;12.5298;0;0;10-Dec-2015
123199;HDFC FMP 1143D July 2013 (1)-Direct Option-Flexi Option;INF179K01Y28;;12.5298;0;0;10-Dec-2015
123203;HDFC FMP 1143D July 2013 (1)-Direct Option-Growth Option;INF179K01Y36;;12.5298;0;0;10-Dec-2015
123201;HDFC FMP 1143D July 2013 (1)-Direct Option-Quarterly Dividend Option;INF179K01Y51;;10.379;0;0;10-Dec-2015
123196;HDFC FMP 1143D July 2013 (1)-Regular Option-Dividend Option;INF179K01Y85;;12.4712;0;0;10-Dec-2015
123198;HDFC FMP 1143D July 2013 (1)-Regular Option-Flexi Option;INF179K01Y69;;12.4712;0;0;10-Dec-2015
123202;HDFC FMP 1143D July 2013 (1)-Regular Option-Growth Option;INF179K01Y77;;12.4712;0;0;10-Dec-2015
123197;HDFC FMP 1143D July 2013 (1)-Regular Option-Quarterly Dividend Option;INF179K01Y93;;10.3748;0;0;10-Dec-2015
133904;HDFC FMP 1157D February 2015 (1)-Direct Option-Dividend Option;INF179KA15C8;;10.7171;0;0;10-Dec-2015
133907;HDFC FMP 1157D February 2015 (1)-Direct Option-Flexi Option;INF179KA17C4;;10.7171;0;0;10-Dec-2015
133906;HDFC FMP 1157D February 2015 (1)-Direct Option-Growth Option;INF179KA14C1;;10.7171;0;0;10-Dec-2015
133901;HDFC FMP 1157D February 2015 (1)-Regular Option-Dividend Option;INF179KA19C0;;10.6918;0;0;10-Dec-2015
133903;HDFC FMP 1157D February 2015 (1)-Regular Option-Flexi Option;INF179KA11D5;;10.6918;0;0;10-Dec-2015
133900;HDFC FMP 1157D February 2015 (1)-Regular Option-Growth Option;INF179KA18C2;;10.6918;0;0;10-Dec-2015
133902;HDFC FMP 1157D February 2015 (1)-Regular Option-QuarterlyDividend Option;INF179KA10D7;;10.1909;0;0;10-Dec-2015
126768;HDFC FMP 1175D January 2014 (1) - Direct Option-Dividend Option;INF179KB1K08;;12.3522;0;0;10-Dec-2015
126769;HDFC FMP 1175D January 2014 (1) - Direct Option-Flexi Option;INF179KB1K24;;12.3522;0;0;10-Dec-2015
126770;HDFC FMP 1175D January 2014 (1) - Direct Option-Growth Option;INF179KB1J92;;12.3522;0;0;10-Dec-2015
126771;HDFC FMP 1175D January 2014 (1) - Direct Option-Quarterly Dividend Option;INF179KB1K16;;10.4001;0;0;10-Dec-2015
126772;HDFC FMP 1175D January 2014 (1) - Regular Option-Dividend Option;INF179KB1J68;;12.3187;0;0;10-Dec-2015
126766;HDFC FMP 1175D January 2014 (1) - Regular Option-Growth Option;INF179KB1J84;;12.3187;0;0;10-Dec-2015
126767;HDFC FMP 1175D January 2014 (1) - Regular Option-Quarterly Dividend Option;INF179KB1J76;;10.397;0;0;10-Dec-2015
133600;HDFC FMP 1184D January 2015 (1) - Direct Option - Dividend Option;INF179KA1V72;;10.902;0;0;10-Dec-2015
133599;HDFC FMP 1184D January 2015 (1) - Direct Option - Growth Option;INF179KA1V64;;10.902;0;0;10-Dec-2015
133602;HDFC FMP 1184D January 2015 (1) - Direct Option - Quarterly Dividend Option;INF179KA1V80;;10.2166;0;0;10-Dec-2015
133596;HDFC FMP 1184D January 2015 (1) - Regular Option - Dividend Option;INF179KA1W14;;10.8738;0;0;10-Dec-2015
133598;HDFC FMP 1184D January 2015 (1) - Regular Option - Flexi Option;INF179KA1W30;;10.8738;0;0;10-Dec-2015
133601;HDFC FMP 1184D January 2015 (1) - Regular Option - Growth Option;INF179KA1W06;;10.8738;0;0;10-Dec-2015
133597;HDFC FMP 1184D January 2015 (1) - Regular Option - Quarterly Dividend Option;INF179KA1W22;;10.2105;0;0;10-Dec-2015
120996;HDFC FMP 1198D February 2013 (1)-Direct Plan-Dividend Option;INF179K01C73;;12.7072;0;0;10-Dec-2015
120998;HDFC FMP 1198D February 2013 (1)-Direct Plan-Flexi Option;INF179K01C99;;12.7072;0;0;10-Dec-2015
120992;HDFC FMP 1198D February 2013 (1)-Direct Plan-Growth Option;INF179K01C65;;12.7072;0;0;10-Dec-2015
120997;HDFC FMP 1198D February 2013 (1)-Direct Plan-Quarterly Dividend Option;INF179K01C81;;10.1808;0;0;10-Dec-2015
120995;HDFC FMP 1198D February 2013 (1)-Regular Plan-Dividend Option;INF179K01C32;;12.5997;0;0;10-Dec-2015
120999;HDFC FMP 1198D February 2013 (1)-Regular Plan-Flexi Option;INF179K01C57;;12.5997;0;0;10-Dec-2015
120993;HDFC FMP 1198D February 2013 (1)-Regular Plan-Growth Option;INF179K01C24;;12.5997;0;0;10-Dec-2015
120994;HDFC FMP 1198D February 2013 (1)-Regular Plan-Quarterly Dividend Option;INF179K01C40;;10.1755;0;0;10-Dec-2015
123401;HDFC FMP 1846D August 2013 (1) - Growth Option;INF179KB15P8;;12.6698;0;0;10-Dec-2015
123402;HDFC FMP 1846D August 2013 (1) - Growth Option - Direct Plan;INF179KB11P7;;12.7584;0;0;10-Dec-2015
123406;HDFC FMP 1846D August 2013 (1) - IDCW Option;INF179KB16P6;;12.6698;0;0;10-Dec-2015
123403;HDFC FMP 1846D August 2013 (1) - IDCW Option - Direct Plan;INF179KB12P5;;12.7584;0;0;10-Dec-2015
123405;HDFC FMP 1846D August 2013 (1)-Direct Option-Quarterly Dividend Option;INF179KB13P3;;10.747;0;0;10-Dec-2015
123407;HDFC FMP 1846D August 2013 (1)-Regular Option-Flexi Option;INF179K012A7;;12.6698;0;0;10-Dec-2015
123408;HDFC FMP 1846D August 2013 (1)-Regular Option-Quarterly Dividend Option;INF179K015A0;;10.7398;0;0;10-Dec-2015
123735;HDFC FMP 1875D August 2013 (1) - Direct Option - Dividend Option;INF179K010F0;;12.7953;0;0;10-Dec-2015
123736;HDFC FMP 1875D August 2013 (1) - Direct Option - Flexi Option;INF179K017E8;;12.7953;0;0;10-Dec-2015
123732;HDFC FMP 1875D August 2013 (1) - Direct Option - Growth Option;INF179K018E6;;12.7953;0;0;10-Dec-2015
123737;HDFC FMP 1875D August 2013 (1) - Direct Option - Quarterly Dividend Option;INF179K011F8;;10.579;0;0;10-Dec-2015
123738;HDFC FMP 1875D August 2013 (1) - Regular Option - Dividend Option;INF179K013E7;;12.6799;0;0;10-Dec-2015
123733;HDFC FMP 1875D August 2013 (1) - Regular Option - Growth Option;INF179K013F4;;12.6799;0;0;10-Dec-2015
123734;HDFC FMP 1875D August 2013 (1) - Regular Option - Quarterly Dividend Option;INF179K014E5;;10.5703;0;0;10-Dec-2015
120096;HDFC FMP 1919D January 2013 (1) Direct Plan Dividend Option;INF179K01ZF8;;12.9387;0;0;10-Dec-2015
120092;HDFC FMP 1919D January 2013 (1) Direct Plan Flexi Option;INF179K01ZH4;;12.9387;0;0;10-Dec-2015
120095;HDFC FMP 1919D January 2013 (1) Direct Plan Growth Option;INF179K01ZE1;;12.9387;0;0;10-Dec-2015
120091;HDFC FMP 1919D January 2013 (1) Direct Plan Quarterly Dividend Option;INF179K01ZG6;;10.2566;0;0;10-Dec-2015
120090;HDFC FMP 1919D January 2013 (1) Dividend Option;INF179K01ZB7;;12.9387;0;0;10-Dec-2015
120094;HDFC FMP 1919D January 2013 (1) Flexi Option;INF179K01ZD3;;12.9387;0;0;10-Dec-2015
120089;HDFC FMP 1919D January 2013 (1) Growth Option;INF179K01ZA9;;12.9387;0;0;10-Dec-2015
120093;HDFC FMP 1919D January 2013 (1) Quarterly Dividend Option;INF179K01ZC5;;10.2565;0;0;10-Dec-2015
128541;HDFC FMP 3360D March 2014 (1) - Flexi Option;INF179KA1II3;;10.5489;0;0;10-Dec-2015
128539;HDFC FMP 3360D March 2014 (1) - Flexi Option - Direct Plan;INF179KA1IE2;;10.567;0;0;10-Dec-2015
128542;HDFC FMP 3360D March 2014 (1) - Growth Option;INF179KA1IF9;;10.5489;0;0;10-Dec-2015
128544;HDFC FMP 3360D March 2014 (1) - Growth Option - Direct Plan;INF179KA1IB8;;10.567;0;0;10-Dec-2015
128540;HDFC FMP 3360D March 2014 (1) - IDCW Option;INF179KA1IG7;;10.5489;0;0;10-Dec-2015
128538;HDFC FMP 3360D March 2014 (1) - IDCW Option - Direct Plan;INF179KA1IC6;;10.567;0;0;10-Dec-2015
128543;HDFC FMP 3360D March 2014 (1) - Quarterly IDCW Option;INF179KA1IH5;;10.3359;0;0;10-Dec-2015
128545;HDFC FMP 3360D March 2014 (1) - Quarterly IDCW Option - Direct Plan;INF179KA1ID4;;10.3384;0;0;10-Dec-2015
128714;HDFC FMP 366D March 2014 (1) - Direct Option-Dividend Option;INF179KA10L0;;10.6379;0;0;10-Dec-2015
128707;HDFC FMP 366D March 2014 (1) - Direct Option-Growth Option;INF179KA19K3;;11.6411;0;0;10-Dec-2015
128710;HDFC FMP 366D March 2014 (1) - Direct Option-Quarterly Dividend Option;INF179KA11L8;;10.1754;0;0;10-Dec-2015
128712;HDFC FMP 366D March 2014 (1) - Regular Option-Flexi Option;INF179KA12L6;;11.6273;0;0;10-Dec-2015
128713;HDFC FMP 366D March 2014 (1) - Regular Option-Growth Option;INF179KA13L4;;11.6273;0;0;10-Dec-2015
128915;HDFC FMP 366D March 2014 (2)-Direct Option-Growth Option;INF179KA13N0;;11.5812;0;0;10-Dec-2015
128914;HDFC FMP 366D March 2014 (2)-Regular Option-Growth Option;INF179KA16N3;;11.5673;0;0;10-Dec-2015
129774;HDFC FMP 366d May 2014 (1) - Direct Option - Dividend option;INF179KB1BJ5;;10.4828;0;0;10-Dec-2015
129770;HDFC FMP 366d May 2014 (1) - Direct Option - Flexi option;INF179KB1BH9;;11.4315;0;0;10-Dec-2015
129769;HDFC FMP 366d May 2014 (1) - Direct Option - Growth option;INF179KB1BI7;;11.4315;0;0;10-Dec-2015
129771;HDFC FMP 366DMay 2014 (1) - Direct Option - Quarterly Dividend option;INF179KB1BK3;;10.1824;0;0;10-Dec-2015
129772;HDFC FMP 366DMay 2014 (1) - Regular Option - Dividend option;INF179KB1BF3;;10.4769;0;0;10-Dec-2015
129773;HDFC FMP 366DMay 2014 (1) - Regular Option - Growth option;INF179KB1BM9;;11.4195;0;0;10-Dec-2015
129991;HDFC FMP 366D MAY 2014 (2)-Direct Option-Dividend Option;INF179KB1BX6;;10.4508;0;0;10-Dec-2015
129993;HDFC FMP 366D MAY 2014 (2)-Direct Option-Growth Option;INF179KB1BW8;;11.3946;0;0;10-Dec-2015
129997;HDFC FMP 366D MAY 2014 (2)-Regular Dividend-Dividend Option;INF179KB1CB0;;10.4455;0;0;10-Dec-2015
129995;HDFC FMP 366D MAY 2014 (2)-Regular Option-Flexi Option;INF179KB1BZ1;;11.383;0;0;10-Dec-2015
129996;HDFC FMP 366D MAY 2014 (2)-Regular Option-Growth Option;INF179KB1CA2;;11.383;0;0;10-Dec-2015
129998;HDFC FMP 366D MAY 2014 (2)-Regular Option-Quarterly Dividend Option;INF179KB1CC8;;10.1831;0;0;10-Dec-2015
129453;HDFC FMP 367D April 2014 (1)-Direct Option-Dividend Option;INF179KA10Z0;;10.5217;0;0;10-Dec-2015
129446;HDFC FMP 367D April 2014 (1)-Direct Option-Flexi Option;INF179KA18Y6;;11.5004;0;0;10-Dec-2015
129450;HDFC FMP 367D April 2014 (1)-Direct Option-Growth Option;INF179KA19Y4;;11.5004;0;0;10-Dec-2015
129448;HDFC FMP 367D April 2014 (1)-Regular Option-Flexi Option;INF179KA12Z6;;11.4876;0;0;10-Dec-2015
129449;HDFC FMP 367D April 2014 (1)-Regular Option-Growth Option;INF179KA13Z4;;11.4876;0;0;10-Dec-2015
129587;HDFC FMP 367D May 2014 (1)-Direct Option-Dividend Option;INF179KB1479;;10.5129;0;0;10-Dec-2015
129588;HDFC FMP 367D May 2014 (1)-Direct Option-Flexi Option;INF179KB1453;;11.4911;0;0;10-Dec-2015
129586;HDFC FMP 367D May 2014 (1)-Direct Option-Growth Option;INF179KB1461;;11.4911;0;0;10-Dec-2015
129584;HDFC FMP 367D May 2014 (1)-Regular Option-Dividend Option;INF179KB1438;;10.5067;0;0;10-Dec-2015
129583;HDFC FMP 367D May 2014 (1)-Regular Option-Flexi Option;INF179KB1495;;11.4783;0;0;10-Dec-2015
129582;HDFC FMP 367D May 2014 (1)-Regular Option-Growth Option;INF179KB1503;;11.4783;0;0;10-Dec-2015
129585;HDFC FMP 367D May 2014 (1)-Regular Option-Quarterly Dividend Option;INF179KB1446;;10.1823;0;0;10-Dec-2015
129782;HDFC FMP 367D MAY 2014 (2)-DIRECT OPTION-DIVIDEND OPTION;INF179KB1719;;10.4989;0;0;10-Dec-2015
129784;HDFC FMP 367D MAY 2014 (2)-DIRECT OPTION-GROWTH OPTION;INF179KB1701;;11.4722;0;0;10-Dec-2015
129777;HDFC FMP 367D MAY 2014 (2)-DIRECT OPTION-QUARTERLY DIVIDEND OPTION;INF179KB1727;;10.1801;0;0;10-Dec-2015
129778;HDFC FMP 367D MAY 2014 (2)-REGULAR OPTION-DIVIDEND OPTION;INF179KB1677;;10.4925;0;0;10-Dec-2015
129780;HDFC FMP 367D MAY 2014 (2)-REGULAR OPTION-GROWTH OPTION;INF179KB1743;;11.4599;0;0;10-Dec-2015
129781;HDFC FMP 367D MAY 2014 (2)-REGULAR OPTION-QUARTERLY DIVIDEND OPTION;INF179KB1685;;10.178;0;0;10-Dec-2015
129100;HDFC FMP 369D April 2014 (1) - Direct Option-Growth Option;INF179KA15S4;;11.5405;0;0;10-Dec-2015
129095;HDFC FMP 369D April 2014 (1) - Direct Option-Quarterly Dividend Option;INF179KA17S0;;10.1865;0;0;10-Dec-2015
129097;HDFC FMP 369D April 2014 (1) - Regular Option-Growth Option;INF179KA19S6;;11.5268;0;0;10-Dec-2015
129094;HDFC FMP 369D April 2014 (1) - Regular Option-Quarterly Dividend Option;INF179KA13S9;;10.1846;0;0;10-Dec-2015
129325;HDFC FMP 369D April 2014 (2)-Direct Option-Growth Option;INF179KA13X9;;11.4957;0;0;10-Dec-2015
129327;HDFC FMP 369D April 2014 (2)-Regular Option-Dividend Option;INF179KA10X5;;10.5152;0;0;10-Dec-2015
129329;HDFC FMP 369D April 2014 (2)-Regular Option-Growth Option;INF179KA16X2;;11.4825;0;0;10-Dec-2015
125995;HDFC FMP 369D December 2013 (1)-Direct Option-Dividend Option;INF179KA1P62;;10.8625;0;0;10-Dec-2015
125989;HDFC FMP 369D December 2013 (1)-Direct Option-Growth Option;INF179KA1P54;;11.9009;0;0;10-Dec-2015
125991;HDFC FMP 369D December 2013 (1)-Regular Option-Dividend Option;INF179KA1P21;;10.8519;0;0;10-Dec-2015
125993;HDFC FMP 369D December 2013 (1)-Regular Option-Growth Option;INF179KA1P96;;11.8835;0;0;10-Dec-2015
125994;HDFC FMP 369D December 2013 (1)-Regular Option-Quarterly Dividend Option;INF179KA1P39;;10.1603;0;0;10-Dec-2015
127202;HDFC FMP 369D February 2014 (1) - Direct Option-Growth Option;INF179KA13A7;;11.78;0;0;10-Dec-2015
127203;HDFC FMP 369D February 2014 (1) - Direct Option-Quarterly Dividend Option;INF179KA15A2;;10.1756;0;0;10-Dec-2015
127207;HDFC FMP 369D February 2014 (1) - Regular Option-Growth Option;INF179KA17A8;;11.7635;0;0;10-Dec-2015
127550;HDFC FMP 369D February 2014 (2) - Direct Option-Growth Option;INF179KA11F0;;11.7373;0;0;10-Dec-2015
127552;HDFC FMP 369D February 2014 (2) - Regular Option-Dividend Option;INF179KA18E8;;10.6759;0;0;10-Dec-2015
127553;HDFC FMP 369D February 2014 (2) - Regular Option-Flexi Option;INF179KA14F4;;11.7222;0;0;10-Dec-2015
127554;HDFC FMP 369D February 2014 (2) - Regular Option-Growth Option;INF179KA15F1;;11.7222;0;0;10-Dec-2015
126503;HDFC FMP 369D January 2014 (1) - Direct Option-Dividend Option;INF179KA1V23;;10.7647;0;0;10-Dec-2015
126504;HDFC FMP 369D January 2014 (1) - Direct Option-Growth Option;INF179KA1V15;;11.788;0;0;10-Dec-2015
126505;HDFC FMP 369D January 2014 (1) - Direct Option-Quarterly Dividend Option;INF179KA1V31;;10.172;0;0;10-Dec-2015
126506;HDFC FMP 369D January 2014 (1) - Regular Option-Dividend Option;INF179KA1U81;;10.7549;0;0;10-Dec-2015
126507;HDFC FMP 369D January 2014 (1) - Regular Option-Flexi Option;INF179KA1V49;;11.7716;0;0;10-Dec-2015
126508;HDFC FMP 369D January 2014 (1) - Regular Option-Growth Option;INF179KA1V56;;11.7716;0;0;10-Dec-2015
126509;HDFC FMP 369D January 2014 (1) - Regular Option-Quarterly Dividend Option;INF179KA1U99;;10.17;0;0;10-Dec-2015
128244;HDFC FMP 369D March 2014 (1)-Direct Option-Flexi Option;INF179KA14H0;;11.6957;0;0;10-Dec-2015
128240;HDFC FMP 369D March 2014 (1)-Direct Option-Growth Option;INF179KA15H7;;11.6957;0;0;10-Dec-2015
128237;HDFC FMP 369D March 2014 (1)-Regular Option-Growth Option;INF179KA19H9;;11.681;0;0;10-Dec-2015
128606;HDFC FMP 369D March 2014 (2) - Direct Option-Dividend Option;INF179KA12K8;;10.6398;0;0;10-Dec-2015
128613;HDFC FMP 369D March 2014 (2) - Direct Option-Flexi Option;INF179KA10K2;;11.6626;0;0;10-Dec-2015
128607;HDFC FMP 369D March 2014 (2) - Direct Option-Growth Option;INF179KA11K0;;11.6626;0;0;10-Dec-2015
128608;HDFC FMP 369D March 2014 (2) - Direct Option-Quarterly Dividend Option;INF179KA13K6;;10.1754;0;0;10-Dec-2015
128611;HDFC FMP 369D March 2014 (2) - Regular Option-Growth Option;INF179KA15K1;;11.6481;0;0;10-Dec-2015
128792;HDFC FMP 369D March 2014 (3) - Direct Option-Dividend Option;INF179KA16M5;;10.6243;0;0;10-Dec-2015
128794;HDFC FMP 369D March 2014 (3) - Direct Option-Growth Option;INF179KA15M7;;11.6191;0;0;10-Dec-2015
128798;HDFC FMP 369D March 2014 (3) - Regular Option-Growth Option;INF179KA19M9;;11.605;0;0;10-Dec-2015
129090;HDFC FMP 370D April 2014 (1) - Direct Option-Dividend Option;INF179KA10V9;;10.5287;0;0;10-Dec-2015
129091;HDFC FMP 370D April 2014 (1) - Direct Option-Flexi Option;INF179KA18U4;;11.5184;0;0;10-Dec-2015
129085;HDFC FMP 370D April 2014 (1) - Direct Option-Growth Option;INF179KA19U2;;11.5184;0;0;10-Dec-2015
129086;HDFC FMP 370D April 2014 (1) - Direct Option-Quarterly Dividend Option;INF179KA11V7;;10.1839;0;0;10-Dec-2015
129087;HDFC FMP 370D April 2014 (1) - Regular Option-Dividend Option;INF179KA16U8;;10.521;0;0;10-Dec-2015
129089;HDFC FMP 370D April 2014 (1) - Regular Option-Growth Option;INF179KA13V3;;11.505;0;0;10-Dec-2015
129092;HDFC FMP 370D April 2014 (1) - Regular Option-Quarterly Dividend Option;INF179KA17U6;;10.1821;0;0;10-Dec-2015
129331;HDFC FMP 370D April 2014 (2)-Direct Option-Dividend Option;INF179KA16W4;;10.5265;0;0;10-Dec-2015
129335;HDFC FMP 370D April 2014 (2)-Direct Option-Flexi Option;INF179KA14W9;;11.5134;0;0;10-Dec-2015
129336;HDFC FMP 370D April 2014 (2)-Direct Option-Growth Option;INF179KA15W6;;11.5134;0;0;10-Dec-2015
129338;HDFC FMP 370D April 2014 (2)-Regular Option-Dividend Option;INF179KA12W3;;10.5199;0;0;10-Dec-2015
129333;HDFC FMP 370D April 2014 (2)-Regular Option-Growth Option;INF179KA19W8;;11.5002;0;0;10-Dec-2015
129345;HDFC FMP 370D April 2014 (3)-Direct Option-Growth Option;INF179KA11Y1;;11.5121;0;0;10-Dec-2015
129347;HDFC FMP 370D April 2014 (3)-Regular Option-Dividend Option;INF179KA18X8;;10.519;0;0;10-Dec-2015
129349;HDFC FMP 370D April 2014 (3)-Regular Option-Growth Option;INF179KA15Y2;;11.4991;0;0;10-Dec-2015
129455;HDFC FMP 370D April 2014 (4)- Direct Option-Growth Option;INF179KB1305;;11.5119;0;0;10-Dec-2015
129461;HDFC FMP 370D April 2014 (4)- Regular Option- Growth Option;INF179KB1347;;11.4993;0;0;10-Dec-2015
129456;HDFC FMP 370D April 2014 (4)- Regular Option-Dividend Option;INF179KB1271;;10.5135;0;0;10-Dec-2015
129460;HDFC FMP 370D April 2014 (4)-Direct Option-Quarterly Dividend Option;INF179KB1321;;10.1873;0;0;10-Dec-2015
123347;HDFC FMP 370D August 2013 (1)-Direct Option-Dividend Option;INF179KA1VK2;;11.282;0;0;10-Dec-2015
123345;HDFC FMP 370D August 2013 (1)-Direct Option-Growth Option;INF179KA1VJ4;;12.4126;0;0;10-Dec-2015
123350;HDFC FMP 370D August 2013 (1)-Regular Option-Dividend Option;INF179KA1VG0;;11.2649;0;0;10-Dec-2015
123352;HDFC FMP 370D August 2013 (1)-Regular Option-Flexi Option;INF179KA1VE5;;12.3904;0;0;10-Dec-2015
123349;HDFC FMP 370D August 2013 (1)-Regular Option-Growth Option;INF179KA1VF2;;12.3904;0;0;10-Dec-2015
123351;HDFC FMP 370D August 2013 (1)-Regular Option-Quarterly Dividend Option;INF179KA1VH8;;11.1165;0;0;10-Dec-2015
123529;HDFC FMP 370D August 2013 (2) - Direct Option - Dividend Option;INF179KA1WE3;;11.2675;0;0;10-Dec-2015
123528;HDFC FMP 370D August 2013 (2) - Direct Option - Growth Option;INF179KA1WD5;;12.45;0;0;10-Dec-2015
123533;HDFC FMP 370D August 2013 (2) - Direct Option - Quarterly Dividend Option;INF179KA1WF0;;10.2505;0;0;10-Dec-2015
123526;HDFC FMP 370D August 2013 (2) - Regular Option - Dividend Option;INF179KA1WI4;;11.253;0;0;10-Dec-2015
123531;HDFC FMP 370D August 2013 (2) - Regular Option - Flexi Option;INF179KA1WG8;;12.4275;0;0;10-Dec-2015
123530;HDFC FMP 370D August 2013 (2) - Regular Option - Growth Option;INF179KA1WH6;;12.4275;0;0;10-Dec-2015
123618;HDFC FMP 370D August 2013 (3) - Direct Option - Dividend Option;INF179KA1WO2;;11.2595;0;0;10-Dec-2015
123617;HDFC FMP 370D August 2013 (3) - Direct Option - Growth Option;INF179KA1WN4;;12.4408;0;0;10-Dec-2015
123613;HDFC FMP 370D August 2013 (3) - Direct Option - Quarterly Dividend Option;INF179KA1WP9;;10.2321;0;0;10-Dec-2015
123614;HDFC FMP 370D August 2013 (3) - Regular Option - Dividend Option;INF179KA1WK0;;11.2455;0;0;10-Dec-2015
123615;HDFC FMP 370D August 2013 (3) - Regular Option - Flexi Option;INF179KA1WQ7;;12.4188;0;0;10-Dec-2015
123619;HDFC FMP 370D August 2013 (3) - Regular Option - Growth Option;INF179KA1WR5;;12.4188;0;0;10-Dec-2015
123616;HDFC FMP 370D August 2013 (3) - Regular Option - Quarterly Dividend Option;INF179KA1WL8;;10.2324;0;0;10-Dec-2015
123958;HDFC FMP 370D August 2013 (4)-Direct Option-Flexi Option;INF179KA1XC5;;12.4406;0;0;10-Dec-2015
123961;HDFC FMP 370D August 2013 (4)-Direct Option-Growth Option;INF179KA1XD3;;12.4406;0;0;10-Dec-2015
123960;HDFC FMP 370D August 2013 (4)-Regular Option-Dividend Option;INF179KA1XA9;;11.2246;0;0;10-Dec-2015
123959;HDFC FMP 370D August 2013 (4)-Regular Option-Growth Option;INF179KA1XH4;;12.4188;0;0;10-Dec-2015
123954;HDFC FMP 370D August 2013 (4)-Regular Option-Quarterly Dividend Option;INF179KA1XB7;;10.2379;0;0;10-Dec-2015
127363;HDFC FMP 370D February 2014 (1) - Direct Option-Dividend Option;INF179KA10C9;;10.7101;0;0;10-Dec-2015
127365;HDFC FMP 370D February 2014 (1) - Direct Option-Growth Option;INF179KA19B2;;11.7665;0;0;10-Dec-2015
127367;HDFC FMP 370D February 2014 (1) - Regular Option-Dividend Option;INF179KA16B8;;10.7012;0;0;10-Dec-2015
127369;HDFC FMP 370D February 2014 (1) - Regular Option-Growth Option;INF179KA13C3;;11.7511;0;0;10-Dec-2015
126706;HDFC FMP 370D January 2014 (1)- Direct Option-Growth Option;INF179KA1X96;;11.7645;0;0;10-Dec-2015
126709;HDFC FMP 370D January 2014 (1)- Regular Option-Growth Option;INF179KA1Y38;;11.7484;0;0;10-Dec-2015
123175;HDFC FMP 370D July 2013 (3)-Direct Option-Dividend Option;INF179KA1UY5;;11.3127;0;0;10-Dec-2015
123174;HDFC FMP 370D July 2013 (3)-Direct Option-Growth Option;INF179KA1UX7;;12.4367;0;0;10-Dec-2015
123178;HDFC FMP 370D July 2013 (3)-Regular Option-Dividend Option;INF179KA1VC9;;11.2994;0;0;10-Dec-2015
123173;HDFC FMP 370D July 2013 (3)-Regular Option-Flexi Option;INF179KA1VA3;;11.2994;0;0;10-Dec-2015
123171;HDFC FMP 370D July 2013 (3)-Regular Option-Growth Option;INF179KA1VB1;;12.4159;0;0;10-Dec-2015
123172;HDFC FMP 370D July 2013 (3)-Regular Option-Quarterly Dividend Option;INF179KA1VD7;;10.2459;0;0;10-Dec-2015
130337;HDFC FMP 370D June 2014 (2) Direct Option-Dividend Option;INF179KB1EU6;;10.4137;0;0;10-Dec-2015
130339;HDFC FMP 370D June 2014 (2) Direct Option-Growth Option;INF179KB1ET8;;11.3539;0;0;10-Dec-2015
130341;HDFC FMP 370D June 2014 (2) Regular Option-Dividend Option;INF179KB1EQ4;;10.4091;0;0;10-Dec-2015
130343;HDFC FMP 370D June 2014 (2) Regular Option-Growth Option;INF179KB1EX0;;11.3431;0;0;10-Dec-2015
130169;HDFC FMP 370D JUNE 2014(1) - Direct Option - Growth Option;INF179KB1DN3;;11.3835;0;0;10-Dec-2015
130170;HDFC FMP 370D JUNE 2014(1) - Regular Option - Dividend Option;INF179KB1DK9;;10.4321;0;0;10-Dec-2015
130171;HDFC FMP 370D JUNE 2014(1) - Regular Option - Flexi Option;INF179KB1DQ6;;11.3702;0;0;10-Dec-2015
130173;HDFC FMP 370D JUNE 2014(1) - Regular Option - Growth Option;INF179KB1DR4;;11.3702;0;0;10-Dec-2015
130172;HDFC FMP 370D JUNE 2014(1) - Regular Option - Quarterly Dividend Option;INF179KB1DL7;;10.1852;0;0;10-Dec-2015
127924;HDFC FMP 370D March 2014 (1)-Direct Option-Growth Option;INF179KA13I0;;11.7168;0;0;10-Dec-2015
127922;HDFC FMP 370D March 2014 (1)-Regular Option-Dividend Option;INF179KA10I6;;10.65;0;0;10-Dec-2015
127928;HDFC FMP 370D March 2014 (1)-Regular Option-Growth Option;INF179KA17I1;;11.7022;0;0;10-Dec-2015
129628;HDFC FMP 370D May 2014 (1)-Direct Option-Flexi Option;INF179KB1610;;11.4766;0;0;10-Dec-2015
129625;HDFC FMP 370D May 2014 (1)-Direct Option-Growth Option;INF179KB1628;;11.4766;0;0;10-Dec-2015
129627;HDFC FMP 370D May 2014 (1)-Direct Option-Quarterly Dividend Option;INF179KB1644;;10.1814;0;0;10-Dec-2015
129630;HDFC FMP 370D May 2014 (1)-Regular Option-Growth Option;INF179KB1669;;11.4642;0;0;10-Dec-2015
129900;HDFC FMP 370D MAY 2014 (2)-Direct Option-Dividend Option;INF179KB1BR8;;10.4656;0;0;10-Dec-2015
129898;HDFC FMP 370D MAY 2014 (2)-Direct Option-Flexi Option;INF179KB1BP2;;11.4169;0;0;10-Dec-2015
129899;HDFC FMP 370D MAY 2014 (2)-Direct Option-Growth Option;INF179KB1BQ0;;11.4169;0;0;10-Dec-2015
129903;HDFC FMP 370D MAY 2014 (2)-Regular Option-Growth Option;INF179KB1BU2;;11.4049;0;0;10-Dec-2015
125544;HDFC FMP 370D November 2013 (1) - Direct Option-Dividend Option;INF179KA1K91;;10.8834;0;0;10-Dec-2015
125545;HDFC FMP 370D November 2013 (1) - Direct Option-Flexi Option;INF179KA1K75;;11.8876;0;0;10-Dec-2015
125546;HDFC FMP 370D November 2013 (1) - Direct Option-Growth Option;INF179KA1K83;;11.8876;0;0;10-Dec-2015
125547;HDFC FMP 370D November 2013 (1) - Regular Option-Dividend Option;INF179KA1K59;;10.8723;0;0;10-Dec-2015
125549;HDFC FMP 370D November 2013 (1) - Regular Option-Growth Option;INF179KA1L25;;11.8693;0;0;10-Dec-2015
125550;HDFC FMP 370D November 2013 (1) - Regular Option-Quarterly Dividend Option;INF179KA1K67;;10.1596;0;0;10-Dec-2015
124777;HDFC FMP 370D October 2013 (1) - Direct Option - Dividend Option;INF179KA1ZI7;;11.1296;0;0;10-Dec-2015
124774;HDFC FMP 370D October 2013 (1) - Direct Option - Growth Option;INF179KA1ZH9;;12.1961;0;0;10-Dec-2015
124776;HDFC FMP 370D October 2013 (1) - Direct Option - Quarterly Dividend Option;INF179KA1ZJ5;;10.22;0;0;10-Dec-2015
124771;HDFC FMP 370D October 2013 (1) - Regular Option - Dividend Option;INF179KA1ZE6;;11.1166;0;0;10-Dec-2015
124773;HDFC FMP 370D October 2013 (1) - Regular Option - Flexi Option;INF179KA1ZK3;;12.1757;0;0;10-Dec-2015
124770;HDFC FMP 370D October 2013 (1) - Regular Option - Growth Option;INF179KA1ZL1;;12.1757;0;0;10-Dec-2015
124881;HDFC FMP 370D October 2013 (2) - Direct Option - Dividend Option;INF179KA1A28;;11.0913;0;0;10-Dec-2015
124878;HDFC FMP 370D October 2013 (2) - Direct Option - Growth Option;INF179KA1A10;;12.0895;0;0;10-Dec-2015
124879;HDFC FMP 370D October 2013 (2) - Regular Option - Dividend Option;INF179KA1ZY4;;11.0771;0;0;10-Dec-2015
124880;HDFC FMP 370D October 2013 (2) - Regular Option - Flexi Option;INF179KA1A44;;12.0695;0;0;10-Dec-2015
124884;HDFC FMP 370D October 2013 (2) - Regular Option - Growth Option;INF179KA1A51;;12.0695;0;0;10-Dec-2015
125027;HDFC FMP 370D October 2013 (3) - Direct Option - Dividend Option;INF179KA1C67;;11.052;0;0;10-Dec-2015
125029;HDFC FMP 370D October 2013 (3) - Direct Option - Growth Option;INF179KA1C59;;12.0669;0;0;10-Dec-2015
125031;HDFC FMP 370D October 2013 (3) - Regular Option - Dividend Option;INF179KA1C26;;11.0397;0;0;10-Dec-2015
125033;HDFC FMP 370D October 2013 (3) - Regular Option - Growth Option;INF179KA1C91;;12.0465;0;0;10-Dec-2015
125034;HDFC FMP 370D October 2013 (3) - Regular Option - Quarterly Dividend Option;INF179KA1C34;;10.1801;0;0;10-Dec-2015
125149;HDFC FMP 370D October 2013 (4) - Direct Option - Dividend Option;INF179KA1E65;;11.0376;0;0;10-Dec-2015
125148;HDFC FMP 370D October 2013 (4) - Direct Option - Growth Option;INF179KA1E57;;12.0475;0;0;10-Dec-2015
125145;HDFC FMP 370D October 2013 (4) - Regular Option - Flexi Option;INF179KA1E81;;12.0282;0;0;10-Dec-2015
125146;HDFC FMP 370D October 2013 (4) - Regular Option - Growth Option;INF179KA1E99;;12.0282;0;0;10-Dec-2015
125234;HDFC FMP 370D October 2013 (5)-Direct Option-Dividend Option;INF179KA1G22;;10.9827;0;0;10-Dec-2015
125233;HDFC FMP 370D October 2013 (5)-Direct Option-Growth Option;INF179KA1G14;;11.9771;0;0;10-Dec-2015
125231;HDFC FMP 370D October 2013 (5)-Regular Option-Growth Option;INF179KA1G55;;11.958;0;0;10-Dec-2015
125232;HDFC FMP 370D October 2013 (5)-Regular Option-Quarterly Dividend Option;INF179KA1F98;;10.1681;0;0;10-Dec-2015
124163;HDFC FMP 370D September 2013 (1)-Direct Option-Dividend Option;INF179KA1XU7;;11.2254;0;0;10-Dec-2015
124162;HDFC FMP 370D September 2013 (1)-Direct Option-Growth Option;INF179KA1XT9;;12.4034;0;0;10-Dec-2015
124159;HDFC FMP 370D September 2013 (1)-Regular Option-Dividend Option;INF179KA1XQ5;;11.2116;0;0;10-Dec-2015
124158;HDFC FMP 370D September 2013 (1)-Regular Option-Growth Option;INF179KA1XW3;;12.3817;0;0;10-Dec-2015
124160;HDFC FMP 370D September 2013 (1)-Regular Option-Quarterly Dividend Option;INF179KA1XR3;;10.2373;0;0;10-Dec-2015
124341;HDFC FMP 370D September 2013 (2)-Direct Option-Dividend Option;INF179KA1YC3;;11.1946;0;0;10-Dec-2015
124343;HDFC FMP 370D September 2013 (2)-Direct Option-Growth Option;INF179KA1YB5;;12.3625;0;0;10-Dec-2015
124345;HDFC FMP 370D September 2013 (2)-Regular Option-Dividend Option;INF179KA1XY9;;11.1898;0;0;10-Dec-2015
124347;HDFC FMP 370D September 2013 (2)-Regular Option-Growth Option;INF179KA1YF6;;12.3409;0;0;10-Dec-2015
124348;HDFC FMP 370D September 2013 (2)-Regular Option-Quarterly Dividend Option;INF179KA1XZ6;;10.2299;0;0;10-Dec-2015
124506;HDFC FMP 370D September 2013 (3)-Direct Option-Dividend Option;INF179KA1YK6;;11.2006;0;0;10-Dec-2015
124508;HDFC FMP 370D September 2013 (3)-Direct Option-Flexi Option;INF179KA1YI0;;12.3599;0;0;10-Dec-2015
124504;HDFC FMP 370D September 2013 (3)-Direct Option-Growth Option;INF179KA1YJ8;;12.3599;0;0;10-Dec-2015
124509;HDFC FMP 370D September 2013 (3)-Regular Option-Dividend Option;INF179KA1YG4;;11.1595;0;0;10-Dec-2015
124505;HDFC FMP 370D September 2013 (3)-Regular Option-Growth Option;INF179KA1YN0;;12.2776;0;0;10-Dec-2015
124515;HDFC FMP 370D September 2013 (4)-Direct Option-Growth Option;INF179KA1YZ4;;12.3341;0;0;10-Dec-2015
124512;HDFC FMP 370D September 2013 (4)-Regular Option-Dividend Option;INF179KA1YW1;;11.1816;0;0;10-Dec-2015
124517;HDFC FMP 370D September 2013 (4)-Regular Option-Growth Option;INF179KA1ZD8;;12.3129;0;0;10-Dec-2015
123395;HDFC FMP 371D August 2013 (1)-Direct Option-Growth Option;INF179KA1VN6;;12.4173;0;0;10-Dec-2015
123400;HDFC FMP 371D August 2013 (1)-Direct Option-Quarterly Dividend Option;INF179KA1VP1;;10.3906;0;0;10-Dec-2015
123394;HDFC FMP 371D August 2013 (1)-Regular Option-Flexi Option;INF179KA1VQ9;;12.3448;0;0;10-Dec-2015
123393;HDFC FMP 371D August 2013 (1)-Regular Option-Growth Option;INF179KA1VR7;;12.3448;0;0;10-Dec-2015
125703;HDFC FMP 371D December 2013 (1) - Direct Option-Dividend Option;INF179KA1N23;;10.883;0;0;10-Dec-2015
125704;HDFC FMP 371D December 2013 (1) - Direct Option-Flexi Option;INF179KA1N07;;11.9041;0;0;10-Dec-2015
125705;HDFC FMP 371D December 2013 (1) - Direct Option-Growth Option;INF179KA1N15;;11.9041;0;0;10-Dec-2015
125709;HDFC FMP 371D December 2013 (1) - Regular Option-Growth Option;INF179KA1N56;;11.8861;0;0;10-Dec-2015
125875;HDFC FMP 371D December 2013 (2)-Direct Option-Dividend Option;INF179KA1O06;;10.8747;0;0;10-Dec-2015
125876;HDFC FMP 371D December 2013 (2)-Direct Option-Growth Option;INF179KA1N98;;11.9106;0;0;10-Dec-2015
125873;HDFC FMP 371D December 2013 (2)-Direct Option-Quarterly Dividend Option;INF179KA1O14;;10.165;0;0;10-Dec-2015
125870;HDFC FMP 371D December 2013 (2)-Regular Option-Dividend Option;INF179KA1N64;;10.8639;0;0;10-Dec-2015
125872;HDFC FMP 371D December 2013 (2)-Regular Option-Flexi Option;INF179KA1O22;;11.8929;0;0;10-Dec-2015
125869;HDFC FMP 371D December 2013 (2)-Regular Option-Growth Option;INF179KA1O30;;11.8929;0;0;10-Dec-2015
127375;HDFC FMP 371D February 2014 (1) - Direct Option-Growth Option;INF179KA11B9;;11.77;0;0;10-Dec-2015
127376;HDFC FMP 371D February 2014 (1) - Direct Option-Quarterly Dividend Option;INF179KA13B5;;10.1848;0;0;10-Dec-2015
127371;HDFC FMP 371D February 2014 (1) - Regular Option-Growth Option;INF179KA15B0;;11.7545;0;0;10-Dec-2015
127756;HDFC FMP 371D February 2014 (2) - Direct Option-Growth Option;INF179KA17G5;;11.7164;0;0;10-Dec-2015
127758;HDFC FMP 371D February 2014 (2) - Regular Option-Growth Option;INF179KA11H6;;11.7015;0;0;10-Dec-2015
126402;HDFC FMP 371D January 2014 (1) - Direct Option-Dividend Option;INF179KA1U40;;10.7905;0;0;10-Dec-2015
126400;HDFC FMP 371D January 2014 (1) - Direct Option-Growth Option;INF179KA1U32;;11.812;0;0;10-Dec-2015
126403;HDFC FMP 371D January 2014 (1) - Regular Option-Dividend Option;INF179KA1U08;;10.781;0;0;10-Dec-2015
126405;HDFC FMP 371D January 2014 (1) - Regular Option-Growth Option;INF179KA1U73;;11.7953;0;0;10-Dec-2015
126401;HDFC FMP 371D January 2014 (1) - Regular Option-Quarterly Dividend Option;INF179KA1U16;;10.1711;0;0;10-Dec-2015
126877;HDFC FMP 371D January 2014 (2) - Direct Option-Dividend Option;INF179KA1Y87;;10.7445;0;0;10-Dec-2015
126879;HDFC FMP 371D January 2014 (2) - Direct Option-Growth Option;INF179KA1Y79;;11.7936;0;0;10-Dec-2015
126883;HDFC FMP 371D January 2014 (2) - Regular Option-Growth Option;INF179KA1Z11;;11.7777;0;0;10-Dec-2015
126884;HDFC FMP 371D January 2014 (2) - Regular Option-Quarterly Dividend Option;INF179KA1Y53;;10.1728;0;0;10-Dec-2015
122985;HDFC FMP 371D July 2013 (1)-Direct Option-Dividend Option;INF179KA1UQ1;;11.316;0;0;10-Dec-2015
122986;HDFC FMP 371D July 2013 (1)-Direct Option-Flexi Option;INF179KA1UO6;;12.3964;0;0;10-Dec-2015
122989;HDFC FMP 371D July 2013 (1)-Direct Option-Growth Option;INF179KA1UP3;;12.3964;0;0;10-Dec-2015
122984;HDFC FMP 371D July 2013 (1)-Regular Option-Dividend Option;INF179KA1UU3;;11.3008;0;0;10-Dec-2015
122988;HDFC FMP 371D July 2013 (1)-Regular Option-Flexi Option;INF179KA1US7;;12.3752;0;0;10-Dec-2015
122983;HDFC FMP 371D July 2013 (1)-Regular Option-Growth Option;INF179KA1UT5;;12.3752;0;0;10-Dec-2015
122987;HDFC FMP 371D July 2013 (1)-Regular Option-Quarterly Dividend Option;INF179KA1UV1;;10.2117;0;0;10-Dec-2015
130151;HDFC FMP 371D JUNE 2014(1) - Direct Option - Growth Option;INF179KB1ED2;;11.3728;0;0;10-Dec-2015
130152;HDFC FMP 371D JUNE 2014(1) - Direct Option - Quarterly Dividend Option;INF179KB1EF7;;10.1935;0;0;10-Dec-2015
130153;HDFC FMP 371D JUNE 2014(1) - Regular Option - Dividend Option;INF179KB1EA8;;10.4262;0;0;10-Dec-2015
130156;HDFC FMP 371D JUNE 2014(1) - Regular Option - Growth Option;INF179KB1EH3;;11.3614;0;0;10-Dec-2015
130215;HDFC FMP 371D June 2014 (2)-Direct Option-Dividend Option;INF179KB1EM3;;10.4153;0;0;10-Dec-2015
130214;HDFC FMP 371D June 2014 (2)-Direct Option-Flexi Option;INF179KB1EK7;;11.3663;0;0;10-Dec-2015
130218;HDFC FMP 371D June 2014 (2)-Direct Option-Growth Option;INF179KB1EL5;;11.3663;0;0;10-Dec-2015
130216;HDFC FMP 371D June 2014 (2)-Regular Option-Dividend Option;INF179KB1EI1;;10.4106;0;0;10-Dec-2015
130211;HDFC FMP 371D June 2014 (2)-Regular Option-Growth Option;INF179KB1EP6;;11.3553;0;0;10-Dec-2015
130430;HDFC FMP 371D June 2014 (3) - Direct Option - Dividend Option;INF179KB1FK4;;10.3686;0;0;10-Dec-2015
130432;HDFC FMP 371D June 2014 (3) - Direct Option - Flexi Option;INF179KB1FI8;;11.3042;0;0;10-Dec-2015
130431;HDFC FMP 371D June 2014 (3) - Direct Option - Growth Option;INF179KB1FJ6;;11.3042;0;0;10-Dec-2015
130433;HDFC FMP 371D June 2014 (3) - Direct Option - Quarterly Dividend Option;INF179KB1FL2;;10.1847;0;0;10-Dec-2015
130434;HDFC FMP 371D June 2014 (3) - Regular Option - Dividend Option;INF179KB1FG2;;10.364;0;0;10-Dec-2015
130436;HDFC FMP 371D June 2014 (3) - Regular Option - Growth Option;INF179KB1FN8;;11.2936;0;0;10-Dec-2015
130437;HDFC FMP 371D June 2014 (3) - Regular Option - Quarterly Dividend Option;INF179KB1FH0;;10.1825;0;0;10-Dec-2015
129907;HDFC FMP 371D MAY 2014 (1)-Direct Option-Dividend Option;INF179KB1CF1;;10.448;0;0;10-Dec-2015
129910;HDFC FMP 371D MAY 2014 (1)-Direct Option-Growth Option;INF179KB1CE4;;11.4137;0;0;10-Dec-2015
129904;HDFC FMP 371D MAY 2014 (1)-Direct Option-Quarterly Dividend Option;INF179KB1CG9;;10.186;0;0;10-Dec-2015
129905;HDFC FMP 371D MAY 2014 (1)-Regular Dividend-Dividend Option;INF179KB1CJ3;;10.445;0;0;10-Dec-2015
129906;HDFC FMP 371D MAY 2014 (1)-Regular Option-Flexi Option;INF179KB1CH7;;11.4019;0;0;10-Dec-2015
129911;HDFC FMP 371D MAY 2014 (1)-Regular Option-Growth Option;INF179KB1CI5;;11.4019;0;0;10-Dec-2015
129909;HDFC FMP 371D MAY 2014 (1)-Regular Option-Quarterly Dividend Option;INF179KB1CK1;;10.1837;0;0;10-Dec-2015
125321;HDFC FMP 371D November 2013 (1)-Direct Option-Dividend Option;INF179KA1H39;;10.9522;0;0;10-Dec-2015
125322;HDFC FMP 371D November 2013 (1)-Direct Option-Flexi Option;INF179KA1H13;;11.9395;0;0;10-Dec-2015
125323;HDFC FMP 371D November 2013 (1)-Direct Option-Growth Option;INF179KA1H21;;11.9395;0;0;10-Dec-2015
125324;HDFC FMP 371D November 2013 (1)-Direct Option-Quarterly Dividend Option;INF179KA1H47;;10.1654;0;0;10-Dec-2015
125325;HDFC FMP 371D November 2013 (1)-Regular Option-Dividend Option;INF179KA1G97;;10.9407;0;0;10-Dec-2015
125327;HDFC FMP 371D November 2013 (1)-Regular Option-Growth Option;INF179KA1H62;;11.9207;0;0;10-Dec-2015
125363;HDFC FMP 371D November 2013 (2)-Direct Option-Dividend Option;INF179KA1J37;;10.9374;0;0;10-Dec-2015
125360;HDFC FMP 371D November 2013 (2)-Direct Option-Growth Option;INF179KA1J29;;11.945;0;0;10-Dec-2015
125361;HDFC FMP 371D November 2013 (2)-Direct Option-Quarterly Dividend Option;INF179KA1J45;;10.1648;0;0;10-Dec-2015
125365;HDFC FMP 371D November 2013 (2)-Regular Option-Growth Option;INF179KA1J60;;11.9263;0;0;10-Dec-2015
125366;HDFC FMP 371D November 2013 (2)-Regular Option-Quarterly Dividend Option;INF179KA1J03;;10.1628;0;0;10-Dec-2015
126147;HDFC FMP 372D December 2013 (1)-Direct Option-Dividend Option;INF179KA1S44;;10.8399;0;0;10-Dec-2015
126148;HDFC FMP 372D December 2013 (1)-Direct Option-Flexi Option;INF179KA1S28;;11.8735;0;0;10-Dec-2015
126149;HDFC FMP 372D December 2013 (1)-Direct Option-Growth Option;INF179KA1S36;;11.8735;0;0;10-Dec-2015
126153;HDFC FMP 372D December 2013 (1)-Regular Option-Growth Option;INF179KA1S77;;11.8563;0;0;10-Dec-2015
126154;HDFC FMP 372D December 2013 (1)-Regular Option-Quarterly Dividend Option;INF179KA1S10;;10.168;0;0;10-Dec-2015
126240;HDFC FMP 372D December 2013 (2) - Direct Option-Dividend Option;INF179KA1T27;;10.8152;0;0;10-Dec-2015
126247;HDFC FMP 372D December 2013 (2) - Direct Option-Flexi Option;INF179KA1T01;;11.8512;0;0;10-Dec-2015
126241;HDFC FMP 372D December 2013 (2) - Direct Option-Growth Option;INF179KA1T19;;11.8512;0;0;10-Dec-2015
126242;HDFC FMP 372D December 2013 (2) - Direct Option-Quarterly Dividend Option;INF179KA1T35;;10.166;0;0;10-Dec-2015
126244;HDFC FMP 372D December 2013 (2) - Regular Option-Flexi Option;INF179KA1T43;;11.8342;0;0;10-Dec-2015
126245;HDFC FMP 372D December 2013 (2) - Regular Option-Growth Option;INF179KA1T50;;11.8342;0;0;10-Dec-2015
126246;HDFC FMP 372D December 2013 (2) - Regular Option-Quarterly Dividend Option;INF179KA1S93;;10.164;0;0;10-Dec-2015
127025;HDFC FMP 372D February 2014 (1) - Direct Option-Dividend Option;INF179KA1Z60;;10.7365;0;0;10-Dec-2015
127019;HDFC FMP 372D February 2014 (1) - Direct Option-Flexi Option;INF179KA1Z45;;11.7911;0;0;10-Dec-2015
127020;HDFC FMP 372D February 2014 (1) - Direct Option-Growth Option;INF179KA1Z52;;11.7911;0;0;10-Dec-2015
127023;HDFC FMP 372D February 2014 (1) - Regular Option-Flexi Option;INF179KA1Z86;;11.7753;0;0;10-Dec-2015
127026;HDFC FMP 372D February 2014 (1) - Regular Option-Growth Option;INF179KA1Z94;;11.7753;0;0;10-Dec-2015
127024;HDFC FMP 372D February 2014 (1) - Regular Option-Quarterly Dividend Option;INF179KA1Z37;;10.1736;0;0;10-Dec-2015
126609;HDFC FMP 372D January 2014 (1)-Direct Option-Dividend Option;INF179KA1X21;;10.739;0;0;10-Dec-2015
126608;HDFC FMP 372D January 2014 (1)-Direct Option-Flexi Option;INF179KA1X05;;11.7625;0;0;10-Dec-2015
126606;HDFC FMP 372D January 2014 (1)-Direct Option-Growth Option;INF179KA1X13;;11.7625;0;0;10-Dec-2015
126607;HDFC FMP 372D January 2014 (1)-Direct Option-Quarterly Dividend Option;INF179KA1X39;;10.177;0;0;10-Dec-2015
126603;HDFC FMP 372D January 2014 (1)-Regular Option-Dividend Option;INF179KA1W89;;10.7299;0;0;10-Dec-2015
126602;HDFC FMP 372D January 2014 (1)-Regular Option-Growth Option;INF179KA1X54;;11.7462;0;0;10-Dec-2015
126604;HDFC FMP 372D January 2014 (1)-Regular Option-Quarterly Dividend Option;INF179KA1W97;;10.1749;0;0;10-Dec-2015
124963;HDFC FMP 372D October 2013 (1) - Direct Option - Dividend Option;INF179KA1B84;;11.07;0;0;10-Dec-2015
124968;HDFC FMP 372D October 2013 (1) - Direct Option - Growth Option;INF179KA1B76;;12.0762;0;0;10-Dec-2015
124965;HDFC FMP 372D October 2013 (1) - Regular Option - Flexi Option;INF179KA1C00;;12.0564;0;0;10-Dec-2015
124966;HDFC FMP 372D October 2013 (1) - Regular Option - Growth Option;INF179KA1C18;;12.0564;0;0;10-Dec-2015
128929;HDFC FMP 377D March 2014 (1)-Direct Option-Growth Option;INF179KA17R2;;11.5573;0;0;10-Dec-2015
128923;HDFC FMP 377D March 2014 (1)-Regular Option-Dividend Option;INF179KA14R9;;10.5467;0;0;10-Dec-2015
128925;HDFC FMP 377D March 2014 (1)-Regular Option-Flexi Option;INF179KA10S5;;11.508;0;0;10-Dec-2015
128922;HDFC FMP 377D March 2014 (1)-Regular Option-Growth Option;INF179KA11S3;;11.508;0;0;10-Dec-2015
128776;HDFC FMP 378D March 2014 (1) - Direct Option-Dividend Option;INF179KA10R7;;10.5534;0;0;10-Dec-2015
128779;HDFC FMP 378D March 2014 (1) - Direct Option-Growth Option;INF179KA19Q0;;11.5649;0;0;10-Dec-2015
128778;HDFC FMP 378D March 2014 (1) - Regular Option-Dividend Option;INF179KA16Q6;;10.5463;0;0;10-Dec-2015
128780;HDFC FMP 378D March 2014 (1) - Regular Option-Flexi Option;INF179KA12R3;;11.5154;0;0;10-Dec-2015
128781;HDFC FMP 378D March 2014 (1) - Regular Option-Growth Option;INF179KA13R1;;11.5154;0;0;10-Dec-2015
128782;HDFC FMP 378D March 2014 (1) - Regular Option-Quarterly Dividend Option;INF179KA17Q4;;10.1845;0;0;10-Dec-2015
128790;HDFC FMP 384D March 2014 (1) - Direct Option-Flexi Option;INF179KA10Q9;;11.5958;0;0;10-Dec-2015
128791;HDFC FMP 384D March 2014 (1) - Direct Option-Growth Option;INF179KA11Q7;;11.5958;0;0;10-Dec-2015
128786;HDFC FMP 384D March 2014 (1) - Regular Option-Dividend Option;INF179KA18P4;;10.5447;0;0;10-Dec-2015
128788;HDFC FMP 384D March 2014 (1) - Regular Option-Growth Option;INF179KA15Q8;;11.5448;0;0;10-Dec-2015
128599;HDFC FMP 390D March 2014 (1) - Direct Option-Dividend Option;INF179KA14P3;;10.5485;0;0;10-Dec-2015
128598;HDFC FMP 390D March 2014 (1) - Direct Option-Flexi Option;INF179KA12P7;;11.6245;0;0;10-Dec-2015
128600;HDFC FMP 390D March 2014 (1) - Direct Option-Growth Option;INF179KA13P5;;11.6245;0;0;10-Dec-2015
128602;HDFC FMP 390D March 2014 (1) - Regular Option-Dividend Option;INF179KA10P1;;10.5455;0;0;10-Dec-2015
128603;HDFC FMP 390D March 2014 (1) - Regular Option-Flexi Option;INF179KA16P8;;11.5733;0;0;10-Dec-2015
128604;HDFC FMP 390D March 2014 (1) - Regular Option-Growth Option;INF179KA17P6;;11.5733;0;0;10-Dec-2015
128269;HDFC FMP 400D March 2014 (1)-Direct Option-Dividend Option;INF179KA12U7;;10.529;0;0;10-Dec-2015
128271;HDFC FMP 400D March 2014 (1)-Direct Option-Growth Option;INF179KA11U9;;11.6428;0;0;10-Dec-2015
128273;HDFC FMP 400D March 2014 (1)-Regular Option-Dividend Option;INF179KA18T6;;10.5222;0;0;10-Dec-2015
128274;HDFC FMP 400D March 2014 (1)-Regular Option-Flexi Option;INF179KA14U3;;11.5906;0;0;10-Dec-2015
128275;HDFC FMP 400D March 2014 (1)-Regular Option-Growth Option;INF179KA15U0;;11.5906;0;0;10-Dec-2015
127765;HDFC FMP 434D February 2014 (1)-Direct Option-Growth Option;INF179KB1065;;11.7421;0;0;10-Dec-2015
127762;HDFC FMP 434D February 2014 (1)-Regular Option-Dividend Option;INF179KB1032;;10.5112;0;0;10-Dec-2015
127767;HDFC FMP 434D February 2014 (1)-Regular Option-Growth Option;INF179KB1107;;11.6862;0;0;10-Dec-2015
127936;HDFC FMP 435D March 2014 (1)-Direct Option-Dividend Option;INF179KB1AD0;;10.5038;0;0;10-Dec-2015
127937;HDFC FMP 435D March 2014 (1)-Direct Option-Flexi Option;INF179KB1AB4;;11.7233;0;0;10-Dec-2015
127935;HDFC FMP 435D March 2014 (1)-Direct Option-Growth Option;INF179KB1AC2;;11.7233;0;0;10-Dec-2015
127930;HDFC FMP 435D March 2014 (1)-Direct Option-Quarterly Dividend Option;INF179KB1AE8;;10.1931;0;0;10-Dec-2015
127932;HDFC FMP 435D March 2014 (1)-Regular Option-Dividend Option;INF179KB1982;;10.4978;0;0;10-Dec-2015
127934;HDFC FMP 435D March 2014 (1)-Regular Option-Flexi Option;INF179KB1AF5;;11.6678;0;0;10-Dec-2015
127931;HDFC FMP 435D March 2014 (1)-Regular Option-Growth Option;INF179KB1AG3;;11.6678;0;0;10-Dec-2015
127933;HDFC FMP 435D March 2014 (1)-Regular Option-Quarterly Dividend Option;INF179KB1990;;10.1914;0;0;10-Dec-2015
127432;HDFC FMP 441D February 2014 (1) - Direct Option-Dividend Option;INF179KB1230;;10.5234;0;0;10-Dec-2015
127434;HDFC FMP 441D February 2014 (1) - Direct Option-Growth Option;INF179KB1222;;11.7711;0;0;10-Dec-2015
127436;HDFC FMP 441D February 2014 (1) - Regular Option-Dividend Option;INF179KB1198;;10.5171;0;0;10-Dec-2015
127437;HDFC FMP 441D February 2014 (1) - Regular Option-Flexi Option;INF179KB1255;;11.7143;0;0;10-Dec-2015
127438;HDFC FMP 441D February 2014 (1) - Regular Option-Growth Option;INF179KB1263;;11.7143;0;0;10-Dec-2015
127439;HDFC FMP 441D February 2014 (1) - Regular Option-Quarterly Dividend Option;INF179KB1206;;10.1876;0;0;10-Dec-2015
127219;HDFC FMP 447D February 2014 (1) - Direct Option-Dividend Option;INF179KB1156;;10.5232;0;0;10-Dec-2015
127221;HDFC FMP 447D February 2014 (1) - Direct Option-Growth Option;INF179KB1149;;11.7702;0;0;10-Dec-2015
127222;HDFC FMP 447D February 2014 (1) - Direct Option-Quarterly Dividend Option;INF179KB1164;;10.1886;0;0;10-Dec-2015
127223;HDFC FMP 447D February 2014 (1) - Regular Option-Dividend Option;INF179KB1115;;10.5171;0;0;10-Dec-2015
127225;HDFC FMP 447D February 2014 (1) - Regular Option-Growth Option;INF179KB1180;;11.7128;0;0;10-Dec-2015
127226;HDFC FMP 447D February 2014 (1) - Regular Option-Quarterly Dividend Option;INF179KB1123;;10.2486;0;0;10-Dec-2015
127011;HDFC FMP 453D February 2014 (1) - Direct Option-Dividend Option;INF179KA18Z3;;10.5194;0;0;10-Dec-2015
127012;HDFC FMP 453D February 2014 (1) - Direct Option-Growth Option;INF179KA17Z5;;11.7855;0;0;10-Dec-2015
127007;HDFC FMP 453D February 2014 (1) - Regular Option-Dividend Option;INF179KA14Z2;;10.5134;0;0;10-Dec-2015
127008;HDFC FMP 453D February 2014 (1) - Regular Option-Flexi Option;INF179KB1016;;11.7274;0;0;10-Dec-2015
127009;HDFC FMP 453D February 2014 (1) - Regular Option-Growth Option;INF179KB1024;;11.7274;0;0;10-Dec-2015
127010;HDFC FMP 453D February 2014 (1) - Regular Option-Quarterly Dividend Option;INF179KA15Z9;;10.2097;0;0;10-Dec-2015
126775;HDFC FMP 472D January 2014 (1) - Direct Option-Growth Option;INF179KB1933;;11.7787;0;0;10-Dec-2015
126778;HDFC FMP 472D January 2014 (1) - Regular Option-Flexi Option;INF179KB1966;;11.7187;0;0;10-Dec-2015
126779;HDFC FMP 472D January 2014 (1) - Regular Option-Growth Option;INF179KB1974;;11.7187;0;0;10-Dec-2015
126780;HDFC FMP 472D January 2014 (1) - Regular Option-Quarterly Dividend Option;INF179KB1917;;10.1788;0;0;10-Dec-2015
126622;HDFC FMP 478D January 2014 (1) - Direct Option-Flexi Option;INF179KB1AZ3;;11.8041;0;0;10-Dec-2015
126623;HDFC FMP 478D January 2014 (1) - Direct Option-Growth Option;INF179KB1BA4;;11.8041;0;0;10-Dec-2015
126620;HDFC FMP 478D January 2014 (1) - Regular Option-Dividend Option;INF179KB1AX8;;10.4876;0;0;10-Dec-2015
126626;HDFC FMP 478D January 2014 (1) - Regular Option-Growth Option;INF179KB1BE6;;11.7434;0;0;10-Dec-2015
126494;HDFC FMP 491D January 2014 (1) - Direct Option-Dividend Option;INF179KB1867;;10.5032;0;0;10-Dec-2015
126487;HDFC FMP 491D January 2014 (1) - Direct Option-Growth Option;INF179KB1859;;11.8463;0;0;10-Dec-2015
126488;HDFC FMP 491D January 2014 (1) - Direct Option-Quarterly Dividend Option;INF179KB1875;;10.1977;0;0;10-Dec-2015
126489;HDFC FMP 491D January 2014 (1) - Regular Option-Dividend Option;INF179KB1826;;10.4969;0;0;10-Dec-2015
126491;HDFC FMP 491D January 2014 (1) - Regular Option-Growth Option;INF179KB1891;;11.784;0;0;10-Dec-2015
126492;HDFC FMP 491D January 2014 (1) - Regular Option-Quarterly Dividend Option;INF179KB1834;;10.2155;0;0;10-Dec-2015
126139;HDFC FMP 504D December 2013 (1)-Direct Option-Dividend Option;INF179KB1AA6;;10.5023;0;0;10-Dec-2015
126141;HDFC FMP 504D December 2013 (1)-Direct Option-Growth Option;INF179KB1784;;11.8795;0;0;10-Dec-2015
126142;HDFC FMP 504D December 2013 (1)-Direct Option-Quarterly Dividend Option;INF179KB1792;;10.2123;0;0;10-Dec-2015
126143;HDFC FMP 504D December 2013 (1)-Regular Option-Dividend Option;INF179KB1750;;10.4963;0;0;10-Dec-2015
126144;HDFC FMP 504D December 2013 (1)-Regular Option-Flexi Option;INF179KB1800;;11.8155;0;0;10-Dec-2015
126145;HDFC FMP 504D December 2013 (1)-Regular Option-Growth Option;INF179KB1818;;11.8155;0;0;10-Dec-2015
126146;HDFC FMP 504D December 2013 (1)-Regular Option-Quarterly Dividend Option;INF179KB1768;;10.2566;0;0;10-Dec-2015
125984;HDFC FMP 531D December 2013 (1)-Direct Option-Dividend Option;INF179KB1CN5;;10.451;0;0;10-Dec-2015
125986;HDFC FMP 531D December 2013 (1)-Direct Option-Growth Option;INF179KB1CM7;;11.9044;0;0;10-Dec-2015
125981;HDFC FMP 531D December 2013 (1)-Direct Option-Quarterly Dividend Option;INF179KB1CO3;;10.1811;0;0;10-Dec-2015
125987;HDFC FMP 531D December 2013 (1)-Regular Option-Dividend Option;INF179KB1CR6;;10.4455;0;0;10-Dec-2015
125982;HDFC FMP 531D December 2013 (1)-Regular Option-Growth Option;INF179KB1CQ8;;11.8378;0;0;10-Dec-2015
125983;HDFC FMP 531D December 2013 (1)-Regular Option-Quarterly Dividend Option;INF179KB1CS4;;10.3262;0;0;10-Dec-2015
125536;HDFC FMP 538D November 2013 (1) - Direct Option-Flexi Option;INF179KB1AR0;;11.9604;0;0;10-Dec-2015
125537;HDFC FMP 538D November 2013 (1) - Direct Option-Growth Option;INF179KB1AS8;;11.9604;0;0;10-Dec-2015
125539;HDFC FMP 538D November 2013 (1) - Regular Option-Dividend Option;INF179KB1AP4;;10.484;0;0;10-Dec-2015
125541;HDFC FMP 538D November 2013 (1) - Regular Option-Growth Option;INF179KB1AW0;;11.8922;0;0;10-Dec-2015
125542;HDFC FMP 538D November 2013 (1) - Regular Option-Quarterly Dividend Option;INF179KB1AQ2;;10.2234;0;0;10-Dec-2015
125737;HDFC FMP 540D December 2013 (1) - Direct Option-Dividend Option;INF179KB1CV8;;10.4509;0;0;10-Dec-2015
125738;HDFC FMP 540D December 2013 (1) - Direct Option-Flexi Option;INF179KB1CT2;;11.9126;0;0;10-Dec-2015
125743;HDFC FMP 540D December 2013 (1) - Direct Option-Growth Option;INF179KB1CU0;;11.9126;0;0;10-Dec-2015
125744;HDFC FMP 540D December 2013 (1) - Direct Option-Quarterly Dividend Option;INF179KB1CW6;;10.1779;0;0;10-Dec-2015
125739;HDFC FMP 540D December 2013 (1) - Regular Option-Dividend Option;INF179KB1CZ9;;10.4453;0;0;10-Dec-2015
125741;HDFC FMP 540D December 2013 (1) - Regular Option-Growth Option;INF179KB1CY2;;11.8448;0;0;10-Dec-2015
125742;HDFC FMP 540D December 2013 (1) - Regular Option-Quarterly Dividend Option;INF179KB1DA0;;10.2464;0;0;10-Dec-2015
125334;HDFC FMP 554D November 2013 (1)-Direct Option-Dividend Option;INF179KB1AL3;;10.4906;0;0;10-Dec-2015
125335;HDFC FMP 554D November 2013 (1)-Direct Option-Flexi Option;INF179KB1AJ7;;11.9923;0;0;10-Dec-2015
125336;HDFC FMP 554D November 2013 (1)-Direct Option-Growth Option;INF179KB1AK5;;11.9923;0;0;10-Dec-2015
125329;HDFC FMP 554D November 2013 (1)-Direct Option-Quarterly Dividend Option;INF179KB1AM1;;10.2593;0;0;10-Dec-2015
125330;HDFC FMP 554D November 2013 (1)-Regular Option-Dividend Option;INF179KB1AH1;;10.4849;0;0;10-Dec-2015
125331;HDFC FMP 554D November 2013 (1)-Regular Option-Flexi Option;INF179KB1AN9;;11.923;0;0;10-Dec-2015
125332;HDFC FMP 554D November 2013 (1)-Regular Option-Growth Option;INF179KB1AO7;;11.923;0;0;10-Dec-2015
125333;HDFC FMP 554D November 2013 (1)-Regular Option-Quarterly Dividend Option;INF179KB1AI9;;10.4849;0;0;10-Dec-2015
124981;HDFC FMP 572D October 2013 (1) - Direct Option - Dividend Option;INF179KB1552;;10.5052;0;0;10-Dec-2015
124987;HDFC FMP 572D October 2013 (1) - Direct Option - Flexi Option;INF179KB1537;;12.0713;0;0;10-Dec-2015
124988;HDFC FMP 572D October 2013 (1) - Direct Option - Growth Option;INF179KB1545;;12.0713;0;0;10-Dec-2015
124982;HDFC FMP 572D October 2013 (1) - Direct Option - Quarterly Dividend Option;INF179KB1560;;10.1939;0;0;10-Dec-2015
124983;HDFC FMP 572D October 2013 (1) - Regular Option - Dividend Option;INF179KB1511;;10.4992;0;0;10-Dec-2015
124984;HDFC FMP 572D October 2013 (1) - Regular Option - Flexi Option;INF179KB1578;;11.989;0;0;10-Dec-2015
124985;HDFC FMP 572D October 2013 (1) - Regular Option - Growth Option;INF179KB1586;;11.989;0;0;10-Dec-2015
124986;HDFC FMP 572D October 2013 (1) - Regular Option - Quarterly Dividend Option;INF179KB1529;;10.2315;0;0;10-Dec-2015
129475;HDFC FMP 730D APRIL 2014 (1) - Direct Option - Flexi Option;INF179KA1NJ1;;11.5307;0;0;10-Dec-2015
129476;HDFC FMP 730D APRIL 2014 (1) - Direct Option - Growth Option;INF179KA1NG7;;11.5307;0;0;10-Dec-2015
129477;HDFC FMP 730D APRIL 2014 (1) - Direct Option - Quarterly Dividend Option;INF179KA1NI3;;10.2425;0;0;10-Dec-2015
129474;HDFC FMP 730D APRIL 2014 (1) - Direct Option Dividend Option;INF179KA1NH5;;11.5307;0;0;10-Dec-2015
129478;HDFC FMP 730D APRIL 2014 (1) - Regular Option - Dividend Option;INF179KA1NL7;;11.457;0;0;10-Dec-2015
129481;HDFC FMP 730D APRIL 2014 (1) - Regular Option - Flexi Option;INF179KA1NN3;;11.457;0;0;10-Dec-2015
129479;HDFC FMP 730D APRIL 2014 (1) - Regular Option - Growth Option;INF179KA1NK9;;11.457;0;0;10-Dec-2015
129480;HDFC FMP 730D APRIL 2014 (1) - Regular Option - Quarterly Dividend Option;INF179KA1NM5;;10.2342;0;0;10-Dec-2015
125004;HDFC FMP 737D October 2013 (1) - Direct Option - Growth Option;INF179KB1JY7;;12.0587;0;0;10-Dec-2015
125002;HDFC FMP 737D October 2013 (1) - Regular Option - Growth Option;INF179KB1KB3;;11.9593;0;0;10-Dec-2015
124542;HDFC FMP 742D September 2013 (1)-Direct Option-Dividend Option;INF179KB1IZ6;;10.1145;0;0;10-Dec-2015
124540;HDFC FMP 742D September 2013 (1)-Direct Option-Growth Option;INF179KB1IY9;;12.2138;0;0;10-Dec-2015
124545;HDFC FMP 742D September 2013 (1)-Regular Option-Growth Option;INF179KB1JC3;;12.1502;0;0;10-Dec-2015
130165;HDFC FMP 747D June 2014 (1)-Direct Option-Dividend Option;INF179KA1QH8;;11.4149;0;0;10-Dec-2015
130166;HDFC FMP 747D June 2014 (1)-Direct Option-Flexi Option;INF179KA1QJ4;;11.4149;0;0;10-Dec-2015
130163;HDFC FMP 747D June 2014 (1)-Direct Option-Growth Option;INF179KA1QG0;;11.4149;0;0;10-Dec-2015
130161;HDFC FMP 747D June 2014 (1)-Direct Option-Quarterly Dividend Option;INF179KA1QI6;;10.2142;0;0;10-Dec-2015
130167;HDFC FMP 747D June 2014 (1)-Regular Dividend-Dividend Option;INF179KA1QL0;;11.363;0;0;10-Dec-2015
130162;HDFC FMP 747D June 2014 (1)-Regular Option-Flexi Option;INF179KA1QN6;;11.363;0;0;10-Dec-2015
130168;HDFC FMP 747D June 2014 (1)-Regular Option-Growth Option;INF179KA1QK2;;11.363;0;0;10-Dec-2015
130164;HDFC FMP 747D June 2014 (1)-Regular Option-Quarterly Dividend Option;INF179KA1QM8;;10.2079;0;0;10-Dec-2015
130424;HDFC FMP 750D June 2014 (1) - Direct Option - Dividend Option;INF179KA1TB5;;11.3565;0;0;10-Dec-2015
130425;HDFC FMP 750D June 2014 (1) - Direct Option - Growth Option;INF179KA1TA7;;11.3565;0;0;10-Dec-2015
130426;HDFC FMP 750D June 2014 (1) - Direct Option - Quarterly Dividend Option;INF179KA1TC3;;10.2139;0;0;10-Dec-2015
130422;HDFC FMP 750D June 2014 (1) - Regular Option - Dividend Option;INF179KA1TF6;;11.308;0;0;10-Dec-2015
130423;HDFC FMP 750D June 2014 (1) - Regular Option - Flexi Option;INF179KA1TH2;;11.308;0;0;10-Dec-2015
130427;HDFC FMP 750D June 2014 (1) - Regular Option - Growth Option;INF179KA1TE9;;11.308;0;0;10-Dec-2015
130428;HDFC FMP 750D June 2014 (1) - Regular Option - Quarterly Dividend Option;INF179KA1TG4;;10.208;0;0;10-Dec-2015
127562;HDFC FMP 793D February 2014 (1) - Direct Option-Dividend Option;INF179KB1QB0;;12.1149;0;0;10-Dec-2015
127556;HDFC FMP 793D February 2014 (1) - Direct Option-Flexi Option;INF179KB1PZ1;;12.1149;0;0;10-Dec-2015
127557;HDFC FMP 793D February 2014 (1) - Direct Option-Growth Option;INF179KB1QA2;;12.1149;0;0;10-Dec-2015
127558;HDFC FMP 793D February 2014 (1) - Direct Option-Quarterly Dividend Option;INF179KA1EN2;;10.2457;0;0;10-Dec-2015
127559;HDFC FMP 793D February 2014 (1) - Regular Option-Dividend Option;INF179KB1PX6;;12.0825;0;0;10-Dec-2015
127563;HDFC FMP 793D February 2014 (1) - Regular Option-Flexi Option;INF179KB1QD6;;12.0825;0;0;10-Dec-2015
127560;HDFC FMP 793D February 2014 (1) - Regular Option-Growth Option;INF179KB1QE4;;12.0825;0;0;10-Dec-2015
127561;HDFC FMP 793D February 2014 (1) - Regular Option-Quarterly Dividend Option;INF179KA1ER3;;10.2425;0;0;10-Dec-2015
126994;HDFC FMP 840D January 2014 (1) - Direct Option-Dividend Option;INF179KA1BG2;;11.9783;0;0;10-Dec-2015
126989;HDFC FMP 840D January 2014 (1) - Direct Option-Growth Option;INF179KA1BF4;;11.9783;0;0;10-Dec-2015
126990;HDFC FMP 840D January 2014 (1) - Direct Option-Quarterly Dividend Option;INF179KA1BH0;;10.3199;0;0;10-Dec-2015
126992;HDFC FMP 840D January 2014 (1) - Regular Option-Dividend Option;INF179KA1BK4;;11.9013;0;0;10-Dec-2015
126991;HDFC FMP 840D January 2014 (1) - Regular Option-Growth Option;INF179KA1BJ6;;11.9013;0;0;10-Dec-2015
126995;HDFC FMP 840D January 2014 (1) - Regular Option-Quarterly Dividend Option;INF179KA1BL2;;10.3126;0;0;10-Dec-2015
125452;HDFC FMP 923D November 2013 (1) - Direct Option-Dividend Option;INF179K019V8;;12.0647;0;0;10-Dec-2015
125453;HDFC FMP 923D November 2013 (1) - Direct Option-Flexi Option;INF179K011W3;;12.0647;0;0;10-Dec-2015
125454;HDFC FMP 923D November 2013 (1) - Direct Option-Growth Option;INF179K018V0;;12.0647;0;0;10-Dec-2015
125455;HDFC FMP 923D November 2013 (1) - Direct Option-Quarterly Dividend Option;INF179K010W5;;10.4026;0;0;10-Dec-2015
125457;HDFC FMP 923D November 2013 (1) - Regular Option-Dividend Option;INF179K013W9;;11.9808;0;0;10-Dec-2015
125458;HDFC FMP 923D November 2013 (1) - Regular Option-Flexi Option;INF179K015W4;;11.9808;0;0;10-Dec-2015
125459;HDFC FMP 923D November 2013 (1) - Regular Option-Growth Option;INF179K012W1;;11.9808;0;0;10-Dec-2015
125456;HDFC FMP 923D November 2013 (1) - Regular Option-Quarterly Dividend Option;INF179K014W7;;10.3954;0;0;10-Dec-2015
105428;HDFC QUARTERLY INTERVAL FUND - PLAN A - RETAIL PLAN - Growth Option;INF179K01GT9;;20.6164;0;0;10-Dec-2015
105429;HDFC QUARTERLY INTERVAL FUND - PLAN A - RETAIL PLAN -Dividend Option;INF179K01GU7;INF179K01GV5;10.1802;0;0;10-Dec-2015
118995;HDFC Quarterly Interval Fund - Plan A-Direct Plan - Retail Dividend Option;INF179K01YE4;INF179K01YF1;10.186;0;0;10-Dec-2015
118996;HDFC Quarterly Interval Fund - Plan A-Direct Plan - Retail Growth Option;INF179K01YD6;;20.6388;0;0;10-Dec-2015

HSBC Mutual Fund
134184;HSBC Capital Protection Oriented Fund - Series II - Plan I - Dividend;INF336L01JY7;;9.8107;9.8107;9.8107;10-Dec-2015
134263;HSBC Capital Protection Oriented Fund - Series II - Plan I - Growth;INF336L01JX9;;9.8107;9.8107;9.8107;10-Dec-2015
134463;HSBC Capital Protection Oriented Fund - Series II - Plan II - Dividend;INF336L01KC1;;9.6706;9.6706;9.6706;10-Dec-2015
134462;HSBC Capital Protection Oriented Fund - Series II - Plan II - Growth;INF336L01KB3;;9.6706;9.6706;9.6706;10-Dec-2015
127188;HSBC Fixed Term Series 105 - Direct Plan Growth Option;INF336L01HK0;;11.7206;11.7206;11.7206;10-Dec-2015
127187;HSBC Fixed Term Series 105 - Dividend Option;INF336L01HJ2;;10.5282;10.5282;10.5282;10-Dec-2015
127185;HSBC Fixed Term Series 105 - Growth Option;INF336L01HI4;;11.6485;11.6485;11.6485;10-Dec-2015
128247;HSBC Fixed Term Series 107 - Direct Plan Growth Option;INF336L01HQ7;;11.6393;11.6393;11.6393;10-Dec-2015
128246;HSBC Fixed Term Series 107 - Dividend Option;INF336L01HT1;;10.5255;10.5255;10.5255;10-Dec-2015
128245;HSBC Fixed Term Series 107 - Growth Option;INF336L01HS3;;11.5711;11.5711;11.5711;10-Dec-2015
128854;HSBC Fixed Term Series 109 - Direct Plan Growth Option;INF336L01HU9;;11.5456;11.5456;11.5456;10-Dec-2015
128853;HSBC Fixed Term Series 109 - Dividend Option;INF336L01HX3;;10.5232;10.5232;10.5232;10-Dec-2015
128852;HSBC Fixed Term Series 109 - Growth Option;INF336L01HW5;;11.485;11.485;11.485;10-Dec-2015
123251;HSBC Fixed Term Series 91-Dividend;INF336L01FU3;;11.2547;11.2547;11.2547;10-Dec-2015
123253;HSBC Fixed Term Series 91-Growth;INF336L01FV1;;12.313;12.313;12.313;10-Dec-2015
123254;HSBC Fixed Term Series 91-Growth Direct;INF336L01FT5;;12.4017;12.4017;12.4017;10-Dec-2015
123718;HSBC Fixed Term Series 94-Dividend;INF336L01FY5;;11.2015;11.2015;11.2015;10-Dec-2015
123716;HSBC Fixed Term Series 94-Growth;NF336L01FZ2;;12.3857;12.3857;12.3857;10-Dec-2015
123717;HSBC Fixed Term Series 94-Growth Direct;INF336L01FX7;;12.4825;12.4825;12.4825;10-Dec-2015
123722;HSBC Fixed Term Series 95-Dividend;INF336L01GC9;;10.2073;10.2073;10.2073;10-Dec-2015
123721;HSBC Fixed Term Series 95-Growth;INF336L01GD7;;12.3945;12.3945;12.3945;10-Dec-2015
123723;HSBC Fixed Term Series 95-Growth Direct;INF336L01GB1;;12.4735;12.4735;12.4735;10-Dec-2015
124013;HSBC Fixed Term Series 96 - Direct Plan Growth Option;INF336L01GF2;;12.4196;12.4196;12.4196;10-Dec-2015
124010;HSBC Fixed Term Series 96 - Dividend Option;INF336L01GG0;;11.1611;11.1611;11.1611;10-Dec-2015
124012;HSBC Fixed Term Series 96 - Growth Option;INF336L01GH8;;12.3245;12.3245;12.3245;10-Dec-2015
124994;HSBC Fixed Term Series 98 - Direct Plan Growth Option;INF336L01GJ4;;12.0934;12.0934;12.0934;10-Dec-2015
124995;HSBC Fixed Term Series 98 - Dividend Option;INF336L01GK2;;11.025;11.025;11.025;10-Dec-2015
124996;HSBC Fixed Term Series 98 - Growth Option;INF336L01GL0;;12.0081;12.0081;12.0081;10-Dec-2015

ICICI Prudential Mutual Fund
115768;ICICI Prudential Capital Protection Oriented Fund - Series V - 60 Months - Cumulative;INF109K01SX3;;16.5073;N.A.;N.A.;10-Dec-2015
115767;ICICI Prudential Capital Protection Oriented Fund - Series V - 60 Months - Dividend;INF109K01SY1;;16.5073;N.A.;N.A.;10-Dec-2015
130181;ICICI Prudential Capital Protection Oriented Fund Series VI -1100 Days Plan B Cumulative Option;INF109KA1XD8;;11.3148;N.A.;N.A.;10-Dec-2015
130183;ICICI Prudential Capital Protection Oriented Fund Series VI- 1100 Days Plan B Direct Plan Cumulative option;INF109KA1XF3;;11.5826;N.A.;N.A.;10-Dec-2015
130182;ICICI Prudential Capital Protection Oriented Fund Series VI- 1100 Days Plan B Direct Plan Dividend Option;INF109KA1XG1;;11.5825;N.A.;N.A.;10-Dec-2015
130184;ICICI Prudential Capital Protection Oriented Fund Series VI- 1100 Days Plan B Dividend Option;INF109KA1XE6;;11.3148;N.A.;N.A.;10-Dec-2015
130333;ICICI Prudential Capital Protection Oriented Fund - Series VI - 1100 Days Plan D Direct Plan Cumulative Option;INF109KA1XX6;;11.5552;N.A.;N.A.;10-Dec-2015
130335;ICICI Prudential Capital Protection Oriented Fund - Series VI - 1100 Days Plan D Direct Plan Dividend Option;INF109KA1XY4;;11.5552;N.A.;N.A.;10-Dec-2015
130334;ICICI Prudential Capital Protection Oriented Fund - Series VI - 1100 Days Plan D Dividend Option;INF109KA1XW8;;11.2954;N.A.;N.A.;10-Dec-2015
130336;ICICI Prudential Capital Protection Oriented Fund - Series VI -1100 Days Plan D Cumulative Option;INF109KA1XV0;;11.2954;N.A.;N.A.;10-Dec-2015
130642;ICICI Prudential Capital Protection Oriented Fund - Series VI - 1100 Days Plan E Cumulative Option;INF109KA1YZ9;;11.1959;N.A.;N.A.;10-Dec-2015
130641;ICICI Prudential Capital Protection Oriented Fund - Series VI - 1100 Days Plan E Direct Plan Cumulative Option;INF109KA1ZB7;;11.4444;N.A.;N.A.;10-Dec-2015
130643;ICICI Prudential Capital Protection Oriented Fund - Series VI - 1100 Days Plan E Dividend Option;INF109KA1ZA9;;11.1959;N.A.;N.A.;10-Dec-2015
130837;ICICI Prudential Capital Protection Oriented Fund - Series VI - 1100 Days Plan F Cumulative Option;INF109KA1A66;;11.0719;N.A.;N.A.;10-Dec-2015
130834;ICICI Prudential Capital Protection Oriented Fund - Series VI - 1100 Days Plan F Direct Plan Cumulative Option;INF109KA1A82;;11.2848;N.A.;N.A.;10-Dec-2015
130835;ICICI Prudential Capital Protection Oriented Fund - Series VI - 1100 Days Plan F Direct Plan Dividend Option;INF109KA1A90;;11.2848;N.A.;N.A.;10-Dec-2015
130836;ICICI Prudential Capital Protection Oriented Fund - Series VI - 1100 Days Plan F Dividend Option;INF109KA1A74;;11.0719;N.A.;N.A.;10-Dec-2015
130872;ICICI Prudential Capital Protection Oriented Fund - Series VI - 1100 Days Plan G Cumulative Option;INF109KA1B08;;11.0119;N.A.;N.A.;10-Dec-2015
130870;ICICI Prudential Capital Protection Oriented Fund - Series VI - 1100 Days Plan G Direct Plan Cumulative Option;INF109KA1B24;;11.2218;N.A.;N.A.;10-Dec-2015
130871;ICICI Prudential Capital Protection Oriented Fund - Series VI - 1100 Days Plan G Direct Plan Dividend Option;INF109KA1B32;;11.2218;N.A.;N.A.;10-Dec-2015
130873;ICICI Prudential Capital Protection Oriented Fund - Series VI - 1100 Days Plan G Dividend Option;INF109KA1B16;;11.0119;N.A.;N.A.;10-Dec-2015
131176;ICICI Prudential Capital Protection Oriented Fund - Series VI - 1100 Days Plan H Cumulative Option;INF109KA1Q01;;10.9657;N.A.;N.A.;10-Dec-2015
131175;ICICI Prudential Capital Protection Oriented Fund - Series VI - 1100 Days Plan H Direct Plan Cumulative Option;INF109KA1Q27;;11.1853;N.A.;N.A.;10-Dec-2015
131177;ICICI Prudential Capital Protection Oriented Fund - Series VI - 1100 Days Plan H Direct Plan Dividend Option;INF109KA1Q35;;11.1853;N.A.;N.A.;10-Dec-2015
131178;ICICI Prudential Capital Protection Oriented Fund - Series VI - 1100 Days Plan H Dividend Option;INF109KA1Q19;;10.9657;N.A.;N.A.;10-Dec-2015
133218;ICICI Prudential Capital Protection Oriented Fund - Series VII - 1284 Days Plan C Cumulative Option;INF109KA18M8;;10.6567;N.A.;N.A.;10-Dec-2015
133216;ICICI Prudential Capital Protection Oriented Fund - Series VII - 1284 Days Plan C Direct Plan Cumulative Option;INF109KA10N3;;10.8026;N.A.;N.A.;10-Dec-2015
133217;ICICI Prudential Capital Protection Oriented Fund - Series VII - 1284 Days Plan C Direct Plan Dividend Option;INF109KA11N1;;10.8026;N.A.;N.A.;10-Dec-2015
133219;ICICI Prudential Capital Protection Oriented Fund - Series VII - 1284 Days Plan C Dividend Option;INF109KA19M6;;10.6567;N.A.;N.A.;10-Dec-2015
133382;ICICI Prudential Capital Protection Oriented Fund - Series VII - 1284 Days Plan E Cumulative Option;INF109KA14P0;;10.3932;N.A.;N.A.;10-Dec-2015
133379;ICICI Prudential Capital Protection Oriented Fund - Series VII - 1284 Days Plan E Direct Plan Cumulative Option;INF109KA16P5;;10.5214;N.A.;N.A.;10-Dec-2015
133380;ICICI Prudential Capital Protection Oriented Fund - Series VII - 1284 Days Plan E Direct Plan Dividend Option;INF109KA17P3;;10.5214;N.A.;N.A.;10-Dec-2015
133381;ICICI Prudential Capital Protection Oriented Fund - Series VII - 1284 Days Plan E Dividend Option;INF109KA15P7;;10.3932;N.A.;N.A.;10-Dec-2015
131455;ICICI Prudential Capital Protection Oriented Fund - Series VII - 1285 Days Plan A Cumulative Option;INF109KA1W29;;10.9157;N.A.;N.A.;10-Dec-2015
131454;ICICI Prudential Capital Protection Oriented Fund - Series VII - 1285 Days Plan A Direct Plan Cumulative Option;INF109KA1W45;;11.0900;N.A.;N.A.;10-Dec-2015
131457;ICICI Prudential Capital Protection Oriented Fund - Series VII - 1285 Days Plan A Direct Plan Dividend Option;INF109KA1W52;;11.0900;N.A.;N.A.;10-Dec-2015
131456;ICICI Prudential Capital Protection Oriented Fund - Series VII - 1285 Days Plan A Dividend Option;INF109KA1W37;;10.9157;N.A.;N.A.;10-Dec-2015
132877;ICICI Prudential Capital Protection Oriented Fund - Series VII - 1285 Days Plan B Cumulative Option;INF109KA14E4;;10.7000;N.A.;N.A.;10-Dec-2015
132875;ICICI Prudential Capital Protection Oriented Fund - Series VII - 1285 Days Plan B Direct Plan Cumulative Option;INF109KA16E9;;10.8636;N.A.;N.A.;10-Dec-2015
132876;ICICI Prudential Capital Protection Oriented Fund - Series VII - 1285 Days Plan B Direct Plan Dividend Option;INF109KA17E7;;10.8636;N.A.;N.A.;10-Dec-2015
132878;ICICI Prudential Capital Protection Oriented Fund - Series VII - 1285 Days Plan B Dividend Option;INF109KA15E1;;10.7000;N.A.;N.A.;10-Dec-2015
133438;ICICI Prudential Capital Protection Oriented Fund - Series VII - 1288 Days Plan F Cumulative Option;INF109KA18Q9;;10.4366;N.A.;N.A.;10-Dec-2015
133436;ICICI Prudential Capital Protection Oriented Fund - Series VII - 1288 Days Plan F Direct Plan Cumulative Option;INF109KA10R4;;10.5670;N.A.;N.A.;10-Dec-2015
133435;ICICI Prudential Capital Protection Oriented Fund - Series VII - 1288 Days Plan F Dividend Option;INF109KA19Q7;;10.4366;N.A.;N.A.;10-Dec-2015
134717;ICICI Prudential Capital Protection Oriented Fund - Series VIII -1101 Days Plan D Cumulative Option;INF109KB1GZ5;;10.2005;N.A.;N.A.;10-Dec-2015
134716;ICICI Prudential Capital Protection Oriented Fund - Series VIII -1101 Days Plan D Direct Plan Cumulative Option;INF109KB1GX0;;10.2799;N.A.;N.A.;10-Dec-2015
134718;ICICI Prudential Capital Protection Oriented Fund - Series VIII -1101 Days Plan D Direct Plan Dividend Option;INF109KB1GY8;;10.2799;N.A.;N.A.;10-Dec-2015
134719;ICICI Prudential Capital Protection Oriented Fund - Series VIII -1101 Days Plan D Dividend Option;INF109KB1HA6;;10.2005;N.A.;N.A.;10-Dec-2015
135108;ICICI Prudential Capital Protection Oriented Fund - Series VIII - 1101 Days Plan G Cumulative Option;INF109KB1KN3;;10.1117;N.A.;N.A.;10-Dec-2015
135109;ICICI Prudential Capital Protection Oriented Fund - Series VIII - 1101 Days Plan G Direct Plan Cumulative Option;INF109KB1KP8;;10.1665;N.A.;N.A.;10-Dec-2015
135110;ICICI Prudential Capital Protection Oriented Fund - Series VIII - 1101 Days Plan G Dividend Option;INF109KB1KO1;;10.1117;N.A.;N.A.;10-Dec-2015
134347;ICICI Prudential Capital Protection Oriented Fund - Series VIII - 1103 Days Plan B Cumulative Option;INF109KB1AT1;;10.3490;N.A.;N.A.;10-Dec-2015
134348;ICICI Prudential Capital Protection Oriented Fund - Series VIII - 1103 Days Plan B Direct Plan Cumulative Option;INF109KB1AV7;;10.4574;N.A.;N.A.;10-Dec-2015
134350;ICICI Prudential Capital Protection Oriented Fund - Series VIII - 1103 Days Plan B Direct Plan Dividend Option;INF109KB1AW5;;10.4574;N.A.;N.A.;10-Dec-2015
134349;ICICI Prudential Capital Protection Oriented Fund - Series VIII - 1103 Days Plan B Dividend Option;INF109KB1AU9;;10.3490;N.A.;N.A.;10-Dec-2015
134544;ICICI Prudential Capital Protection Oriented Fund - Series VIII - 1103 Days Plan C Cumulative Option;INF109KB1DB3;;10.3272;N.A.;N.A.;10-Dec-2015
134541;ICICI Prudential Capital Protection Oriented Fund - Series VIII - 1103 Days Plan C Direct Plan Cumulative Option;INF109KB1DD9;;10.4255;N.A.;N.A.;10-Dec-2015
134543;ICICI Prudential Capital Protection Oriented Fund - Series VIII - 1103 Days Plan C Direct Plan Dividend Option;INF109KB1DE7;;10.4255;N.A.;N.A.;10-Dec-2015
134542;ICICI Prudential Capital Protection Oriented Fund - Series VIII - 1103 Days Plan C Dividend Option;INF109KB1DC1;;10.3272;N.A.;N.A.;10-Dec-2015
134845;ICICI Prudential Capital Protection Oriented Fund - Series VIII -1107 Days Plan E Cumulative Option;INF109KB1HZ3;;10.1780;N.A.;N.A.;10-Dec-2015
134844;ICICI Prudential Capital Protection Oriented Fund - Series VIII -1107 Days Plan E Direct Plan Cumulative Option;INF109KB1IB2;;10.2476;N.A.;N.A.;10-Dec-2015
134842;ICICI Prudential Capital Protection Oriented Fund - Series VIII -1107 Days Plan E Direct Plan Dividend Option;INF109KB1IC0;;10.2476;N.A.;N.A.;10-Dec-2015
134843;ICICI Prudential Capital Protection Oriented Fund - Series VIII -1107 Days Plan E Dividend Option;INF109KB1IA4;;10.1780;N.A.;N.A.;10-Dec-2015
134942;ICICI Prudential Capital Protection Oriented Fund - Series VIII - 1115 Days Plan F Cumulative Option;INF109KB1IX6;;10.1503;N.A.;N.A.;10-Dec-2015
134945;ICICI Prudential Capital Protection Oriented Fund - Series VIII - 1115 Days Plan F Direct Plan Cumulative Option;INF109KB1IZ1;;10.2123;N.A.;N.A.;10-Dec-2015
134943;ICICI Prudential Capital Protection Oriented Fund - Series VIII - 1115 Days Plan F Direct Plan Dividend Option;INF109KB1JA2;;10.2123;N.A.;N.A.;10-Dec-2015
134944;ICICI Prudential Capital Protection Oriented Fund - Series VIII - 1115 Days Plan F Dividend Option;INF109KB1IY4;;10.1503;N.A.;N.A.;10-Dec-2015
118003;ICICI Prudential Capital Protection Oriented Fund III - PLAN A - 36 Months - Cumulative;INF109K01G66;;13.2775;N.A.;N.A.;10-Dec-2015
118004;ICICI Prudential Capital Protection Oriented Fund III - PLAN A - 36 Months - Dividend;INF109K01G74;;13.2775;N.A.;N.A.;10-Dec-2015
118007;ICICI Prudential Capital Protection Oriented Fund III - PLAN B - 60 Months - Cumulative;INF109K01G41;;13.9164;N.A.;N.A.;10-Dec-2015
118008;ICICI Prudential Capital Protection Oriented Fund III - PLAN B - 60 Months - Dividend;INF109K01G58;;13.9164;N.A.;N.A.;10-Dec-2015
118226;ICICI Prudential Capital Protection Oriented Fund III - PLAN C - 36 Months - Cumulative;INF109K01H24;;12.9711;N.A.;N.A.;10-Dec-2015
118227;ICICI Prudential Capital Protection Oriented Fund III - PLAN C - 36 Months - Dividend;INF109K01H32;;12.9711;N.A.;N.A.;10-Dec-2015
118898;ICICI Prudential Capital Protection Oriented Fund III - PLAN D - 36 Months - Cumulative;INF109K01I80;;12.9373;N.A.;N.A.;10-Dec-2015
118900;ICICI Prudential Capital Protection Oriented Fund III - PLAN D - 36 Months - Direct Plan - Cumulative;INF109K01I98;;13.4002;N.A.;N.A.;10-Dec-2015
118897;ICICI Prudential Capital Protection Oriented Fund III - PLAN D - 36 Months - Direct Plan - Dividend;INF109K01J14;;13.4001;N.A.;N.A.;10-Dec-2015
118899;ICICI Prudential Capital Protection Oriented Fund III - PLAN D - 36 Months - Dividend;INF109K01J06;;12.9373;N.A.;N.A.;10-Dec-2015
120813;ICICI Prudential Capital Protection Oriented Fund III - PLAN E - 60 Months - Cumulative;INF109K01K03;;13.8556;N.A.;N.A.;10-Dec-2015
120814;ICICI Prudential Capital Protection Oriented Fund III - PLAN E - 60 Months - Direct Plan - Cumulative;INF109K01K29;;14.3347;N.A.;N.A.;10-Dec-2015
120815;ICICI Prudential Capital Protection Oriented Fund III - PLAN E - 60 Months - Direct Plan - Dividend;INF109K01K37;;14.3347;N.A.;N.A.;10-Dec-2015
120812;ICICI Prudential Capital Protection Oriented Fund III - PLAN E - 60 Months - Dividend;INF109K01K11;;13.8556;N.A.;N.A.;10-Dec-2015
121089;ICICI Prudential Capital Protection Oriented Fund III - PLAN F - 36 Months - Cumulative;INF109K011F3;;12.9371;N.A.;N.A.;10-Dec-2015
121087;ICICI Prudential Capital Protection Oriented Fund III - PLAN F - 36 Months - Direct Plan - Cumulative;INF109K013F9;;13.3847;N.A.;N.A.;10-Dec-2015
121088;ICICI Prudential Capital Protection Oriented Fund III - PLAN F - 36 Months - Direct Plan - Dividend;INF109K014F7;;13.3847;N.A.;N.A.;10-Dec-2015
121090;ICICI Prudential Capital Protection Oriented Fund III - PLAN F - 36 Months - Dividend;INF109K012F1;;12.9371;N.A.;N.A.;10-Dec-2015
121145;ICICI Prudential Capital Protection Oriented Fund III - PLAN G - 60 Months - Cumulative;INF109K017I4;;13.6356;N.A.;N.A.;10-Dec-2015
121144;ICICI Prudential Capital Protection Oriented Fund III - PLAN G - 60 Months - Direct Plan - Cumulative;INF109K019I0;;14.0792;N.A.;N.A.;10-Dec-2015
121143;ICICI Prudential Capital Protection Oriented Fund III - PLAN G - 60 Months - Dividend;INF109K018I2;;13.6356;N.A.;N.A.;10-Dec-2015
121795;ICICI Prudential Capital Protection Oriented Fund III - PLAN H - 60 Months - Cumulative;INF109K013V6;;13.6602;N.A.;N.A.;10-Dec-2015
121794;ICICI Prudential Capital Protection Oriented Fund III - PLAN H - 60 Months - Direct Plan - Cumulative;INF109K015V1;;14.0743;N.A.;N.A.;10-Dec-2015
121793;ICICI Prudential Capital Protection Oriented Fund III - PLAN H - 60 Months - Direct Plan - Dividend;INF109K016V9;;14.0743;N.A.;N.A.;10-Dec-2015
121796;ICICI Prudential Capital Protection Oriented Fund III - PLAN H - 60 Months - Dividend;INF109K014V4;;13.6602;N.A.;N.A.;10-Dec-2015
122956;ICICI Prudential Capital Protection Oriented Fund IV - PLAN A - 60 Months - Cumulative;INF109KA1863;;13.9387;N.A.;N.A.;10-Dec-2015
122954;ICICI Prudential Capital Protection Oriented Fund IV - PLAN A - 60 Months - Direct Plan - Cumulative;INF109KA1848;;14.2810;N.A.;N.A.;10-Dec-2015
122957;ICICI Prudential Capital Protection Oriented Fund IV - PLAN A - 60 Months - Dividend;INF109KA1871;;13.9387;N.A.;N.A.;10-Dec-2015
123561;ICICI Prudential Capital Protection Oriented Fund IV - PLAN C - 60 Months - Cumulative;INF109KA1BR4;;13.6486;N.A.;N.A.;10-Dec-2015
123559;ICICI Prudential Capital Protection Oriented Fund IV - PLAN C - 60 Months - Direct Plan - Cumulative;INF109KA1BP8;;13.9782;N.A.;N.A.;10-Dec-2015
123560;ICICI Prudential Capital Protection Oriented Fund IV - PLAN C - 60 Months - Direct Plan - Dividend;INF109KA1BQ6;;13.9782;N.A.;N.A.;10-Dec-2015
123562;ICICI Prudential Capital Protection Oriented Fund IV - PLAN C - 60 Months - Dividend;INF109KA1BS2;;13.6486;N.A.;N.A.;10-Dec-2015
124468;ICICI Prudential Capital Protection Oriented Fund IV - PLAN D - 60 Months - Cumulative;INF109KA1EF3;;13.2929;N.A.;N.A.;10-Dec-2015
124467;ICICI Prudential Capital Protection Oriented Fund IV - PLAN D - 60 Months - Direct Plan - Cumulative;INF109KA1ED8;;13.7112;N.A.;N.A.;10-Dec-2015
124469;ICICI Prudential Capital Protection Oriented Fund IV - PLAN D - 60 Months - Direct Plan - Dividend;INF109KA1EE6;;13.7112;N.A.;N.A.;10-Dec-2015
124470;ICICI Prudential Capital Protection Oriented Fund IV - PLAN D - 60 Months - Dividend;INF109KA1EG1;;13.2929;N.A.;N.A.;10-Dec-2015
124795;ICICI Prudential Capital Protection Oriented Fund IV - PLAN E - 36 Months - Cumulative;INF109KA1FN4;;12.7470;N.A.;N.A.;10-Dec-2015
124797;ICICI Prudential Capital Protection Oriented Fund IV - PLAN E - 36 Months - Direct Plan - Cumulative;INF109KA1FP9;;13.1011;N.A.;N.A.;10-Dec-2015
124794;ICICI Prudential Capital Protection Oriented Fund IV - PLAN E - 36 Months - Direct Plan - Dividend;INF109KA1FQ7;;13.1011;N.A.;N.A.;10-Dec-2015
124796;ICICI Prudential Capital Protection Oriented Fund IV - PLAN E - 36 Months - Dividend;INF109KA1FO2;;12.7470;N.A.;N.A.;10-Dec-2015
125186;ICICI Prudential Capital Protection Oriented Fund IV - PLAN F - 60 Months - Cumulative;INF109KA1GN2;;13.1150;N.A.;N.A.;10-Dec-2015
125184;ICICI Prudential Capital Protection Oriented Fund IV - PLAN F - 60 Months - Direct Plan - Cumulative;INF109KA1GP7;;13.4696;N.A.;N.A.;10-Dec-2015
125185;ICICI Prudential Capital Protection Oriented Fund IV - PLAN F - 60 Months - Direct Plan - Dividend;INF109KA1GQ5;;13.4696;N.A.;N.A.;10-Dec-2015
125187;ICICI Prudential Capital Protection Oriented Fund IV - PLAN F - 60 Months - Dividend;INF109KA1GO0;;13.1150;N.A.;N.A.;10-Dec-2015
125576;ICICI Prudential Capital Protection Oriented Fund IV - PLAN G - 60 Months plan - Cumulative;INF109KA1HR1;;12.9484;N.A.;N.A.;10-Dec-2015
125577;ICICI Prudential Capital Protection Oriented Fund IV - PLAN G - 60 Months Plan - Direct Plan - Cumulative;INF109KA1HT7;;13.2723;N.A.;N.A.;10-Dec-2015
125578;ICICI Prudential Capital Protection Oriented Fund IV - PLAN G - 60 Months Plan - Direct Plan - Dividend;INF109KA1HU5;;13.2723;N.A.;N.A.;10-Dec-2015
125575;ICICI Prudential Capital Protection Oriented Fund IV - PLAN G - 60 Months Plan - Dividend;INF109KA1HS9;;12.9484;N.A.;N.A.;10-Dec-2015
125818;ICICI Prudential Capital Protection Oriented Fund IV - PLAN H - 36 Months plan - Cumulative;INF109KA1IP3;;12.4818;N.A.;N.A.;10-Dec-2015
125820;ICICI Prudential Capital Protection Oriented Fund IV - PLAN H - 36 Months Plan - Direct Plan - Cumulative;INF109KA1IR9;;12.7886;N.A.;N.A.;10-Dec-2015
125817;ICICI Prudential Capital Protection Oriented Fund IV - PLAN H - 36 Months Plan - Direct Plan - Dividend;INF109KA1IS7;;12.7886;N.A.;N.A.;10-Dec-2015
125819;ICICI Prudential Capital Protection Oriented Fund IV - PLAN H - 36 Months Plan - Dividend;INF109KA1IQ1;;12.4818;N.A.;N.A.;10-Dec-2015
135494;ICICI Prudential Capital Protection Oriented Fund - Series IX - 1101 Days Plan A Cumulative Option;INF109KB1NT4;;10.0029;N.A.;N.A.;10-Dec-2015
135495;ICICI Prudential Capital Protection Oriented Fund - Series IX - 1101 Days Plan A Direct Plan Cumulative Option;INF109KB1NV0;;10.0223;N.A.;N.A.;10-Dec-2015
135493;ICICI Prudential Capital Protection Oriented Fund - Series IX - 1101 Days Plan A Direct Plan Dividend Option;INF109KB1NW8;;10.0223;N.A.;N.A.;10-Dec-2015
135496;ICICI Prudential Capital Protection Oriented Fund - Series IX - 1101 Days Plan A Dividend Option;INF109KB1NU2;;10.0029;N.A.;N.A.;10-Dec-2015
135545;ICICI Prudential Capital Protection Oriented Fund - Series IX -1103 Days Plan B Cumulative Option;INF109KB1OB0;;9.9958;N.A.;N.A.;10-Dec-2015
135546;ICICI Prudential Capital Protection Oriented Fund - Series IX -1103 Days Plan B Direct Plan Cumulative Option;INF109KB1OD6;;10.0116;N.A.;N.A.;10-Dec-2015
135543;ICICI Prudential Capital Protection Oriented Fund - Series IX -1103 Days Plan B Direct Plan Dividend Option;INF109KB1OE4;;10.0116;N.A.;N.A.;10-Dec-2015
135544;ICICI Prudential Capital Protection Oriented Fund - Series IX -1103 Days Plan B Dividend Option;INF109KB1OC8;;9.9958;N.A.;N.A.;10-Dec-2015
126232;ICICI Prudential Capital Protection Oriented Fund V - PLAN A - 5 Years Plan - Cumulative;INF109KA1KD5;;12.6493;N.A.;N.A.;10-Dec-2015
126231;ICICI Prudential Capital Protection Oriented Fund V - PLAN A - 5 Years Plan - Direct Plan - Cumulative;INF109KA1KF0;;12.9549;N.A.;N.A.;10-Dec-2015
126234;ICICI Prudential Capital Protection Oriented Fund V - PLAN A - 5 Years Plan - Direct Plan - Dividend;INF109KA1KG8;;12.9549;N.A.;N.A.;10-Dec-2015
126233;ICICI Prudential Capital Protection Oriented Fund V - PLAN A - 5 Years Plan - Dividend;INF109KA1KE3;;12.6493;N.A.;N.A.;10-Dec-2015
126566;ICICI Prudential Capital Protection Oriented Fund V - PLAN B - 1100 Days - Cumulative;INF109KA1LF8;;12.4734;N.A.;N.A.;10-Dec-2015
126564;ICICI Prudential Capital Protection Oriented Fund V - PLAN B - 1100 Days - Direct Plan - Cumulative;INF109KA1LH4;;12.7730;N.A.;N.A.;10-Dec-2015
126565;ICICI Prudential Capital Protection Oriented Fund V - PLAN B - 1100 Days - Direct Plan - Dividend;INF109KA1LI2;;12.7730;N.A.;N.A.;10-Dec-2015
126567;ICICI Prudential Capital Protection Oriented Fund V - PLAN B - 1100 Days - Dividend;INF109KA1LG6;;12.4734;N.A.;N.A.;10-Dec-2015
126905;ICICI Prudential Capital Protection Oriented Fund V - PLAN C - 1825 Days - Cumulative;INF109KA1MN0;;12.7159;N.A.;N.A.;10-Dec-2015
126904;ICICI Prudential Capital Protection Oriented Fund V - PLAN C - 1825 Days - Direct Plan - Cumulative;INF109KA1ML4;;13.0164;N.A.;N.A.;10-Dec-2015
126902;ICICI Prudential Capital Protection Oriented Fund V - PLAN C - 1825 Days - Direct Plan - Dividend;INF109KA1MM2;;13.0164;N.A.;N.A.;10-Dec-2015
126903;ICICI Prudential Capital Protection Oriented Fund V - PLAN C - 1825 Days - Dividend;INF109KA1MO8;;12.7159;N.A.;N.A.;10-Dec-2015
128210;ICICI Prudential Capital Protection Oriented Fund V - PLAN D - 1100 Days - Cumulative;INF109KA1QF7;;12.0081;N.A.;N.A.;10-Dec-2015
128212;ICICI Prudential Capital Protection Oriented Fund V - PLAN D - 1100 Days - Direct Plan - Cumulative;INF109KA1QH3;;12.2802;N.A.;N.A.;10-Dec-2015
128209;ICICI Prudential Capital Protection Oriented Fund V - PLAN D - 1100 Days - Direct Plan - Dividend;INF109KA1QI1;;12.2802;N.A.;N.A.;10-Dec-2015
128211;ICICI Prudential Capital Protection Oriented Fund V - PLAN D - 1100 Days - Dividend;INF109KA1QG5;;12.0081;N.A.;N.A.;10-Dec-2015
129071;ICICI Prudential Capital Protection Oriented Fund V - PLAN E- 1100 Days - Cumulative;INF109KA1SJ5;;11.9054;N.A.;N.A.;10-Dec-2015
129070;ICICI Prudential Capital Protection Oriented Fund V - PLAN E- 1100 Days - Direct Plan - Cumulative;INF109KA1SL1;;12.1926;N.A.;N.A.;10-Dec-2015
129072;ICICI Prudential Capital Protection Oriented Fund V - PLAN E- 1100 Days - Dividend;INF109KA1SK3;;11.9054;N.A.;N.A.;10-Dec-2015
129738;ICICI Prudential Capital Protection Oriented Fund V -Plan F -1100 Days Direct Plan Cumulative Option;INF109KA1VL5;;11.8478;N.A.;N.A.;10-Dec-2015
129737;ICICI Prudential Capital Protection Oriented Fund V- Plan F - 1100 Days -Dividend Option;INF109KA1VK7;;11.5655;N.A.;N.A.;10-Dec-2015
129740;ICICI Prudential Capital Protection Oriented Fund V- Plan F -1100 Days Direct Plan Dividend Option;INF109KA1VM3;;11.8478;N.A.;N.A.;10-Dec-2015
129739;ICICI Prudential Capital Protection Oriented Fund V- Plan F- 1100 Days -Cumulative Option;INF109KA1VJ9;;11.5655;N.A.;N.A.;10-Dec-2015
129857;ICICI Prudential Capital Protection Oriented Fund Series VI -1825 Days Plan A Cumulative Option;INF109KA1VV4;;11.7246;N.A.;N.A.;10-Dec-2015
129859;ICICI Prudential Capital Protection Oriented Fund Series VI- 1825 Days Plan A Direct Plan Cumulative option;INF109KA1VX0;;12.0241;N.A.;N.A.;10-Dec-2015
129860;ICICI Prudential Capital Protection Oriented Fund Series VI- 1825 Days Plan A Direct Plan Dividend Option;INF109KA1VY8;;12.0241;N.A.;N.A.;10-Dec-2015
129858;ICICI Prudential Capital Protection Oriented Fund Series VI- 1825 Days Plan A Dividend Option;INF109KA1VW2;;11.7246;N.A.;N.A.;10-Dec-2015
130220;ICICI Prudential Capital Protection Oriented Fund Series VI -1825 Days Plan C Direct Plan Cumulative Option;INF109KA1XJ5;;11.7478;N.A.;N.A.;10-Dec-2015
130219;ICICI Prudential Capital Protection Oriented Fund Series VI- 1825 Days Plan C Cumulative Option;INF109KA1XH9;;11.4851;N.A.;N.A.;10-Dec-2015
130221;ICICI Prudential Capital Protection Oriented Fund Series VI- 1825 Days Plan C Direct Plan Dividend option;INF109KA1XK3;;11.7478;N.A.;N.A.;10-Dec-2015
130222;ICICI Prudential Capital Protection Oriented Fund Series VI- 1825 Days Plan C Dividend Option;INF109KA1XI7;;11.4851;N.A.;N.A.;10-Dec-2015
133293;ICICI Prudential Capital Protection Oriented Fund - Series VII - 1822 Days Plan D Cumulative Option;INF109KA10P8;;10.5621;N.A.;N.A.;10-Dec-2015
133295;ICICI Prudential Capital Protection Oriented Fund - Series VII - 1822 Days Plan D Direct Plan Cumulative Option;INF109KA12P4;;10.7106;N.A.;N.A.;10-Dec-2015
133294;ICICI Prudential Capital Protection Oriented Fund - Series VII - 1822 Days Plan D Direct Plan Dividend Option;INF109KA13P2;;10.7106;N.A.;N.A.;10-Dec-2015
133296;ICICI Prudential Capital Protection Oriented Fund - Series VII - 1822 Days Plan D Dividend Option;INF109KA11P6;;10.5621;N.A.;N.A.;10-Dec-2015
133636;ICICI Prudential Capital Protection Oriented Fund - Series VII - 1285 Days Plan G Cumulative Option;INF109KA18T3;;10.3797;N.A.;N.A.;10-Dec-2015
133639;ICICI Prudential Capital Protection Oriented Fund - Series VII - 1285 Days Plan G Direct Plan Cumulative Option;INF109KA10U8;;10.4948;N.A.;N.A.;10-Dec-2015
133637;ICICI Prudential Capital Protection Oriented Fund - Series VII - 1285 Days Plan G Dividend Option;INF109KA19T1;;10.3797;N.A.;N.A.;10-Dec-2015
133861;ICICI Prudential Capital Protection Oriented Fund - Series VII - 1284 Days Plan H Cumulative Option;INF109KA14X4;;10.3036;N.A.;N.A.;10-Dec-2015
133864;ICICI Prudential Capital Protection Oriented Fund - Series VII - 1284 Days Plan H Direct Plan Cumulative Option;INF109KA16X9;;10.4153;N.A.;N.A.;10-Dec-2015
133863;ICICI Prudential Capital Protection Oriented Fund - Series VII - 1284 Days Plan H Direct Plan Dividend Option;INF109KA17X7;;10.4153;N.A.;N.A.;10-Dec-2015
133862;ICICI Prudential Capital Protection Oriented Fund - Series VII - 1284 Days Plan H Dividend Option;INF109KA15X1;;10.3036;N.A.;N.A.;10-Dec-2015
134021;ICICI Prudential Capital Protection Oriented Fund - Series VIII - 1300 Days Plan A Cumulative Option;INF109KB1250;;10.2997;N.A.;N.A.;10-Dec-2015
134018;ICICI Prudential Capital Protection Oriented Fund - Series VIII - 1300 Days Plan A Direct Plan Cumulative Option;INF109KB1276;;10.4053;N.A.;N.A.;10-Dec-2015
134020;ICICI Prudential Capital Protection Oriented Fund - Series VIII - 1300 Days Plan A Dividend Option;INF109KB1268;;10.2997;N.A.;N.A.;10-Dec-2015
135179;ICICI Prudential Capital Protection Oriented Fund - Series VIII -1105 Days Plan H Cumulative Option;INF109KB1KZ7;;10.1345;N.A.;N.A.;10-Dec-2015
135181;ICICI Prudential Capital Protection Oriented Fund - Series VIII -1105 Days Plan H Direct Plan Cumulative Option;INF109KB1LB6;;10.1853;N.A.;N.A.;10-Dec-2015
135182;ICICI Prudential Capital Protection Oriented Fund - Series VIII -1105 Days Plan H Direct Plan Dividend Option;INF109KB1LC4;;10.1853;N.A.;N.A.;10-Dec-2015
135180;ICICI Prudential Capital Protection Oriented Fund - Series VIII -1105 Days Plan H Dividend Option;INF109KB1LA8;;10.1345;N.A.;N.A.;10-Dec-2015
135195;ICICI Prudential Capital Protection Oriented Fund - Series VIII - 1290 Days Plan I Cumulative Option;INF109KB1LL5;;10.1846;N.A.;N.A.;10-Dec-2015
135192;ICICI Prudential Capital Protection Oriented Fund - Series VIII - 1290 Days Plan I Direct Plan Cumulative Option;INF109KB1LN1;;10.2334;N.A.;N.A.;10-Dec-2015
135194;ICICI Prudential Capital Protection Oriented Fund - Series VIII - 1290 Days Plan I Direct Plan Dividend Option;INF109KB1LO9;;10.2334;N.A.;N.A.;10-Dec-2015
135193;ICICI Prudential Capital Protection Oriented Fund - Series VIII - 1290 Days Plan I Dividend Option;INF109KB1LM3;;10.1846;N.A.;N.A.;10-Dec-2015
135219;ICICI Prudential Capital Protection Oriented Fund - Series VIII -1284 Days Plan J Cumulative Option;INF109KB1LR2;;10.2122;N.A.;N.A.;10-Dec-2015
135220;ICICI Prudential Capital Protection Oriented Fund - Series VIII -1284 Days Plan J Direct Plan Cumulative Option;INF109KB1LT8;;10.2584;N.A.;N.A.;10-Dec-2015
135218;ICICI Prudential Capital Protection Oriented Fund - Series VIII -1284 Days Plan J Direct Plan Dividend Option;INF109KB1LU6;;10.2584;N.A.;N.A.;10-Dec-2015
135221;ICICI Prudential Capital Protection Oriented Fund - Series VIII -1284 Days Plan J Dividend Option;INF109KB1LS0;;10.2122;N.A.;N.A.;10-Dec-2015
128989;ICICI Prudential Fixed Maturity Plan-Corporate Bond Series A-750 Days - Cumulative Option;INF109KA1SF3;;11.6093;N.A.;N.A.;10-Dec-2015
128991;ICICI Prudential Fixed Maturity Plan-Corporate Bond Series A-750 Days - Direct Plan-Cumulative Option;INF109KA1SH9;;11.7052;N.A.;N.A.;10-Dec-2015
130806;ICICI Prudential Fixed Maturity Plan - Corporate Bond Series B - 1100 Days - Cumulative Option;INF109KA1ZU7;;11.5217;N.A.;N.A.;10-Dec-2015
130803;ICICI Prudential Fixed Maturity Plan - Corporate Bond Series B - 1100 Days - Direct Plan - Cumulative Option;INF109KA1ZW3;;11.5897;N.A.;N.A.;10-Dec-2015
130804;ICICI Prudential Fixed Maturity Plan - Corporate Bond Series B - 1100 Days - Direct Plan - Dividend Option;INF109KA1ZX1;;11.5897;N.A.;N.A.;10-Dec-2015
130805;ICICI Prudential Fixed Maturity Plan - Corporate Bond Series B - 1100 Days - Dividend Option;INF109KA1ZV5;;11.5217;N.A.;N.A.;10-Dec-2015
130404;ICICI Prudential Fixed Maturity Plan - Series - 74 -367 days Plan Z Cumulative Option;INF109KB1JF1;;11.2639;N.A.;N.A.;10-Dec-2015
130403;ICICI Prudential Fixed Maturity Plan - Series -74 - 367 Days Plan Z Direct Plan Dividend Option;INF109KB1JI5;;11.2230;N.A.;N.A.;10-Dec-2015
130405;ICICI Prudential Fixed Maturity Plan - Series -74 - 367 Days Plan Z Dividend Option;INF109KB1JG9;;11.2122;N.A.;N.A.;10-Dec-2015
130402;ICICI Prudential Fixed Maturity Plan - Series 74 - 367 Days Plan Z Direct Plan Cumulative Option;INF109KB1JH7;;11.2748;N.A.;N.A.;10-Dec-2015
123545;ICICI Prudential Fixed Maturity Plan-Series 69-1821 Days Plan I - Cumulative;INF109KA1BV6;;12.4323;N.A.;N.A.;10-Dec-2015
123543;ICICI Prudential Fixed Maturity Plan-Series 69-1821 Days Plan I - Direct Plan - Cumulative;INF109KA1BT0;;12.5547;N.A.;N.A.;10-Dec-2015
123544;ICICI Prudential Fixed Maturity Plan-Series 69-1821 Days Plan I - Direct Plan - Dividend;INF109KA1BU8;;11.4389;N.A.;N.A.;10-Dec-2015
123546;ICICI Prudential Fixed Maturity Plan-Series 69-1821 Days Plan I - Dividend;INF109KA1BW4;;11.3932;N.A.;N.A.;10-Dec-2015
125318;ICICI Prudential Fixed Maturity Plan-Series 71-366 Days Plan C - Cumulative;INF109KA10H5;;11.9445;N.A.;N.A.;10-Dec-2015
125320;ICICI Prudential Fixed Maturity Plan-Series 71-366 Days Plan C - Direct Plan - Cumulative;INF109KA18G0;;11.9641;N.A.;N.A.;10-Dec-2015
125319;ICICI Prudential Fixed Maturity Plan-Series 71-366 Days Plan C - Dividend;INF109KA11H3;;11.0386;N.A.;N.A.;10-Dec-2015
125316;ICICI Prudential Fixed Maturity Plan-Series 71-547 Days Plan B - Cumulative;INF109KB1FF9;;11.9756;N.A.;N.A.;10-Dec-2015
125314;ICICI Prudential Fixed Maturity Plan-Series 71-547 Days Plan B - Direct Plan - Cumulative;INF109KB1FH5;;12.0187;N.A.;N.A.;10-Dec-2015
125315;ICICI Prudential Fixed Maturity Plan-Series 71-547 Days Plan B - Direct Plan - Dividend;INF109KB1FI3;;11.9662;N.A.;N.A.;10-Dec-2015
126817;ICICI Prudential Fixed Maturity Plan-Series 72-366 Days Plan K - Cumulative;INF109KA18V9;;11.7601;N.A.;N.A.;10-Dec-2015
126815;ICICI Prudential Fixed Maturity Plan-Series 72-366 Days Plan K - Direct Plan - Cumulative;INF109KA10W4;;11.7813;N.A.;N.A.;10-Dec-2015
126816;ICICI Prudential Fixed Maturity Plan-Series 72-366 Days Plan K - Direct Plan - Dividend;INF109KA11W2;;11.7274;N.A.;N.A.;10-Dec-2015
127726;ICICI Prudential Fixed Maturity Plan-Series 73-1140 Days Plan E - Cumulative;INF109KA1OV9;;11.8742;N.A.;N.A.;10-Dec-2015
127724;ICICI Prudential Fixed Maturity Plan-Series 73-1140 Days Plan E - Direct Plan - Cumulative;INF109KA1OX5;;11.9314;N.A.;N.A.;10-Dec-2015
127725;ICICI Prudential Fixed Maturity Plan-Series 73-1140 Days Plan E - Direct Plan - Dividend;INF109KA1OY3;;11.3194;N.A.;N.A.;10-Dec-2015
127727;ICICI Prudential Fixed Maturity Plan-Series 73-1140 Days Plan E - Dividend;INF109KA1OW7;;11.2764;N.A.;N.A.;10-Dec-2015
130330;ICICI Prudential Fixed Maturity Plan - Series 74 - 368 Days Plan Y Cumulative Option;INF109KB1JB0;;11.2855;N.A.;N.A.;10-Dec-2015
130331;ICICI Prudential Fixed Maturity Plan - Series 74 - 368 Days Plan Y Direct Plan Cumulative Option;INF109KB1JD6;;11.2970;N.A.;N.A.;10-Dec-2015
130329;ICICI Prudential Fixed Maturity Plan - Series 74 - 368 Days Plan Y Dividend Option;INF109KB1JC8;;11.0266;N.A.;N.A.;10-Dec-2015
130316;ICICI Prudential Fixed Maturity Plan - Series 74 - 370 Days Plan X Cumulative Option;INF109KB1JJ3;;11.2973;N.A.;N.A.;10-Dec-2015
130315;ICICI Prudential Fixed Maturity Plan - Series 74 - 370 Days Plan X Direct Plan Cumulative Option;INF109KB1JL9;;11.3088;N.A.;N.A.;10-Dec-2015
130318;ICICI Prudential Fixed Maturity Plan - Series 74 - 370 Days Plan X Dividend Option;INF109KB1JK1;;11.0332;N.A.;N.A.;10-Dec-2015
130062;ICICI Prudential Fixed Maturity Plan - Series 74 - 9 Years Plan U Direct Plan IDCW Option;INF109KA1WP4;;10.5636;N.A.;N.A.;10-Dec-2015
130064;ICICI Prudential Fixed Maturity Plan - Series 74 -9 Years Plan U Direct Plan Cumulative Option;INF109KA1WO7;;10.5636;N.A.;N.A.;10-Dec-2015
130063;ICICI Prudential Fixed Maturity Plan -Series 74 -9 Years Plan U Cumulative Option;INF109KA1WM1;;10.4983;N.A.;N.A.;10-Dec-2015
130061;ICICI Prudential Fixed Maturity Plan -Series 74 -9 Years Plan U IDCW Option;INF109KA1WN9;;10.4983;N.A.;N.A.;10-Dec-2015
131016;ICICI Prudential Fixed Maturity Plan - Series 75 - 1100 Days Plan F Cumulative Option;INF109KA1K23;;11.2971;N.A.;N.A.;10-Dec-2015
131014;ICICI Prudential Fixed Maturity Plan - Series 75 - 1100 Days Plan F Direct Plan Cumulative Option;INF109KA1K49;;11.3609;N.A.;N.A.;10-Dec-2015
131017;ICICI Prudential Fixed Maturity Plan - Series 75 - 1100 Days Plan F Dividend Option;INF109KA1K31;;11.2971;N.A.;N.A.;10-Dec-2015
131008;ICICI Prudential Fixed Maturity Plan - Series 75 - 1100 Days Plan G Cumulative Option;INF109KA1K64;;11.4530;N.A.;N.A.;10-Dec-2015
131007;ICICI Prudential Fixed Maturity Plan - Series 75 - 1100 Days Plan G Direct Plan Cumulative Option;INF109KA1K80;;11.5166;N.A.;N.A.;10-Dec-2015
131006;ICICI Prudential Fixed Maturity Plan - Series 75 - 1100 Days Plan G Direct Plan Dividend Option;INF109KA1K98;;11.5166;N.A.;N.A.;10-Dec-2015
131009;ICICI Prudential Fixed Maturity Plan - Series 75 - 1100 Days Plan G Dividend Option;INF109KA1K72;;11.4530;N.A.;N.A.;10-Dec-2015
131112;ICICI Prudential Fixed Maturity Plan - Series 75 - 1100 Days Plan H Cumulative Option;INF109KA1P69;;11.2523;N.A.;N.A.;10-Dec-2015
131111;ICICI Prudential Fixed Maturity Plan - Series 75 - 1100 Days Plan H Direct Plan Cumulative Option;INF109KA1P85;;11.3108;N.A.;N.A.;10-Dec-2015
131109;ICICI Prudential Fixed Maturity Plan - Series 75 - 1100 Days Plan H Direct Plan Dividend Option;INF109KA1P93;;11.3108;N.A.;N.A.;10-Dec-2015
131110;ICICI Prudential Fixed Maturity Plan - Series 75 - 1100 Days Plan H Dividend Option;INF109KA1P77;;11.2523;N.A.;N.A.;10-Dec-2015
131195;ICICI Prudential Fixed Maturity Plan - Series 75 - 1100 Days Plan I Cumulative Option;INF109KA1R26;;11.4119;N.A.;N.A.;10-Dec-2015
131197;ICICI Prudential Fixed Maturity Plan - Series 75 - 1100 Days Plan I Direct Plan Cumulative Option;INF109KA1R42;;11.4759;N.A.;N.A.;10-Dec-2015
131198;ICICI Prudential Fixed Maturity Plan - Series 75 - 1100 Days Plan I Direct Plan Dividend Option;INF109KA1R59;;11.4759;N.A.;N.A.;10-Dec-2015
131196;ICICI Prudential Fixed Maturity Plan - Series 75 - 1100 Days Plan I Dividend Option;INF109KA1R34;;11.4119;N.A.;N.A.;10-Dec-2015
131311;ICICI Prudential Fixed Maturity Plan - Series 75 - 1100 Days Plan J Cumulative Option;INF109KA1T40;;11.1923;N.A.;N.A.;10-Dec-2015
131310;ICICI Prudential Fixed Maturity Plan - Series 75 - 1100 Days Plan J Direct Plan Cumulative Option;INF109KA1T65;;11.2538;N.A.;N.A.;10-Dec-2015
131309;ICICI Prudential Fixed Maturity Plan - Series 75 - 1100 Days Plan J Direct Plan Dividend Option;INF109KA1T73;;11.2538;N.A.;N.A.;10-Dec-2015
131312;ICICI Prudential Fixed Maturity Plan - Series 75 - 1100 Days Plan J Dividend Option;INF109KA1T57;;11.1923;N.A.;N.A.;10-Dec-2015
131601;ICICI Prudential Fixed Maturity Plan - Series 75 - 1100 Days Plan N Cumulative Option;INF109KA18A3;;11.0518;N.A.;N.A.;10-Dec-2015
131599;ICICI Prudential Fixed Maturity Plan - Series 75 - 1100 Days Plan N Direct Plan Cumulative Option;INF109KA10B8;;11.0579;N.A.;N.A.;10-Dec-2015
131600;ICICI Prudential Fixed Maturity Plan - Series 75 - 1100 Days Plan N Dividend Option;INF109KA19A1;;11.0518;N.A.;N.A.;10-Dec-2015
131603;ICICI Prudential Fixed Maturity Plan - Series 75 - 1100 Days Plan O Cumulative Option;INF109KA12B4;;11.1135;N.A.;N.A.;10-Dec-2015
131602;ICICI Prudential Fixed Maturity Plan - Series 75 - 1100 Days Plan O Direct Plan Cumulative Option;INF109KA14B0;;11.1247;N.A.;N.A.;10-Dec-2015
131604;ICICI Prudential Fixed Maturity Plan - Series 75 - 1100 Days Plan O Dividend Option;INF109KA13B2;;11.1135;N.A.;N.A.;10-Dec-2015
132837;ICICI Prudential Fixed Maturity Plan - Series 75 - 1100 Days Plan Q Cumulative Option;INF109KA10E2;;11.1439;N.A.;N.A.;10-Dec-2015
132834;ICICI Prudential Fixed Maturity Plan - Series 75 - 1100 Days Plan Q Direct Plan Cumulative Option;INF109KA12E8;;11.1966;N.A.;N.A.;10-Dec-2015
132835;ICICI Prudential Fixed Maturity Plan - Series 75 - 1100 Days Plan Q Direct Plan Dividend Option;INF109KA13E6;;11.1966;N.A.;N.A.;10-Dec-2015
132836;ICICI Prudential Fixed Maturity Plan - Series 75 - 1100 Days Plan Q Dividend Option;INF109KA11E0;;11.1439;N.A.;N.A.;10-Dec-2015
132901;ICICI Prudential Fixed Maturity Plan - Series 75 - 1100 Days Plan R Cumulative Option;INF109KA18E5;;11.0077;N.A.;N.A.;10-Dec-2015
132900;ICICI Prudential Fixed Maturity Plan - Series 75 - 1100 Days Plan R Direct Plan Cumulative Option;INF109KA10F9;;11.0136;N.A.;N.A.;10-Dec-2015
132902;ICICI Prudential Fixed Maturity Plan - Series 75 - 1100 Days Plan R Dividend Option;INF109KA19E3;;11.0077;N.A.;N.A.;10-Dec-2015
133006;ICICI Prudential Fixed Maturity Plan - Series 75 - 1100 Days Plan T Cumulative Option;INF109KA14F1;;10.9748;N.A.;N.A.;10-Dec-2015
133005;ICICI Prudential Fixed Maturity Plan - Series 75 - 1100 Days Plan T Direct Plan Cumulative Option;INF109KA12F5;;10.9806;N.A.;N.A.;10-Dec-2015
133003;ICICI Prudential Fixed Maturity Plan - Series 75 - 1100 Days Plan T Dividend Option;INF109KA15F8;;10.9748;N.A.;N.A.;10-Dec-2015
131461;ICICI Prudential Fixed Maturity Plan - Series 75 - 1103 Days Plan L Cumulative Option;INF109KA1V87;;11.2745;N.A.;N.A.;10-Dec-2015
131460;ICICI Prudential Fixed Maturity Plan - Series 75 - 1103 Days Plan L Direct Plan Cumulative Option;INF109KA1W03;;11.3278;N.A.;N.A.;10-Dec-2015
131458;ICICI Prudential Fixed Maturity Plan - Series 75 - 1103 Days Plan L Direct Plan Dividend Option;INF109KA1W11;;11.3278;N.A.;N.A.;10-Dec-2015
131459;ICICI Prudential Fixed Maturity Plan - Series 75 - 1103 Days Plan L Dividend Option;INF109KA1V95;;11.2745;N.A.;N.A.;10-Dec-2015
132831;ICICI Prudential Fixed Maturity Plan - Series 75 - 1103 Days Plan P Cumulative Option;INF109KA16D1;;10.9793;N.A.;N.A.;10-Dec-2015
132830;ICICI Prudential Fixed Maturity Plan - Series 75 - 1103 Days Plan P Direct Plan Cumulative Option;INF109KA18D7;;11.0075;N.A.;N.A.;10-Dec-2015
132833;ICICI Prudential Fixed Maturity Plan - Series 75 - 1103 Days Plan P Direct Plan Dividend Option;INF109KA19D5;;11.0075;N.A.;N.A.;10-Dec-2015
132832;ICICI Prudential Fixed Maturity Plan - Series 75 - 1103 Days Plan P Dividend Option;INF109KA17D9;;10.9793;N.A.;N.A.;10-Dec-2015
133044;ICICI Prudential Fixed Maturity Plan - Series 75 - 1246 Days Plan U Cumulative Option;INF109KA12H1;;11.0786;N.A.;N.A.;10-Dec-2015
133041;ICICI Prudential Fixed Maturity Plan - Series 75 - 1246 Days Plan U Direct Plan Cumulative Option;INF109KA14H7;;11.1470;N.A.;N.A.;10-Dec-2015
133042;ICICI Prudential Fixed Maturity Plan - Series 75 - 1246 Days Plan U Direct Plan Dividend Option;INF109KA15H4;;11.1470;N.A.;N.A.;10-Dec-2015
133043;ICICI Prudential Fixed Maturity Plan - Series 75 - 1246 Days Plan U Dividend Option;INF109KA13H9;;11.0786;N.A.;N.A.;10-Dec-2015
130779;ICICI Prudential Fixed Maturity Plan - Series 75 - 1352 Days Plan E Cumulative Option;INF109KA1ZQ5;;11.4428;N.A.;N.A.;10-Dec-2015
130777;ICICI Prudential Fixed Maturity Plan - Series 75 - 1352 Days Plan E Direct Plan Cumulative Option;INF109KA1ZS1;;11.4826;N.A.;N.A.;10-Dec-2015
130778;ICICI Prudential Fixed Maturity Plan - Series 75 - 1352 Days Plan E Direct Plan Dividend Option;INF109KA1ZT9;;11.4826;N.A.;N.A.;10-Dec-2015
130780;ICICI Prudential Fixed Maturity Plan - Series 75 - 1352 Days Plan E Dividend Option;INF109KA1ZR3;;11.4428;N.A.;N.A.;10-Dec-2015
133246;ICICI Prudential Fixed Maturity Plan - Series 76 - 1100 Days Plan D Cumulative Option;INF109KA12N9;;10.8799;N.A.;N.A.;10-Dec-2015
133244;ICICI Prudential Fixed Maturity Plan - Series 76 - 1100 Days Plan D Direct Plan Cumulative Option;INF109KA14N5;;10.9121;N.A.;N.A.;10-Dec-2015
133245;ICICI Prudential Fixed Maturity Plan - Series 76 - 1100 Days Plan D Direct Plan Dividend Option;INF109KA15N2;;10.9121;N.A.;N.A.;10-Dec-2015
133247;ICICI Prudential Fixed Maturity Plan - Series 76 - 1100 Days Plan D Dividend Option;INF109KA13N7;;10.8799;N.A.;N.A.;10-Dec-2015
133457;ICICI Prudential Fixed Maturity Plan - Series 76 - 1100 Days Plan G Cumulative Option;INF109KA16R1;;10.7252;N.A.;N.A.;10-Dec-2015
133458;ICICI Prudential Fixed Maturity Plan - Series 76 - 1100 Days Plan G Direct Plan Cumulative Option;INF109KA15S1;;10.7495;N.A.;N.A.;10-Dec-2015
133456;ICICI Prudential Fixed Maturity Plan - Series 76 - 1100 Days Plan G Dividend Option;INF109KA17R9;;10.7252;N.A.;N.A.;10-Dec-2015
134163;ICICI Prudential Fixed Maturity Plan - Series 76 - 1100 Days Plan T Cumulative Option;INF109KB1359;;10.6251;N.A.;N.A.;10-Dec-2015
134160;ICICI Prudential Fixed Maturity Plan - Series 76 - 1100 Days Plan T Direct Plan Cumulative Option;INF109KB1375;;10.6512;N.A.;N.A.;10-Dec-2015
134162;ICICI Prudential Fixed Maturity Plan - Series 76 - 1100 Days Plan T Dividend Option;INF109KB1367;;10.6251;N.A.;N.A.;10-Dec-2015
133434;ICICI Prudential Fixed Maturity Plan - Series 76 - 1103 Days Plan F Cumulative option;INF109KA14Q8;;10.7467;N.A.;N.A.;10-Dec-2015
133431;ICICI Prudential Fixed Maturity Plan - Series 76 - 1103 Days Plan F Direct Plan Cumulative Option;INF109KA16Q3;;10.7716;N.A.;N.A.;10-Dec-2015
133432;ICICI Prudential Fixed Maturity Plan - Series 76 - 1103 Days Plan F Direct Plan Dividend Option;INF109KA17Q1;;10.7716;N.A.;N.A.;10-Dec-2015
133433;ICICI Prudential Fixed Maturity Plan - Series 76 - 1103 Days Plan F Dividend Option;INF109KA15Q5;;10.7467;N.A.;N.A.;10-Dec-2015
134308;ICICI Prudential Fixed Maturity Plan - Series 76 - 1108 Days Plan V Cumulative Option;INF109KB1672;;10.5750;N.A.;N.A.;10-Dec-2015
134305;ICICI Prudential Fixed Maturity Plan - Series 76 - 1108 Days Plan V Direct Plan Cumulative Option;INF109KB1698;;10.6045;N.A.;N.A.;10-Dec-2015
134307;ICICI Prudential Fixed Maturity Plan - Series 76 - 1108 Days Plan V Dividend Option;INF109KB1680;;10.5750;N.A.;N.A.;10-Dec-2015
134186;ICICI Prudential Fixed Maturity Plan - Series 76 - 1120 Days Plan U Cumulative Option;INF109KB1391;;10.5937;N.A.;N.A.;10-Dec-2015
134188;ICICI Prudential Fixed Maturity Plan - Series 76 - 1120 Days Plan U Direct Plan Cumulative Option;INF109KB1417;;10.6197;N.A.;N.A.;10-Dec-2015
134187;ICICI Prudential Fixed Maturity Plan - Series 76 - 1120 Days Plan U Dividend Option;INF109KB1409;;10.5937;N.A.;N.A.;10-Dec-2015
134312;ICICI Prudential Fixed Maturity Plan - Series 76 - 1127 Days Plan W Cumulative Option;INF109KB1953;;10.6024;N.A.;N.A.;10-Dec-2015
134309;ICICI Prudential Fixed Maturity Plan - Series 76 - 1127 Days Plan W Direct Plan Cumulative Option;INF109KB1979;;10.6096;N.A.;N.A.;10-Dec-2015
134310;ICICI Prudential Fixed Maturity Plan - Series 76 - 1127 Days Plan W Direct Plan Dividend Option;INF109KB1987;;10.6096;N.A.;N.A.;10-Dec-2015
134311;ICICI Prudential Fixed Maturity Plan - Series 76 - 1127 Days Plan W Dividend Option;INF109KB1961;;10.6024;N.A.;N.A.;10-Dec-2015
134005;ICICI Prudential Fixed Maturity Plan - Series 76 - 1132 Days Plan P Cumulative Option;INF109KB1219;;10.6487;N.A.;N.A.;10-Dec-2015
134007;ICICI Prudential Fixed Maturity Plan - Series 76 - 1132 Days Plan P Direct Plan Cumulative Option;INF109KB1235;;10.6750;N.A.;N.A.;10-Dec-2015
134399;ICICI Prudential Fixed Maturity Plan - Series 76 - 1134 Days Plan Y Cumulative Option;INF109KB1BF8;;10.5239;N.A.;N.A.;10-Dec-2015
134397;ICICI Prudential Fixed Maturity Plan - Series 76 - 1134 Days Plan Y Direct Plan Cumulative Option;INF109KB1BH4;;10.5307;N.A.;N.A.;10-Dec-2015
134400;ICICI Prudential Fixed Maturity Plan - Series 76 - 1134 Days Plan Y Dividend Option;INF109KB1BG6;;10.5239;N.A.;N.A.;10-Dec-2015
134458;ICICI Prudential Fixed Maturity Plan - Series 76 - 1135 Days Plan Z Cumulative Option;INF109KB1BB7;;10.5081;N.A.;N.A.;10-Dec-2015
134461;ICICI Prudential Fixed Maturity Plan - Series 76 - 1135 Days Plan Z Direct Plan Cumulative Option;INF109KB1BD3;;10.5147;N.A.;N.A.;10-Dec-2015
134460;ICICI Prudential Fixed Maturity Plan - Series 76 - 1135 Days Plan Z Direct Plan Dividend Option;INF109KB1BE1;;10.5147;N.A.;N.A.;10-Dec-2015
134459;ICICI Prudential Fixed Maturity Plan - Series 76 - 1135 Days Plan Z Dividend Option;INF109KB1BC5;;10.5081;N.A.;N.A.;10-Dec-2015
133874;ICICI Prudential Fixed Maturity Plan - Series 76 - 1142 Days Plan M Cumulative Option;INF109KA16Y7;;10.6782;N.A.;N.A.;10-Dec-2015
133875;ICICI Prudential Fixed Maturity Plan - Series 76 - 1142 Days Plan M Direct Plan Cumulative Option;INF109KA18Y3;;10.7000;N.A.;N.A.;10-Dec-2015
133876;ICICI Prudential Fixed Maturity Plan - Series 76 - 1142 Days Plan M Direct Plan Dividend Option;INF109KA19Y1;;10.7000;N.A.;N.A.;10-Dec-2015
133877;ICICI Prudential Fixed Maturity Plan - Series 76 - 1142 Days Plan M Dividend Option;INF109KA17Y5;;10.6782;N.A.;N.A.;10-Dec-2015
133673;ICICI Prudential Fixed Maturity Plan - Series 76 - 1155 Days Plan K Cumulative Option;INF109KA14V8;;10.7257;N.A.;N.A.;10-Dec-2015
133670;ICICI Prudential Fixed Maturity Plan - Series 76 - 1155 Days Plan K Direct Plan Cumulative Option;INF109KA16V3;;10.7517;N.A.;N.A.;10-Dec-2015
133672;ICICI Prudential Fixed Maturity Plan - Series 76 - 1155 Days Plan K Dividend Option;INF109KA15V5;;10.7257;N.A.;N.A.;10-Dec-2015
134928;ICICI Prudential Fixed Maturity Plan - Series 77 - 1100 Days Plan L Cumulative Option;INF109KB1IT4;;10.3122;N.A.;N.A.;10-Dec-2015
134929;ICICI Prudential Fixed Maturity Plan - Series 77 - 1100 Days Plan L Direct Plan Cumulative Option;INF109KB1IV0;;10.3459;N.A.;N.A.;10-Dec-2015
134926;ICICI Prudential Fixed Maturity Plan - Series 77 - 1100 Days Plan L Direct Plan Dividend Option;INF109KB1IW8;;10.3459;N.A.;N.A.;10-Dec-2015
134927;ICICI Prudential Fixed Maturity Plan - Series 77 - 1100 Days Plan L Dividend Option;INF109KB1IU2;;10.3122;N.A.;N.A.;10-Dec-2015
134931;ICICI Prudential Fixed Maturity Plan - Series 77 - 1100 Days Plan M Cumulative Option;INF109KB1IP2;;10.3668;N.A.;N.A.;10-Dec-2015
134930;ICICI Prudential Fixed Maturity Plan - Series 77 - 1100 Days Plan M Direct Plan Cumulative Option;INF109KB1IR8;;10.4247;N.A.;N.A.;10-Dec-2015
134933;ICICI Prudential Fixed Maturity Plan - Series 77 - 1100 Days Plan M Direct Plan Dividend Option;INF109KB1IS6;;10.4247;N.A.;N.A.;10-Dec-2015
134932;ICICI Prudential Fixed Maturity Plan - Series 77 - 1100 Days Plan M Dividend Option;INF109KB1IQ0;;10.3668;N.A.;N.A.;10-Dec-2015
135403;ICICI Prudential Fixed Maturity Plan - Series 77 - 1129 Days Plan W Cumulative Option;INF109KB1MR0;;10.1677;N.A.;N.A.;10-Dec-2015
135401;ICICI Prudential Fixed Maturity Plan - Series 77 - 1129 Days Plan W Direct Plan Cumulative Option;INF109KB1MT6;;10.1887;N.A.;N.A.;10-Dec-2015
135400;ICICI Prudential Fixed Maturity Plan - Series 77 - 1129 Days Plan W Dividend Option;INF109KB1MS8;;10.1677;N.A.;N.A.;10-Dec-2015
134628;ICICI Prudential Fixed Maturity Plan - Series 77 - 1130 Days Plan D Cumulative Option;INF109KB1EL0;;10.4793;N.A.;N.A.;10-Dec-2015
134630;ICICI Prudential Fixed Maturity Plan - Series 77 - 1130 Days Plan D Direct Plan Cumulative Option;INF109KB1EN6;;10.4851;N.A.;N.A.;10-Dec-2015
134629;ICICI Prudential Fixed Maturity Plan - Series 77 - 1130 Days Plan D Dividend Option;INF109KB1EM8;;10.4793;N.A.;N.A.;10-Dec-2015
134540;ICICI Prudential Fixed Maturity Plan - Series 77 - 1132 Days Plan A Cumulative Option;INF109KB1DF4;;10.5279;N.A.;N.A.;10-Dec-2015
134539;ICICI Prudential Fixed Maturity Plan - Series 77 - 1132 Days Plan A Direct Plan Cumulative Option;INF109KB1DH0;;10.5342;N.A.;N.A.;10-Dec-2015
134537;ICICI Prudential Fixed Maturity Plan - Series 77 - 1132 Days Plan A Direct Plan Dividend Option;INF109KB1DI8;;10.5342;N.A.;N.A.;10-Dec-2015
134538;ICICI Prudential Fixed Maturity Plan - Series 77 - 1132 Days Plan A Dividend Option;INF109KB1DG2;;10.5279;N.A.;N.A.;10-Dec-2015
134731;ICICI Prudential Fixed Maturity Plan - Series 77 - 1134 Plan H Cumulative Option;INF109KB1HB4;;10.4322;N.A.;N.A.;10-Dec-2015
134730;ICICI Prudential Fixed Maturity Plan - Series 77 - 1134 Plan H Direct Plan Cumulative Option;INF109KB1HD0;;10.4578;N.A.;N.A.;10-Dec-2015
134733;ICICI Prudential Fixed Maturity Plan - Series 77 - 1134 Plan H Direct Plan Dividend Option;INF109KB1HE8;;10.4578;N.A.;N.A.;10-Dec-2015
135318;ICICI Prudential Fixed Maturity Plan - Series 77 - 1144 Days Plan T Cumulative Option;INF109KB1MF5;;10.2177;N.A.;N.A.;10-Dec-2015
135316;ICICI Prudential Fixed Maturity Plan - Series 77 - 1144 Days Plan T Direct Plan Cumulative Option;INF109KB1MH1;;10.2441;N.A.;N.A.;10-Dec-2015
135319;ICICI Prudential Fixed Maturity Plan - Series 77 - 1144 Days Plan T Dividend Option;INF109KB1MG3;;10.2177;N.A.;N.A.;10-Dec-2015
135289;ICICI Prudential Fixed Maturity Plan - Series 77 - 1151 Days Plan S Cumulative Option;INF109KB1LZ5;;10.2124;N.A.;N.A.;10-Dec-2015
135286;ICICI Prudential Fixed Maturity Plan - Series 77 - 1151 Days Plan S Direct Plan Cumulative Option;INF109KB1MB4;;10.2398;N.A.;N.A.;10-Dec-2015
135288;ICICI Prudential Fixed Maturity Plan - Series 77 - 1151 Days Plan S Direct Plan Dividend Option;INF109KB1MC2;;10.2398;N.A.;N.A.;10-Dec-2015
135287;ICICI Prudential Fixed Maturity Plan - Series 77 - 1151 Days Plan S Dividend Option;INF109KB1MA6;;10.2124;N.A.;N.A.;10-Dec-2015
134573;ICICI Prudential Fixed Maturity Plan - Series 77 - 1473 Days Plan C Cumulative Option;INF109KB1DN8;;10.5296;N.A.;N.A.;10-Dec-2015
134575;ICICI Prudential Fixed Maturity Plan - Series 77 - 1473 Days Plan C Direct Plan Cumulative Option;INF109KB1DP3;;10.5475;N.A.;N.A.;10-Dec-2015
134576;ICICI Prudential Fixed Maturity Plan - Series 77 - 1473 Days Plan C Direct Plan Dividend Option;INF109KB1DQ1;;10.5475;N.A.;N.A.;10-Dec-2015
134574;ICICI Prudential Fixed Maturity Plan - Series 77 - 1473 Days Plan C Dividend Option;INF109KB1DO6;;10.5296;N.A.;N.A.;10-Dec-2015
135846;ICICI Prudential Fixed Maturity Plan - Series 78 - 1212 Days Plan A Cumulative Option;INF109KB1OR6;;10.0011;N.A.;N.A.;10-Dec-2015
135847;ICICI Prudential Fixed Maturity Plan - Series 78 - 1212 Days Plan A Direct Plan Cumulative Option;INF109KB1OT2;;10.0013;N.A.;N.A.;10-Dec-2015
135845;ICICI Prudential Fixed Maturity Plan - Series 78 - 1212 Days Plan A Direct Plan Dividend Option;INF109KB1OU0;;10.0013;N.A.;N.A.;10-Dec-2015
135848;ICICI Prudential Fixed Maturity Plan - Series 78 - 1212 Days Plan A Dividend Option;INF109KB1OS4;;10.0011;N.A.;N.A.;10-Dec-2015
130085;ICICI Prudential Fixed Maturity Plan - Series 74 -369 Days Plan T Direct Plan Cumulative Option;INF109KB1GL5;;11.3606;N.A.;N.A.;10-Dec-2015
130088;ICICI Prudential Fixed Maturity Plan -Series 74 -369 Days Plan T - Cumulative Option;INF109KB1GN1;;11.3521;N.A.;N.A.;10-Dec-2015
130087;ICICI Prudential Fixed Maturity Plan -Series 74 -369 Days Plan T - Dividend Option;INF109KB1GO9;;11.3000;N.A.;N.A.;10-Dec-2015
130086;ICICI Prudential Fixed Maturity Plan -Series 74 -369 Days Plan T Direct Plan Dividend Option;INF109KB1GM3;;11.3083;N.A.;N.A.;10-Dec-2015
130178;ICICI Prudential Fixed Maturity Plan - Series 74 - 370 Days Plan V - Cumulative Option;INF109KB1IH9;;11.3275;N.A.;N.A.;10-Dec-2015
130179;ICICI Prudential Fixed Maturity Plan - Series 74 - 370 Days Plan V - Dividend Option;INF109KB1II7;;11.2756;N.A.;N.A.;10-Dec-2015
130177;ICICI Prudential Fixed Maturity Plan - Series 74 - 370 Days Plan V Direct Plan Cumulative Option;INF109KB1IJ5;;11.3391;N.A.;N.A.;10-Dec-2015
130180;ICICI Prudential Fixed Maturity Plan - Series 74 - 370 Days Plan V Direct Plan Dividend Option;INF109KB1IK3;;11.2871;N.A.;N.A.;10-Dec-2015
133503;ICICI Prudential Fixed Maturity Plan-Series 76 -1185 Days Plan H Cumulative Option;INF109KA16S9;;10.9130;N.A.;N.A.;10-Dec-2015
133504;ICICI Prudential Fixed Maturity Plan-Series 76 -1185 Days Plan H Direct Plan Cumulative Option;INF109KA18S5;;10.9558;N.A.;N.A.;10-Dec-2015
133501;ICICI Prudential Fixed Maturity Plan-Series 76 -1185 Days Plan H Direct Plan Dividend Option;INF109KA19S3;;10.9558;N.A.;N.A.;10-Dec-2015
133502;ICICI Prudential Fixed Maturity Plan-Series 76 -1185 Days Plan H Dividend Option;INF109KA17S7;;10.9130;N.A.;N.A.;10-Dec-2015
129236;ICICI Prudential Fixed Maturity Plan - Series 74 - 780 Days Plan E Cumulative Option;INF109KB1XL0;;11.5399;N.A.;N.A.;10-Dec-2015
129238;ICICI Prudential Fixed Maturity Plan - Series 74 - 780 Days Plan E Direct Plan Cumulative Option;INF109KB1XN6;;11.6271;N.A.;N.A.;10-Dec-2015
129239;ICICI Prudential Fixed Maturity Plan - Series 74 - 780 Days Plan E Direct Plan Dividend Option;INF109KB1XO4;;11.1137;N.A.;N.A.;10-Dec-2015
129237;ICICI Prudential Fixed Maturity Plan - Series 74 - 780 Days Plan E Dividend Option;INF109KB1XM8;;11.0523;N.A.;N.A.;10-Dec-2015
129855;ICICI Prudential Fixed Maturity Plan - Series 74 - 367 Days Plan N  Cumulative Option;INF109KB1FU8;;11.3875;N.A.;N.A.;10-Dec-2015
129854;ICICI Prudential Fixed Maturity Plan - Series 74 - 367 Days Plan N Direct Plan Cumulative Option;INF109KB1FS2;;11.3963;N.A.;N.A.;10-Dec-2015
129856;ICICI Prudential Fixed Maturity Plan - Series 74 - 367 Days Plan N Dividend Option;INF109KB1FT0;;11.3353;N.A.;N.A.;10-Dec-2015
129853;ICICI Prudential Fixed Maturity Plan -Series 74 -367 Days Plan N Direct Plan Dividend Option;INF109KB1FR4;;11.3439;N.A.;N.A.;10-Dec-2015
135011;ICICI Prudential Fixed Maturity Plan - Series 77 - 1105 Days Plan N - Cumulative Option;INF109KB1JV8;;10.3081;N.A.;N.A.;10-Dec-2015
135012;ICICI Prudential Fixed Maturity Plan - Series 77 - 1105 Days Plan N - Direct Plan - Cumulative Option;INF109KB1JX4;;10.3307;N.A.;N.A.;10-Dec-2015
135013;ICICI Prudential Fixed Maturity Plan - Series 77 - 1105 Days Plan N - Dividend Option;INF109KB1JW6;;10.3081;N.A.;N.A.;10-Dec-2015
121876;ICICI Prudential Fixed Maturity Plan-Series 67-3 Year Plan F - Cumulative;INF109K019U5;;12.5473;N.A.;N.A.;10-Dec-2015
121875;ICICI Prudential Fixed Maturity Plan-Series 67-3 Year Plan F - Direct Plan - Cumulative;INF109K011V0;;12.6259;N.A.;N.A.;10-Dec-2015
121878;ICICI Prudential Fixed Maturity Plan-Series 67-3 Year Plan F - Direct Plan - Dividend;INF109K012V8;;12.2610;N.A.;N.A.;10-Dec-2015
121877;ICICI Prudential Fixed Maturity Plan-Series 67-3 Year Plan F - Dividend;INF109K010V2;;12.1836;N.A.;N.A.;10-Dec-2015
121956;ICICI Prudential Fixed Maturity Plan-Series 67-740 Days Plan H - Cumulative;INF109K017V7;;12.4863;N.A.;N.A.;10-Dec-2015
121955;ICICI Prudential Fixed Maturity Plan-Series 67-740 Days Plan H - Direct Plan - Cumulative;INF109K019V3;;12.5551;N.A.;N.A.;10-Dec-2015
121953;ICICI Prudential Fixed Maturity Plan-Series 67-740 Days Plan H - Direct Plan - Dividend;INF109K010W0;;12.1614;N.A.;N.A.;10-Dec-2015
121954;ICICI Prudential Fixed Maturity Plan-Series 67-740 Days Plan H - Dividend;INF109K018V5;;12.0940;N.A.;N.A.;10-Dec-2015
122276;ICICI Prudential Fixed Maturity Plan-Series 67-745 Days Plan K - Cumulative;INF109KB1FQ6;;12.3199;N.A.;N.A.;10-Dec-2015
122273;ICICI Prudential Fixed Maturity Plan-Series 67-745 Days Plan K - Direct Plan - Cumulative;INF109KB1FO1;;12.3884;N.A.;N.A.;10-Dec-2015
122275;ICICI Prudential Fixed Maturity Plan-Series 67-745 Days Plan K - Direct Plan - Dividend;INF109KB1FN3;;10.9509;N.A.;N.A.;10-Dec-2015
122274;ICICI Prudential Fixed Maturity Plan-Series 67-745 Days Plan K - Dividend;INF109KB1FP8;;10.9269;N.A.;N.A.;10-Dec-2015
122893;ICICI Prudential Fixed Maturity Plan-Series 68-368 Days Plan G - Cumulative;INF109KA1ZJ0;;12.4206;N.A.;N.A.;10-Dec-2015
122892;ICICI Prudential Fixed Maturity Plan-Series 68-368 Days Plan G - Direct Plan - Cumulative;INF109KA1ZH4;;12.4427;N.A.;N.A.;10-Dec-2015
123002;ICICI Prudential Fixed Maturity Plan-Series 68-369 Days Plan I - Cumulative;INF109KA1ZO0;;12.4431;N.A.;N.A.;10-Dec-2015
123000;ICICI Prudential Fixed Maturity Plan-Series 68-369 Days Plan I - Direct Plan - Cumulative;INF109KA1ZM4;;12.4785;N.A.;N.A.;10-Dec-2015
123003;ICICI Prudential Fixed Maturity Plan-Series 68-369 Days Plan I - Dividend;INF109KA1ZP7;;12.3863;N.A.;N.A.;10-Dec-2015
123076;ICICI Prudential Fixed Maturity Plan-Series 68-369 Days Plan K - Cumulative;INF109KA1A09;;12.4411;N.A.;N.A.;10-Dec-2015
123074;ICICI Prudential Fixed Maturity Plan-Series 68-369 Days Plan K - Direct Plan - Cumulative;INF109KA1ZY9;;12.4672;N.A.;N.A.;10-Dec-2015
123113;ICICI Prudential Fixed Maturity Plan-Series 68-704 Days Plan L - Cumulative;INF109KB1JR6;;12.2672;N.A.;N.A.;10-Dec-2015
123110;ICICI Prudential Fixed Maturity Plan-Series 68-704 Days Plan L - Direct Plan - Cumulative;INF109KB1JT2;;12.3319;N.A.;N.A.;10-Dec-2015
123112;ICICI Prudential Fixed Maturity Plan-Series 68-704 Days Plan L - Direct Plan - Dividend;INF109KB1JU0;;11.1739;N.A.;N.A.;10-Dec-2015
123111;ICICI Prudential Fixed Maturity Plan-Series 68-704 Days Plan L - Dividend;INF109KB1JS4;;11.1414;N.A.;N.A.;10-Dec-2015
122611;ICICI Prudential Fixed Maturity Plan-Series 68-745 Days Plan C - Cumulative;INF109KB1IL1;;12.0557;N.A.;N.A.;10-Dec-2015
122608;ICICI Prudential Fixed Maturity Plan-Series 68-745 Days Plan C - Direct Plan - Cumulative;INF109KB1IN7;;12.1148;N.A.;N.A.;10-Dec-2015
122610;ICICI Prudential Fixed Maturity Plan-Series 68-745 Days Plan C - Dividend;INF109KB1IM9;;11.0627;N.A.;N.A.;10-Dec-2015
122778;ICICI Prudential Fixed Maturity Plan-Series 68-745 Days Plan F - Cumulative;INF109KB1KF9;;12.1425;N.A.;N.A.;10-Dec-2015
122776;ICICI Prudential Fixed Maturity Plan-Series 68-745 Days Plan F - Direct Plan - Cumulative;INF109KB1KH5;;12.1918;N.A.;N.A.;10-Dec-2015
122777;ICICI Prudential Fixed Maturity Plan-Series 68-745 Days Plan F - Direct Plan - Dividend;INF109KB1KI3;;11.1238;N.A.;N.A.;10-Dec-2015
122779;ICICI Prudential Fixed Maturity Plan-Series 68-745 Days Plan F - Dividend;INF109KB1KG7;;11.0989;N.A.;N.A.;10-Dec-2015
122898;ICICI Prudential Fixed Maturity Plan-Series 68-745 Days Plan H - Cumulative;INF109KB1LD2;;12.2410;N.A.;N.A.;10-Dec-2015
122896;ICICI Prudential Fixed Maturity Plan-Series 68-745 Days Plan H - Direct Plan - Cumulative;INF109KB1LF7;;12.3066;N.A.;N.A.;10-Dec-2015
122998;ICICI Prudential Fixed Maturity Plan-Series 68-745 Days Plan J - Cumulative;INF109KB1LH3;;12.3063;N.A.;N.A.;10-Dec-2015
122996;ICICI Prudential Fixed Maturity Plan-Series 68-745 Days Plan J - Direct Plan - Cumulative;INF109KB1LJ9;;12.3702;N.A.;N.A.;10-Dec-2015
122999;ICICI Prudential Fixed Maturity Plan-Series 68-745 Days Plan J - Dividend;INF109KB1LI1;;10.9454;N.A.;N.A.;10-Dec-2015
123992;ICICI Prudential Fixed Maturity Plan-Series 69-1092 Days Plan L - Cumulative;INF109KA1CZ5;;12.2258;N.A.;N.A.;10-Dec-2015
123994;ICICI Prudential Fixed Maturity Plan-Series 69-1092 Days Plan L - Direct Plan - Cumulative;INF109KA1CX0;;12.3972;N.A.;N.A.;10-Dec-2015
123995;ICICI Prudential Fixed Maturity Plan-Series 69-1092 Days Plan L - Direct Plan - Dividend;INF109KA1CY8;;11.2243;N.A.;N.A.;10-Dec-2015
123993;ICICI Prudential Fixed Maturity Plan-Series 69-1092 Days Plan L - Dividend;INF109KA1DA6;;11.1461;N.A.;N.A.;10-Dec-2015
123367;ICICI Prudential Fixed Maturity Plan-Series 69-1093 Days Plan F - Cumulative;INF109KA1AP0;;12.4004;N.A.;N.A.;10-Dec-2015
123370;ICICI Prudential Fixed Maturity Plan-Series 69-1093 Days Plan F - Direct Plan - Cumulative;INF109KA1AN5;;12.5570;N.A.;N.A.;10-Dec-2015
123368;ICICI Prudential Fixed Maturity Plan-Series 69-1093 Days Plan F - Dividend;INF109KA1AQ8;;11.3598;N.A.;N.A.;10-Dec-2015
123484;ICICI Prudential Fixed Maturity Plan-Series 69-1821 Days Plan H - Cumulative;INF109KA1BN3;;12.6611;N.A.;N.A.;10-Dec-2015
123482;ICICI Prudential Fixed Maturity Plan-Series 69-1821 Days Plan H - Direct Plan - Cumulative;INF109KA1BL7;;12.8190;N.A.;N.A.;10-Dec-2015
123485;ICICI Prudential Fixed Maturity Plan-Series 69-1821 Days Plan H - Dividend;INF109KA1BO1;;11.5704;N.A.;N.A.;10-Dec-2015
123186;ICICI Prudential Fixed Maturity Plan-Series 69-366 Days Plan A - Cumulative;INF109KA1A41;;12.4221;N.A.;N.A.;10-Dec-2015
123184;ICICI Prudential Fixed Maturity Plan-Series 69-366 Days Plan A - Direct Plan - Cumulative;INF109KA1A25;;12.4488;N.A.;N.A.;10-Dec-2015
123480;ICICI Prudential Fixed Maturity Plan-Series 69-366 Days Plan G - Cumulative;INF109KA1J67;;12.4038;N.A.;N.A.;10-Dec-2015
123478;ICICI Prudential Fixed Maturity Plan-Series 69-366 Days Plan G - Direct Plan - Cumulative;INF109KA1J42;;12.4411;N.A.;N.A.;10-Dec-2015
123481;ICICI Prudential Fixed Maturity Plan-Series 69-366 Days Plan G - Dividend;INF109KA1J75;;11.2492;N.A.;N.A.;10-Dec-2015
123628;ICICI Prudential Fixed Maturity Plan-Series 69-369 Days Plan J - Cumulative;INF109KA1P44;;12.3877;N.A.;N.A.;10-Dec-2015
123627;ICICI Prudential Fixed Maturity Plan-Series 69-369 Days Plan J - Direct Plan - Cumulative;INF109KA1P28;;12.4118;N.A.;N.A.;10-Dec-2015
123626;ICICI Prudential Fixed Maturity Plan-Series 69-369 Days Plan J - Dividend;INF109KA1P51;;11.1953;N.A.;N.A.;10-Dec-2015
123946;ICICI Prudential Fixed Maturity Plan-Series 69-372 Days Plan K - Cumulative;INF109KA1Q68;;12.3334;N.A.;N.A.;10-Dec-2015
123944;ICICI Prudential Fixed Maturity Plan-Series 69-372 Days Plan K - Direct Plan - Cumulative;INF109KA1Q43;;12.3802;N.A.;N.A.;10-Dec-2015
123947;ICICI Prudential Fixed Maturity Plan-Series 69-372 Days Plan K - Dividend;INF109KA1Q76;;11.1719;N.A.;N.A.;10-Dec-2015
123364;ICICI Prudential Fixed Maturity Plan-Series 69-433 Days Plan E - Cumulative;INF109KA10D4;;12.3664;N.A.;N.A.;10-Dec-2015
123363;ICICI Prudential Fixed Maturity Plan-Series 69-433 Days Plan E - Direct Plan - Cumulative;INF109KA18C9;;12.4103;N.A.;N.A.;10-Dec-2015
123366;ICICI Prudential Fixed Maturity Plan-Series 69-433 Days Plan E - Dividend;INF109KA11D2;;12.3112;N.A.;N.A.;10-Dec-2015
123282;ICICI Prudential Fixed Maturity Plan-Series 69-693 Days Plan D - Cumulative;INF109KB1KB8;;12.2594;N.A.;N.A.;10-Dec-2015
123280;ICICI Prudential Fixed Maturity Plan-Series 69-693 Days Plan D - Direct Plan - Cumulative;INF109KB1KD4;;12.3203;N.A.;N.A.;10-Dec-2015
123281;ICICI Prudential Fixed Maturity Plan-Series 69-693 Days Plan D - Direct Plan - Dividend;INF109KB1KE2;;11.0595;N.A.;N.A.;10-Dec-2015
123279;ICICI Prudential Fixed Maturity Plan-Series 69-693 Days Plan D - Dividend;INF109KB1KC6;;11.0342;N.A.;N.A.;10-Dec-2015
123261;ICICI Prudential Fixed Maturity Plan-Series 69-698 Days Plan B - Cumulative;INF109KB1JN5;;12.2229;N.A.;N.A.;10-Dec-2015
123259;ICICI Prudential Fixed Maturity Plan-Series 69-698 Days Plan B - Direct Plan - Cumulative;INF109KB1JP0;;12.2873;N.A.;N.A.;10-Dec-2015
123262;ICICI Prudential Fixed Maturity Plan-Series 69-698 Days Plan B - Dividend;INF109KB1JO3;;11.1440;N.A.;N.A.;10-Dec-2015
124399;ICICI Prudential Fixed Maturity Plan-Series 70-1095 Days Plan H - Cumulative;INF109KA1DX8;;12.0836;N.A.;N.A.;10-Dec-2015
124397;ICICI Prudential Fixed Maturity Plan-Series 70-1095 Days Plan H - Direct Plan - Cumulative;INF109KA1DV2;;12.2467;N.A.;N.A.;10-Dec-2015
124398;ICICI Prudential Fixed Maturity Plan-Series 70-1095 Days Plan H - Direct Plan - Dividend;INF109KA1DW0;;11.1217;N.A.;N.A.;10-Dec-2015
124400;ICICI Prudential Fixed Maturity Plan-Series 70-1095 Days Plan H - Dividend;INF109KA1DY6;;11.0478;N.A.;N.A.;10-Dec-2015
125025;ICICI Prudential Fixed Maturity Plan-Series 70-1285 Days Plan T - Cumulative;INF109KA1GH4;;12.2083;N.A.;N.A.;10-Dec-2015
125023;ICICI Prudential Fixed Maturity Plan-Series 70-1285 Days Plan T - Direct Plan - Cumulative;INF109KA1GF8;;12.2864;N.A.;N.A.;10-Dec-2015
125024;ICICI Prudential Fixed Maturity Plan-Series 70-1285 Days Plan T - Direct Plan - Dividend;INF109KA1GG6;;11.6701;N.A.;N.A.;10-Dec-2015
125026;ICICI Prudential Fixed Maturity Plan-Series 70-1285 Days Plan T - Dividend;INF109KA1GI2;;11.5936;N.A.;N.A.;10-Dec-2015
124142;ICICI Prudential Fixed Maturity Plan-Series 70-366 Days Plan B - Cumulative;INF109KA1R00;;12.3031;N.A.;N.A.;10-Dec-2015
124143;ICICI Prudential Fixed Maturity Plan-Series 70-366 Days Plan B - Direct Plan - Cumulative;INF109KA1Q84;;12.3263;N.A.;N.A.;10-Dec-2015
124145;ICICI Prudential Fixed Maturity Plan-Series 70-366 Days Plan B - Dividend;INF109KA1R18;;11.1670;N.A.;N.A.;10-Dec-2015
124497;ICICI Prudential Fixed Maturity Plan-Series 70-366 Days Plan I - Cumulative;INF109KA1U88;;12.1927;N.A.;N.A.;10-Dec-2015
124495;ICICI Prudential Fixed Maturity Plan-Series 70-366 Days Plan I - Direct Plan - Cumulative;INF109KA1U62;;12.2157;N.A.;N.A.;10-Dec-2015
124496;ICICI Prudential Fixed Maturity Plan-Series 70-366 Days Plan I - Direct Plan - Dividend;INF109KA1U70;;11.1442;N.A.;N.A.;10-Dec-2015
124217;ICICI Prudential Fixed Maturity Plan-Series 70-367 Days Plan C - Cumulative;INF109KA1T24;;12.2927;N.A.;N.A.;10-Dec-2015
124215;ICICI Prudential Fixed Maturity Plan-Series 70-367 Days Plan C - Direct Plan - Cumulative;INF109KA1T08;;12.3161;N.A.;N.A.;10-Dec-2015
124216;ICICI Prudential Fixed Maturity Plan-Series 70-367 Days Plan C - Direct Plan - Dividend;INF109KA1T16;;11.1700;N.A.;N.A.;10-Dec-2015
124218;ICICI Prudential Fixed Maturity Plan-Series 70-367 Days Plan C - Dividend;INF109KA1T32;;11.1548;N.A.;N.A.;10-Dec-2015
124720;ICICI Prudential Fixed Maturity Plan-Series 70-367 Days Plan N - Cumulative;INF109KA1Z91;;12.1018;N.A.;N.A.;10-Dec-2015
124718;ICICI Prudential Fixed Maturity Plan-Series 70-367 Days Plan N - Direct Plan - Cumulative;INF109KA1Y84;;12.1239;N.A.;N.A.;10-Dec-2015
124362;ICICI Prudential Fixed Maturity Plan-Series 70-368 Days Plan J - Cumulative;INF109KA1U47;;12.1808;N.A.;N.A.;10-Dec-2015
124361;ICICI Prudential Fixed Maturity Plan-Series 70-368 Days Plan J - Direct Plan - Cumulative;INF109KA1U21;;12.2280;N.A.;N.A.;10-Dec-2015
124584;ICICI Prudential Fixed Maturity Plan-Series 70-368 Days Plan K - Cumulative;INF109KA1V20;;12.1982;N.A.;N.A.;10-Dec-2015
124582;ICICI Prudential Fixed Maturity Plan-Series 70-368 Days Plan K - Direct Plan - Cumulative;INF109KA1V04;;12.2213;N.A.;N.A.;10-Dec-2015
124651;ICICI Prudential Fixed Maturity Plan-Series 70-368 Days Plan M - Cumulative;INF109KA1Z34;;12.1275;N.A.;N.A.;10-Dec-2015
124653;ICICI Prudential Fixed Maturity Plan-Series 70-368 Days Plan M - Direct Plan - Cumulative;INF109KA1Z18;;12.1492;N.A.;N.A.;10-Dec-2015
124652;ICICI Prudential Fixed Maturity Plan-Series 70-368 Days Plan M - Dividend;INF109KA1Z42;;12.0720;N.A.;N.A.;10-Dec-2015
124082;ICICI Prudential Fixed Maturity Plan-Series 70-369 Days Plan E - Cumulative;INF109KA1S82;;12.3010;N.A.;N.A.;10-Dec-2015
124079;ICICI Prudential Fixed Maturity Plan-Series 70-369 Days Plan E - Direct Plan - Cumulative;INF109KA1S66;;12.3490;N.A.;N.A.;10-Dec-2015
124081;ICICI Prudential Fixed Maturity Plan-Series 70-369 Days Plan E - Dividend;INF109KA1S90;;11.1613;N.A.;N.A.;10-Dec-2015
124593;ICICI Prudential Fixed Maturity Plan-Series 70-372 Days Plan L - Cumulative;INF109KA1Z75;;12.1554;N.A.;N.A.;10-Dec-2015
124591;ICICI Prudential Fixed Maturity Plan-Series 70-372 Days Plan L - Direct Plan - Cumulative;INF109KA1Z59;;12.1772;N.A.;N.A.;10-Dec-2015
124594;ICICI Prudential Fixed Maturity Plan-Series 70-372 Days Plan L - Dividend;INF109KA1Z83;;12.0989;N.A.;N.A.;10-Dec-2015
124922;ICICI Prudential Fixed Maturity Plan-Series 70-540 Days Plan S - Cumulative;INF109KB1BZ6;;12.0135;N.A.;N.A.;10-Dec-2015
124920;ICICI Prudential Fixed Maturity Plan-Series 70-540 Days Plan S - Direct Plan - Cumulative;INF109KB1CB5;;12.0576;N.A.;N.A.;10-Dec-2015
124221;ICICI Prudential Fixed Maturity Plan-Series 70-742 Days Plan D - Cumulative;INF109KA1DT6;;11.9795;N.A.;N.A.;10-Dec-2015
124219;ICICI Prudential Fixed Maturity Plan-Series 70-742 Days Plan D - Direct Plan - Cumulative;INF109KA1DR0;;12.0954;N.A.;N.A.;10-Dec-2015
124222;ICICI Prudential Fixed Maturity Plan-Series 70-742 Days Plan D - Dividend;INF109KA1DU4;;10.8736;N.A.;N.A.;10-Dec-2015
123991;ICICI Prudential Fixed Maturity Plan-Series 70-745 Days Plan A - Cumulative;INF109KB1NH9;;12.1883;N.A.;N.A.;10-Dec-2015
123988;ICICI Prudential Fixed Maturity Plan-Series 70-745 Days Plan A - Direct Plan - Cumulative;INF109KB1NJ5;;12.2469;N.A.;N.A.;10-Dec-2015
123990;ICICI Prudential Fixed Maturity Plan-Series 70-745 Days Plan A - Dividend;INF109KB1NI7;;11.0458;N.A.;N.A.;10-Dec-2015
124319;ICICI Prudential Fixed Maturity Plan-Series 70-745 Days Plan G - Cumulative;INF109KA1EJ5;;11.9974;N.A.;N.A.;10-Dec-2015
124317;ICICI Prudential Fixed Maturity Plan-Series 70-745 Days Plan G - Direct Plan - Cumulative;INF109KA1EH9;;12.1118;N.A.;N.A.;10-Dec-2015
124320;ICICI Prudential Fixed Maturity Plan-Series 70-745 Days Plan G - Dividend;INF109KA1EK3;;10.9064;N.A.;N.A.;10-Dec-2015
124649;ICICI Prudential Fixed Maturity Plan-Series 70-745 Days Plan P - Cumulative;INF109KB1OJ3;;11.9737;N.A.;N.A.;10-Dec-2015
124647;ICICI Prudential Fixed Maturity Plan-Series 70-745 Days Plan P - Direct Plan - Cumulative;INF109KB1OL9;;12.0305;N.A.;N.A.;10-Dec-2015
124650;ICICI Prudential Fixed Maturity Plan-Series 70-745 Days Plan P - Dividend;INF109KB1OK1;;10.8951;N.A.;N.A.;10-Dec-2015
125867;ICICI Prudential Fixed Maturity Plan-Series 71-1095 Days Plan O - Cumulative;INF109KA1IL2;;11.9622;N.A.;N.A.;10-Dec-2015
125865;ICICI Prudential Fixed Maturity Plan-Series 71-1095 Days Plan O - Direct Plan - Cumulative;INF109KA1IN8;;12.0871;N.A.;N.A.;10-Dec-2015
125866;ICICI Prudential Fixed Maturity Plan-Series 71-1095 Days Plan O - Direct Plan - Dividend;INF109KA1IO6;;11.2395;N.A.;N.A.;10-Dec-2015
125868;ICICI Prudential Fixed Maturity Plan-Series 71-1095 Days Plan O - Dividend;INF109KA1IM0;;11.1735;N.A.;N.A.;10-Dec-2015
125438;ICICI Prudential Fixed Maturity Plan-Series 71-369 Days Plan E - Cumulative;INF109KA18K2;;11.9165;N.A.;N.A.;10-Dec-2015
125436;ICICI Prudential Fixed Maturity Plan-Series 71-369 Days Plan E - Direct Plan - Cumulative;INF109KA10L7;;11.9279;N.A.;N.A.;10-Dec-2015
125437;ICICI Prudential Fixed Maturity Plan-Series 71-369 Days Plan E - Direct Plan - Dividend;INF109KA11L5;;11.0251;N.A.;N.A.;10-Dec-2015
125439;ICICI Prudential Fixed Maturity Plan-Series 71-369 Days Plan E - Dividend;INF109KA19K0;;11.0201;N.A.;N.A.;10-Dec-2015
125971;ICICI Prudential Fixed Maturity Plan-Series 71-480 Days Plan L - Cumulative;INF109KB1CD1;;11.7947;N.A.;N.A.;10-Dec-2015
125969;ICICI Prudential Fixed Maturity Plan-Series 71-480 Days Plan L - Direct Plan - Cumulative;INF109KB1CF6;;11.8576;N.A.;N.A.;10-Dec-2015
125972;ICICI Prudential Fixed Maturity Plan-Series 71-480 Days Plan L - Dividend;INF109KB1CE9;;10.9734;N.A.;N.A.;10-Dec-2015
125684;ICICI Prudential Fixed Maturity Plan-Series 71-505 Days Plan H - Cumulative;INF109KB1EB1;;11.8554;N.A.;N.A.;10-Dec-2015
125683;ICICI Prudential Fixed Maturity Plan-Series 71-505 Days Plan H - Direct Plan - Cumulative;INF109KB1ED7;;11.9207;N.A.;N.A.;10-Dec-2015
125686;ICICI Prudential Fixed Maturity Plan-Series 71-505 Days Plan H - Direct Plan - Dividend;INF109KB1EE5;;11.8680;N.A.;N.A.;10-Dec-2015
125434;ICICI Prudential Fixed Maturity Plan-Series 71-525 Days Plan D - Cumulative;INF109KB1EF2;;11.9401;N.A.;N.A.;10-Dec-2015
125432;ICICI Prudential Fixed Maturity Plan-Series 71-525 Days Plan D - Direct Plan - Cumulative;INF109KB1EH8;;11.9816;N.A.;N.A.;10-Dec-2015
125435;ICICI Prudential Fixed Maturity Plan-Series 71-525 Days Plan D - Dividend;INF109KB1EG0;;11.8875;N.A.;N.A.;10-Dec-2015
127230;ICICI Prudential Fixed Maturity Plan-Series 72-1075 Days Plan Q - Cumulative;INF109KA1NN8;;11.9284;N.A.;N.A.;10-Dec-2015
127227;ICICI Prudential Fixed Maturity Plan-Series 72-1075 Days Plan Q - Direct Plan - Cumulative;INF109KA1NP3;;12.0566;N.A.;N.A.;10-Dec-2015
127229;ICICI Prudential Fixed Maturity Plan-Series 72-1075 Days Plan Q - Direct Plan - Dividend;INF109KA1NQ1;;11.3994;N.A.;N.A.;10-Dec-2015
127228;ICICI Prudential Fixed Maturity Plan-Series 72-1075 Days Plan Q - Dividend;INF109KA1NO6;;11.3138;N.A.;N.A.;10-Dec-2015
126476;ICICI Prudential Fixed Maturity Plan-Series 72-1092 Days Plan F - Cumulative;INF109KA1LB7;;11.9508;N.A.;N.A.;10-Dec-2015
126475;ICICI Prudential Fixed Maturity Plan-Series 72-1092 Days Plan F - Direct Plan - Cumulative;INF109KA1LD3;;12.0719;N.A.;N.A.;10-Dec-2015
126473;ICICI Prudential Fixed Maturity Plan-Series 72-1092 Days Plan F - Direct Plan - Dividend;INF109KA1LE1;;11.4651;N.A.;N.A.;10-Dec-2015
126474;ICICI Prudential Fixed Maturity Plan-Series 72-1092 Days Plan F - Dividend;INF109KA1LC5;;11.3930;N.A.;N.A.;10-Dec-2015
126325;ICICI Prudential Fixed Maturity Plan-Series 72-366 Days Plan C - Cumulative;INF109KA12R0;;11.7532;N.A.;N.A.;10-Dec-2015
126324;ICICI Prudential Fixed Maturity Plan-Series 72-366 Days Plan C - Direct Plan - Cumulative;INF109KA14R6;;11.7832;N.A.;N.A.;10-Dec-2015
126327;ICICI Prudential Fixed Maturity Plan-Series 72-366 Days Plan C - Dividend;INF109KA13R8;;11.6995;N.A.;N.A.;10-Dec-2015
126929;ICICI Prudential Fixed Maturity Plan-Series 72-366 Days Plan M - Cumulative;INF109KA12W0;;11.7475;N.A.;N.A.;10-Dec-2015
126927;ICICI Prudential Fixed Maturity Plan-Series 72-366 Days Plan M - Direct Plan - Cumulative;INF109KA14W6;;11.7687;N.A.;N.A.;10-Dec-2015
126928;ICICI Prudential Fixed Maturity Plan-Series 72-366 Days Plan M - Direct Plan - Dividend;INF109KA15W3;;11.7147;N.A.;N.A.;10-Dec-2015
127352;ICICI Prudential Fixed Maturity Plan-Series 72-366 Days Plan T - Cumulative;INF109KA18X5;;11.7015;N.A.;N.A.;10-Dec-2015
127351;ICICI Prudential Fixed Maturity Plan-Series 72-366 Days Plan T - Direct Plan - Cumulative;INF109KA10Y0;;11.7215;N.A.;N.A.;10-Dec-2015
127354;ICICI Prudential Fixed Maturity Plan-Series 72-366 Days Plan T - Direct Plan - Dividend;INF109KA11Y8;;11.6670;N.A.;N.A.;10-Dec-2015
127233;ICICI Prudential Fixed Maturity Plan-Series 72-367 Days Plan R - Cumulative;INF109KA16W1;;11.7323;N.A.;N.A.;10-Dec-2015
127231;ICICI Prudential Fixed Maturity Plan-Series 72-367 Days Plan R - Direct Plan - Cumulative;INF109KA18W7;;11.7440;N.A.;N.A.;10-Dec-2015
126127;ICICI Prudential Fixed Maturity Plan-Series 72-368 Days Plan A - Cumulative;INF109KA10Q6;;11.7917;N.A.;N.A.;10-Dec-2015
126125;ICICI Prudential Fixed Maturity Plan-Series 72-368 Days Plan A - Direct Plan - Cumulative;INF109KA12Q2;;11.8217;N.A.;N.A.;10-Dec-2015
126126;ICICI Prudential Fixed Maturity Plan-Series 72-368 Days Plan A - Direct Plan - Dividend;INF109KA13Q0;;11.0364;N.A.;N.A.;10-Dec-2015
126128;ICICI Prudential Fixed Maturity Plan-Series 72-368 Days Plan A - Dividend;INF109KA11Q4;;11.0241;N.A.;N.A.;10-Dec-2015
126334;ICICI Prudential Fixed Maturity Plan-Series 72-368 Days Plan D - Cumulative;INF109KA11S0;;11.7498;N.A.;N.A.;10-Dec-2015
126332;ICICI Prudential Fixed Maturity Plan-Series 72-368 Days Plan D - Direct Plan - Cumulative;INF109KA13S6;;11.7796;N.A.;N.A.;10-Dec-2015
126335;ICICI Prudential Fixed Maturity Plan-Series 72-368 Days Plan D - Dividend;INF109KA12S8;;10.7883;N.A.;N.A.;10-Dec-2015
127052;ICICI Prudential Fixed Maturity Plan-Series 72-368 Days Plan P - Cumulative;INF109KA12Y6;;11.7119;N.A.;N.A.;10-Dec-2015
127050;ICICI Prudential Fixed Maturity Plan-Series 72-368 Days Plan P - Direct Plan - Cumulative;INF109KA14Y2;;11.7718;N.A.;N.A.;10-Dec-2015
127051;ICICI Prudential Fixed Maturity Plan-Series 72-368 Days Plan P - Direct Plan - Dividend;INF109KA15Y9;;11.0649;N.A.;N.A.;10-Dec-2015
127049;ICICI Prudential Fixed Maturity Plan-Series 72-368 Days Plan P - Dividend;INF109KA13Y4;;11.0386;N.A.;N.A.;10-Dec-2015
126562;ICICI Prudential Fixed Maturity Plan-Series 72-370 Days Plan G - Cumulative;INF109KA16U5;;11.7402;N.A.;N.A.;10-Dec-2015
126560;ICICI Prudential Fixed Maturity Plan-Series 72-370 Days Plan G - Direct Plan - Cumulative;INF109KA18U1;;11.7574;N.A.;N.A.;10-Dec-2015
126561;ICICI Prudential Fixed Maturity Plan-Series 72-370 Days Plan G - Direct Plan - Dividend;INF109KA19U9;;11.7021;N.A.;N.A.;10-Dec-2015
126563;ICICI Prudential Fixed Maturity Plan-Series 72-370 Days Plan G - Dividend;INF109KA17U3;;11.6864;N.A.;N.A.;10-Dec-2015
127261;ICICI Prudential Fixed Maturity Plan-Series 72-409 Days Plan S - Cumulative;INF109KB1AX3;;11.6256;N.A.;N.A.;10-Dec-2015
127259;ICICI Prudential Fixed Maturity Plan-Series 72-409 Days Plan S - Direct Plan - Cumulative;INF109KB1AZ8;;11.7233;N.A.;N.A.;10-Dec-2015
127260;ICICI Prudential Fixed Maturity Plan-Series 72-409 Days Plan S - Direct Plan - Dividend;INF109KB1BA9;;11.6704;N.A.;N.A.;10-Dec-2015
127262;ICICI Prudential Fixed Maturity Plan-Series 72-409 Days Plan S - Dividend;INF109KB1AY1;;11.5719;N.A.;N.A.;10-Dec-2015
127032;ICICI Prudential Fixed Maturity Plan-Series 72-425 Days Plan N - Cumulative;INF109KB1BR3;;11.6931;N.A.;N.A.;10-Dec-2015
127031;ICICI Prudential Fixed Maturity Plan-Series 72-425 Days Plan N - Direct Plan - Cumulative;INF109KB1BT9;;11.7648;N.A.;N.A.;10-Dec-2015
127033;ICICI Prudential Fixed Maturity Plan-Series 72-425 Days Plan N - Dividend;INF109KB1BS1;;11.0332;N.A.;N.A.;10-Dec-2015
126804;ICICI Prudential Fixed Maturity Plan-Series 72-440 Days Plan L - Cumulative;INF109KB1CH2;;11.6971;N.A.;N.A.;10-Dec-2015
126802;ICICI Prudential Fixed Maturity Plan-Series 72-440 Days Plan L - Direct Plan - Cumulative;INF109KB1CJ8;;11.7698;N.A.;N.A.;10-Dec-2015
126803;ICICI Prudential Fixed Maturity Plan-Series 72-440 Days Plan L - Direct Plan - Dividend;INF109KB1CK6;;11.0219;N.A.;N.A.;10-Dec-2015
126801;ICICI Prudential Fixed Maturity Plan-Series 72-440 Days Plan L - Dividend;INF109KB1CI0;;10.9865;N.A.;N.A.;10-Dec-2015
126642;ICICI Prudential Fixed Maturity Plan-Series 72-483 Days Plan J - Cumulative;INF109KB1GC4;;11.7167;N.A.;N.A.;10-Dec-2015
126641;ICICI Prudential Fixed Maturity Plan-Series 72-483 Days Plan J - Direct Plan - Cumulative;INF109KB1GA8;;11.8040;N.A.;N.A.;10-Dec-2015
126397;ICICI Prudential Fixed Maturity Plan-Series 72-500 Days Plan E - Cumulative;INF109KB1HF5;;11.7129;N.A.;N.A.;10-Dec-2015
126396;ICICI Prudential Fixed Maturity Plan-Series 72-500 Days Plan E - Direct Plan - Cumulative;INF109KB1HH1;;11.7836;N.A.;N.A.;10-Dec-2015
126169;ICICI Prudential Fixed Maturity Plan-Series 72-525 Days Plan B - Cumulative;INF109KB1HJ7;;11.6982;N.A.;N.A.;10-Dec-2015
126167;ICICI Prudential Fixed Maturity Plan-Series 72-525 Days Plan B - Direct Plan - Cumulative;INF109KB1HL3;;11.7768;N.A.;N.A.;10-Dec-2015
126170;ICICI Prudential Fixed Maturity Plan-Series 72-525 Days Plan B - Dividend;INF109KB1HK5;;11.6465;N.A.;N.A.;10-Dec-2015
126829;ICICI Prudential Fixed Maturity Plan-Series 72-785 Days Plan O - Cumulative;INF109KA1MH2;;11.8106;N.A.;N.A.;10-Dec-2015
126831;ICICI Prudential Fixed Maturity Plan-Series 72-785 Days Plan O - Direct Plan - Cumulative;INF109KA1MJ8;;11.9282;N.A.;N.A.;10-Dec-2015
126832;ICICI Prudential Fixed Maturity Plan-Series 72-785 Days Plan O - Direct Plan - Dividend;INF109KA1MK6;;11.2743;N.A.;N.A.;10-Dec-2015
126830;ICICI Prudential Fixed Maturity Plan-Series 72-785 Days Plan O - Dividend;INF109KA1MI0;;11.1997;N.A.;N.A.;10-Dec-2015
126499;ICICI Prudential Fixed Maturity Plan-Series 72-823 Days Plan H - Cumulative;INF109KA1KX3;;12.0518;N.A.;N.A.;10-Dec-2015
126502;ICICI Prudential Fixed Maturity Plan-Series 72-823 Days Plan H - Direct Plan - Cumulative;INF109KA1KZ8;;12.1384;N.A.;N.A.;10-Dec-2015
126500;ICICI Prudential Fixed Maturity Plan-Series 72-823 Days Plan H - Direct Plan - Dividend;INF109KA1LA9;;11.3095;N.A.;N.A.;10-Dec-2015
126501;ICICI Prudential Fixed Maturity Plan-Series 72-823 Days Plan H - Dividend;INF109KA1KY1;;11.2697;N.A.;N.A.;10-Dec-2015
128359;ICICI Prudential Fixed Maturity Plan-Series 73-1120 Days Plan L - Cumulative;INF109KA1QJ9;;11.7507;N.A.;N.A.;10-Dec-2015
128361;ICICI Prudential Fixed Maturity Plan-Series 73-1120 Days Plan L - Direct Plan - Cumulative;INF109KA1QL5;;11.8598;N.A.;N.A.;10-Dec-2015
128358;ICICI Prudential Fixed Maturity Plan-Series 73-1120 Days Plan L - Direct Plan - Dividend;INF109KA1QM3;;11.7005;N.A.;N.A.;10-Dec-2015
128360;ICICI Prudential Fixed Maturity Plan-Series 73-1120 Days Plan L - Dividend;INF109KA1QK7;;11.5919;N.A.;N.A.;10-Dec-2015
127617;ICICI Prudential Fixed Maturity Plan-Series 73-366 Days Plan A - Cumulative;INF109KA18Z0;;11.6919;N.A.;N.A.;10-Dec-2015
127618;ICICI Prudential Fixed Maturity Plan-Series 73-366 Days Plan A - Direct Plan - Cumulative;INF109KB1011;;11.7149;N.A.;N.A.;10-Dec-2015
127619;ICICI Prudential Fixed Maturity Plan-Series 73-366 Days Plan A - Dividend;INF109KA19Z8;;11.0196;N.A.;N.A.;10-Dec-2015
127714;ICICI Prudential Fixed Maturity Plan-Series 73-366 Days Plan B - Cumulative;INF109KA14Z9;;11.6911;N.A.;N.A.;10-Dec-2015
127712;ICICI Prudential Fixed Maturity Plan-Series 73-366 Days Plan B - Direct Plan - Cumulative;INF109KA16Z4;;11.7097;N.A.;N.A.;10-Dec-2015
127717;ICICI Prudential Fixed Maturity Plan-Series 73-368 Days Plan D - Cumulative;INF109KB1078;;11.6532;N.A.;N.A.;10-Dec-2015
127716;ICICI Prudential Fixed Maturity Plan-Series 73-368 Days Plan D - Direct Plan - Cumulative;INF109KB1094;;11.6722;N.A.;N.A.;10-Dec-2015
127718;ICICI Prudential Fixed Maturity Plan-Series 73-368 Days Plan D - Dividend;INF109KB1086;;11.5995;N.A.;N.A.;10-Dec-2015
128357;ICICI Prudential Fixed Maturity Plan-Series 73-368 Days Plan M - Cumulative;INF109KB1516;;11.5969;N.A.;N.A.;10-Dec-2015
128354;ICICI Prudential Fixed Maturity Plan-Series 73-368 Days Plan M - Direct Plan - Cumulative;INF109KB1532;;11.6147;N.A.;N.A.;10-Dec-2015
128356;ICICI Prudential Fixed Maturity Plan-Series 73-368 Days Plan M - Dividend;INF109KB1524;;11.5439;N.A.;N.A.;10-Dec-2015
128814;ICICI Prudential Fixed Maturity Plan-Series 73-368 Days Plan R - Cumulative;INF109KB1599;;11.5395;N.A.;N.A.;10-Dec-2015
128812;ICICI Prudential Fixed Maturity Plan-Series 73-368 Days Plan R - Direct Plan - Cumulative;INF109KB1615;;11.5481;N.A.;N.A.;10-Dec-2015
128058;ICICI Prudential Fixed Maturity Plan-Series 73-369 Days Plan H - Cumulative;INF109KB1037;;11.6442;N.A.;N.A.;10-Dec-2015
128060;ICICI Prudential Fixed Maturity Plan-Series 73-369 Days Plan H - Direct Plan - Cumulative;INF109KB1052;;11.6646;N.A.;N.A.;10-Dec-2015
128652;ICICI Prudential Fixed Maturity Plan-Series 73-369 Days Plan P- Cumulative;INF109KB1631;;11.5690;N.A.;N.A.;10-Dec-2015
128650;ICICI Prudential Fixed Maturity Plan-Series 73-369 Days Plan P- Direct Plan - Cumulative;INF109KB1656;;11.5853;N.A.;N.A.;10-Dec-2015
128653;ICICI Prudential Fixed Maturity Plan-Series 73-369 Days Plan P- Dividend;INF109KB1649;;11.5160;N.A.;N.A.;10-Dec-2015
128811;ICICI Prudential Fixed Maturity Plan-Series 73-369 Days Plan S- Cumulative;INF109KB1912;;11.5715;N.A.;N.A.;10-Dec-2015
128808;ICICI Prudential Fixed Maturity Plan-Series 73-369 Days Plan S- Direct Plan - Cumulative;INF109KB1938;;11.5910;N.A.;N.A.;10-Dec-2015
128810;ICICI Prudential Fixed Maturity Plan-Series 73-369 Days Plan S- Dividend;INF109KB1920;;11.5186;N.A.;N.A.;10-Dec-2015
128818;ICICI Prudential Fixed Maturity Plan-Series 73-369 Days Plan T - Cumulative;INF109KB1AL8;;11.5619;N.A.;N.A.;10-Dec-2015
128816;ICICI Prudential Fixed Maturity Plan-Series 73-369 Days Plan T - Direct Plan - Cumulative;INF109KB1AN4;;11.5877;N.A.;N.A.;10-Dec-2015
128819;ICICI Prudential Fixed Maturity Plan-Series 73-369 Days Plan T - Dividend;INF109KB1AM6;;11.5089;N.A.;N.A.;10-Dec-2015
128648;ICICI Prudential Fixed Maturity Plan-Series 73-376 Days Plan Q - Cumulative;INF109KB1AH6;;11.5712;N.A.;N.A.;10-Dec-2015
128646;ICICI Prudential Fixed Maturity Plan-Series 73-376 Days Plan Q - Direct Plan - Cumulative;INF109KB1AJ2;;11.5900;N.A.;N.A.;10-Dec-2015
128649;ICICI Prudential Fixed Maturity Plan-Series 73-376 Days Plan Q - Dividend;INF109KB1AI4;;11.0138;N.A.;N.A.;10-Dec-2015
128352;ICICI Prudential Fixed Maturity Plan-Series 73-378 Days Plan N - Cumulative;INF109KB1870;;11.5674;N.A.;N.A.;10-Dec-2015
128350;ICICI Prudential Fixed Maturity Plan-Series 73-378 Days Plan N - Direct Plan - Cumulative;INF109KB1896;;11.6231;N.A.;N.A.;10-Dec-2015
128498;ICICI Prudential Fixed Maturity Plan-Series 73-378 Days Plan O - Cumulative;INF109KB1AP9;;11.5713;N.A.;N.A.;10-Dec-2015
128496;ICICI Prudential Fixed Maturity Plan-Series 73-378 Days Plan O - Direct Plan - Cumulative;INF109KB1AR5;;11.6105;N.A.;N.A.;10-Dec-2015
128497;ICICI Prudential Fixed Maturity Plan-Series 73-378 Days Plan O - Direct Plan - Dividend;INF109KB1AS3;;11.5576;N.A.;N.A.;10-Dec-2015
128499;ICICI Prudential Fixed Maturity Plan-Series 73-378 Days Plan O - Dividend;INF109KB1AQ7;;11.5184;N.A.;N.A.;10-Dec-2015
128203;ICICI Prudential Fixed Maturity Plan-Series 73-383 Days Plan K - Cumulative;INF109KB1839;;11.5990;N.A.;N.A.;10-Dec-2015
128201;ICICI Prudential Fixed Maturity Plan-Series 73-383 Days Plan K - Direct Plan - Cumulative;INF109KB1854;;11.6388;N.A.;N.A.;10-Dec-2015
128204;ICICI Prudential Fixed Maturity Plan-Series 73-383 Days Plan K - Dividend;INF109KB1847;;11.5461;N.A.;N.A.;10-Dec-2015
128075;ICICI Prudential Fixed Maturity Plan-Series 73-390 Days Plan I - Cumulative;INF109KB1BJ0;;11.5838;N.A.;N.A.;10-Dec-2015
128076;ICICI Prudential Fixed Maturity Plan-Series 73-390 Days Plan I - Direct Plan - Cumulative;INF109KB1BL6;;11.6478;N.A.;N.A.;10-Dec-2015
128077;ICICI Prudential Fixed Maturity Plan-Series 73-390 Days Plan I - Dividend;INF109KB1BK8;;11.5310;N.A.;N.A.;10-Dec-2015
128038;ICICI Prudential Fixed Maturity Plan-Series 73-391 Days Plan G - Cumulative;INF109KB1797;;11.5748;N.A.;N.A.;10-Dec-2015
128040;ICICI Prudential Fixed Maturity Plan-Series 73-391 Days Plan G - Direct Plan - Cumulative;INF109KB1813;;11.6420;N.A.;N.A.;10-Dec-2015
128039;ICICI Prudential Fixed Maturity Plan-Series 73-391 Days Plan G - Dividend;INF109KB1805;;10.9729;N.A.;N.A.;10-Dec-2015
128044;ICICI Prudential Fixed Maturity Plan-Series 73-392 Days Plan F - Cumulative;INF109KB1755;;11.6530;N.A.;N.A.;10-Dec-2015
128042;ICICI Prudential Fixed Maturity Plan-Series 73-392 Days Plan F - Direct Plan - Cumulative;INF109KB1771;;11.6938;N.A.;N.A.;10-Dec-2015
127720;ICICI Prudential Fixed Maturity Plan-Series 73-407 Days Plan C - Cumulative;INF109KB1BN2;;11.6345;N.A.;N.A.;10-Dec-2015
127722;ICICI Prudential Fixed Maturity Plan-Series 73-407 Days Plan C - Direct Plan - Cumulative;INF109KB1BP7;;11.7167;N.A.;N.A.;10-Dec-2015
127721;ICICI Prudential Fixed Maturity Plan-Series 73-407 Days Plan C - Dividend;INF109KB1BO0;;11.5809;N.A.;N.A.;10-Dec-2015
128113;ICICI Prudential Fixed Maturity Plan-Series 73-830 Days Plan J - Cumulative;INF109KB1XP1;;11.7038;N.A.;N.A.;10-Dec-2015
128112;ICICI Prudential Fixed Maturity Plan-Series 73-830 Days Plan J - Direct Plan - Cumulative;INF109KB1XR7;;11.8035;N.A.;N.A.;10-Dec-2015
128111;ICICI Prudential Fixed Maturity Plan-Series 73-830 Days Plan J - Direct Plan - Dividend;INF109KB1XS5;;11.1745;N.A.;N.A.;10-Dec-2015
128114;ICICI Prudential Fixed Maturity Plan-Series 73-830 Days Plan J - Dividend;INF109KB1XQ9;;11.1130;N.A.;N.A.;10-Dec-2015
130002;ICICI Prudential Fixed Maturity Plan -Series 74 -368 Days Plan R Cumulative Option;INF109KB1GV4;;11.3683;N.A.;N.A.;10-Dec-2015
130000;ICICI Prudential Fixed Maturity Plan -Series 74 -368 Days Plan R Direct Plan Cumulative Option;INF109KB1GT8;;11.3801;N.A.;N.A.;10-Dec-2015
130001;ICICI Prudential Fixed Maturity Plan-Series 74-368 Days Plan R Dividend Option;INF109KB1GW2;;11.0335;N.A.;N.A.;10-Dec-2015
129967;ICICI Prudential Fixed Maturity Plan - Series 74 - 370 Days Plan Q Cumulative Option;INF109KB1GJ9;;11.3683;N.A.;N.A.;10-Dec-2015
129968;ICICI Prudential Fixed Maturity Plan - Series 74 -370 Days Plan Q Direct Plan Cumulative Option;INF109KB1GH3;;11.3802;N.A.;N.A.;10-Dec-2015
129970;ICICI Prudential Fixed Maturity Plan -Series 74 -370 Days Plan Q Direct Plan Dividend Option;INF109KB1GI1;;11.3280;N.A.;N.A.;10-Dec-2015
129969;ICICI Prudential Fixed Maturity Plan -Series 74 -370 Days Plan Q Dividend Option;INF109KB1GK7;;11.3161;N.A.;N.A.;10-Dec-2015
129254;ICICI Prudential Fixed Maturity Plan-Series 74-1092 Days Plan G - Cumulative;INF109KA1TH7;;11.6614;N.A.;N.A.;10-Dec-2015
129252;ICICI Prudential Fixed Maturity Plan-Series 74-1092 Days Plan G - Direct Plan - Cumulative;INF109KA1TJ3;;11.7553;N.A.;N.A.;10-Dec-2015
129253;ICICI Prudential Fixed Maturity Plan-Series 74-1092 Days Plan G - Direct Plan - Dividend;INF109KA1TK1;;11.2821;N.A.;N.A.;10-Dec-2015
129255;ICICI Prudential Fixed Maturity Plan-Series 74-1092 Days Plan G - Dividend;INF109KA1TI5;;11.2173;N.A.;N.A.;10-Dec-2015
129797;ICICI Prudential Fixed Maturity Plan - Series 74 - 1092 Days Plan P - Cumulative Option;INF109KA1VB6;;11.5054;N.A.;N.A.;10-Dec-2015
129800;ICICI Prudential Fixed Maturity Plan - Series 74 - 1092 Days Plan P - Dividend Option;INF109KA1VC4;;11.1563;N.A.;N.A.;10-Dec-2015
129799;ICICI Prudential Fixed Maturity Plan - Series 74 - 1092 Days Plan P Direct Plan Dividend Option;INF109KA1VE0;;11.1988;N.A.;N.A.;10-Dec-2015
129798;ICICI Prudential Fixed Maturity Plan - Series 74 - 1092 Days Plan P Direct Plan-Cumulative Option;INF109KA1VD2;;11.5627;N.A.;N.A.;10-Dec-2015
129243;ICICI Prudential Fixed Maturity Plan-Series 74-367 Days Plan C - Cumulative;INF109KB1CP5;;11.4828;N.A.;N.A.;10-Dec-2015
129240;ICICI Prudential Fixed Maturity Plan-Series 74-367 Days Plan C - Direct Plan - Cumulative;INF109KB1CR1;;11.5076;N.A.;N.A.;10-Dec-2015
129241;ICICI Prudential Fixed Maturity Plan-Series 74-367 Days Plan C - Dividend;INF109KB1CQ3;;10.9842;N.A.;N.A.;10-Dec-2015
129244;ICICI Prudential Fixed Maturity Plan-Series 74-367 Days Plan D - Cumulative;INF109KB1DY5;;11.5117;N.A.;N.A.;10-Dec-2015
129246;ICICI Prudential Fixed Maturity Plan-Series 74-367 Days Plan D - Direct Plan - Cumulative;INF109KB1EK2;;11.5288;N.A.;N.A.;10-Dec-2015
129245;ICICI Prudential Fixed Maturity Plan-Series 74-367 Days Plan D - Dividend;INF109KB1DZ2;;11.0344;N.A.;N.A.;10-Dec-2015
129412;ICICI Prudential Fixed Maturity Plan Series 74 368 Days Plan H Cumulative Option;INF109KB1DV1;;11.4924;N.A.;N.A.;10-Dec-2015
129410;ICICI Prudential Fixed Maturity Plan Series 74 368 Days Plan H Direct Plan Cumulative Option;INF109KB1DW9;;11.5108;N.A.;N.A.;10-Dec-2015
129409;ICICI Prudential Fixed Maturity Plan Series 74 368 Days Plan H Dividend Option;INF109KB1EJ4;;11.4398;N.A.;N.A.;10-Dec-2015
129644;ICICI Prudential Fixed Maturity Plan -Series 74 -368 Days Plan J Cumulative Option;INF109KB1EX5;;11.4511;N.A.;N.A.;10-Dec-2015
129642;ICICI Prudential Fixed Maturity Plan -Series 74 -368 Days Plan J Direct Plan Dividend Option;INF109KB1FA0;;11.4165;N.A.;N.A.;10-Dec-2015
129643;ICICI Prudential Fixed Maturity Plan -Series 74 -368 Days Plan J Direct Plan-Cumulative Option;INF109KB1EZ0;;11.4690;N.A.;N.A.;10-Dec-2015
129645;ICICI Prudential Fixed Maturity Plan -Series 74 -368 Days Plan J Dividend Option;INF109KB1EY3;;11.3987;N.A.;N.A.;10-Dec-2015
129026;ICICI Prudential Fixed Maturity Plan-Series 74-369 Days Plan B - Cumulative;INF109KB1CT7;;11.5026;N.A.;N.A.;10-Dec-2015
129028;ICICI Prudential Fixed Maturity Plan-Series 74-369 Days Plan B - Direct Plan - Cumulative;INF109KB1CV3;;11.5273;N.A.;N.A.;10-Dec-2015
129029;ICICI Prudential Fixed Maturity Plan-Series 74-369 Days Plan B - Direct Plan - Dividend;INF109KB1CW1;;11.4746;N.A.;N.A.;10-Dec-2015
129027;ICICI Prudential Fixed Maturity Plan-Series 74-369 Days Plan B - Dividend;INF109KB1CU5;;11.4500;N.A.;N.A.;10-Dec-2015
129248;ICICI Prudential Fixed Maturity Plan-Series 74-369 Days Plan F - Cumulative;INF109KB1CX9;;11.5088;N.A.;N.A.;10-Dec-2015
129249;ICICI Prudential Fixed Maturity Plan-Series 74-369 Days Plan F - Direct Plan - Cumulative;INF109KB1CZ4;;11.5274;N.A.;N.A.;10-Dec-2015
129472;ICICI Prudential Fixed Maturity Plan -Series 74 -369 Days Plan I - Cumulative Option;INF109KB1FB8;;11.4913;N.A.;N.A.;10-Dec-2015
129473;ICICI Prudential Fixed Maturity Plan -Series 74 -369 Days Plan I Direct Plan Dividend Option;INF109KB1FE2;;11.4569;N.A.;N.A.;10-Dec-2015
129470;ICICI Prudential Fixed Maturity Plan -Series 74-369 Days Plan I Direct Plan Cumulative Option;INF109KB1FD4;;11.5095;N.A.;N.A.;10-Dec-2015
129716;ICICI Prudential Fixed Maturity Plan - Series 74 - 369 Days Plan K - Cumulative Option;INF109KB1FM5;;11.4031;N.A.;N.A.;10-Dec-2015
129715;ICICI Prudential Fixed Maturity Plan -Series 74 - 369 Days Plan K - Dividend Option;INF109KB1FL7;;11.3508;N.A.;N.A.;10-Dec-2015
129718;ICICI Prudential Fixed Maturity Plan -Series 74 -369 Days Plan K Direct Plan Cumulative Option;INF109KB1FK9;;11.4207;N.A.;N.A.;10-Dec-2015
129916;ICICI Prudential Fixed Maturity Plan -Series 74 -369 Days Plan L - Cumulative Option;INF109KB1GR2;;11.3807;N.A.;N.A.;10-Dec-2015
129913;ICICI Prudential Fixed Maturity Plan -Series 74 -369 Days Plan L - Dividend Option;INF109KB1GS0;;11.3290;N.A.;N.A.;10-Dec-2015
129915;ICICI Prudential Fixed Maturity Plan -Series 74 -369 Days Plan L Direct Plan Cumulative Option;INF109KB1GP6;;11.3926;N.A.;N.A.;10-Dec-2015
129024;ICICI Prudential Fixed Maturity Plan-Series 74-370 Days Plan A - Cumulative;INF109KB1CL4;;11.5177;N.A.;N.A.;10-Dec-2015
129022;ICICI Prudential Fixed Maturity Plan-Series 74-370 Days Plan A - Direct Plan - Cumulative;INF109KB1CN0;;11.5367;N.A.;N.A.;10-Dec-2015
129023;ICICI Prudential Fixed Maturity Plan-Series 74-370 Days Plan A - Direct Plan - Dividend;INF109KB1CO8;;11.4840;N.A.;N.A.;10-Dec-2015
129025;ICICI Prudential Fixed Maturity Plan-Series 74-370 Days Plan A - Dividend;INF109KB1CM2;;11.4640;N.A.;N.A.;10-Dec-2015
130005;ICICI Prudential Fixed Maturity Plan -Series 74 -370 Days Plan S  Cumulative Option;INF109KB1HV2;;11.3197;N.A.;N.A.;10-Dec-2015
130008;ICICI Prudential Fixed Maturity Plan -Series 74 -370 Days Plan S Direct Plan Cumulative Option;INF109KB1HX8;;11.3281;N.A.;N.A.;10-Dec-2015
130007;ICICI Prudential Fixed Maturity Plan -Series 74 -370 Days Plan S Direct Plan Dividend Option;INF109KB1HY6;;11.0185;N.A.;N.A.;10-Dec-2015
130006;ICICI Prudential Fixed Maturity Plan -Series 74 -370 Days Plan S Dividend Option;INF109KB1HW0;;11.0120;N.A.;N.A.;10-Dec-2015
135717;ICICI Prudential Multiple Yield Fund - Series 10 - 1775 Days Plan A Cumulative Option;INF109KB1ON5;;9.9725;N.A.;N.A.;10-Dec-2015
135718;ICICI Prudential Multiple Yield Fund - Series 10 - 1775 Days Plan A Direct Plan Cumulative Option;INF109KB1OP0;;9.9734;N.A.;N.A.;10-Dec-2015
135719;ICICI Prudential Multiple Yield Fund - Series 10 - 1775 Days Plan A Direct Plan Dividend Option;INF109KB1OQ8;;9.9734;N.A.;N.A.;10-Dec-2015
135720;ICICI Prudential Multiple Yield Fund - Series 10 - 1775 Days Plan A Dividend Option;INF109KB1OO3;;9.9725;N.A.;N.A.;10-Dec-2015
121513;ICICI Prudential Multiple Yield Fund - Series 3 - Plan A - Cumulative;INF109K017R5;;13.6966;N.A.;N.A.;10-Dec-2015
121510;ICICI Prudential Multiple Yield Fund - Series 3 - Plan A - Direct Plan - Cumulative;INF109K019R1;;14.1199;N.A.;N.A.;10-Dec-2015
121512;ICICI Prudential Multiple Yield Fund - Series 3 - Plan A - Direct Plan - Dividend;INF109K010S8;;12.1875;N.A.;N.A.;10-Dec-2015
121511;ICICI Prudential Multiple Yield Fund - Series 3 - Plan A -Dividend;INF109K018R3;;12.0008;N.A.;N.A.;10-Dec-2015
122251;ICICI Prudential Multiple Yield Fund - Series 3 - Plan B - Cumulative;INF109K013X2;;13.2651;N.A.;N.A.;10-Dec-2015
122249;ICICI Prudential Multiple Yield Fund - Series 3 - Plan B - Direct Plan - Cumulative;INF109K015X7;;13.6909;N.A.;N.A.;10-Dec-2015
122250;ICICI Prudential Multiple Yield Fund - Series 3 - Plan B - Direct Plan - Dividend;INF109K016X5;;12.0313;N.A.;N.A.;10-Dec-2015
122252;ICICI Prudential Multiple Yield Fund - Series 3 - Plan B -Dividend;INF109K014X0;;11.8348;N.A.;N.A.;10-Dec-2015
122402;ICICI Prudential Multiple Yield Fund - Series 3 - Plan C - Cumulative;INF109KA1087;;12.8950;N.A.;N.A.;10-Dec-2015
122403;ICICI Prudential Multiple Yield Fund - Series 3 - Plan C - Direct Plan - Cumulative;INF109KA1079;;13.2949;N.A.;N.A.;10-Dec-2015
122401;ICICI Prudential Multiple Yield Fund - Series 3 - Plan C - Direct Plan - Dividend;INF109KA1061;;11.7498;N.A.;N.A.;10-Dec-2015
122404;ICICI Prudential Multiple Yield Fund - Series 3 - Plan C -Dividend;INF109KA1095;;11.5737;N.A.;N.A.;10-Dec-2015
122441;ICICI Prudential Multiple Yield Fund - Series 3 - Plan D - Cumulative;INF109KB1WM0;;12.7383;N.A.;N.A.;10-Dec-2015
122439;ICICI Prudential Multiple Yield Fund - Series 3 - Plan D - Direct Plan - Cumulative;INF109KB1WO6;;13.1348;N.A.;N.A.;10-Dec-2015
122440;ICICI Prudential Multiple Yield Fund - Series 3 - Plan D - Direct Plan - Dividend;INF109KB1WP3;;11.6598;N.A.;N.A.;10-Dec-2015
122442;ICICI Prudential Multiple Yield Fund - Series 3 - Plan D -Dividend;INF109KB1WN8;;11.4864;N.A.;N.A.;10-Dec-2015
122662;ICICI Prudential Multiple Yield Fund - Series 4 - 1100 Days - Plan C - Cumulative;INF109KA1442;;13.1151;N.A.;N.A.;10-Dec-2015
122661;ICICI Prudential Multiple Yield Fund - Series 4 - 1100 Days - Plan C - Direct Plan - Cumulative;INF109KA1467;;13.5074;N.A.;N.A.;10-Dec-2015
122664;ICICI Prudential Multiple Yield Fund - Series 4 - 1100 Days - Plan C - Direct Plan - Dividend;INF109KA1475;;11.7535;N.A.;N.A.;10-Dec-2015
122663;ICICI Prudential Multiple Yield Fund - Series 4 - 1100 Days - Plan C - Dividend;INF109KA1459;;11.5744;N.A.;N.A.;10-Dec-2015
122853;ICICI Prudential Multiple Yield Fund - Series 4 - 1100 Days - Plan E - Cumulative;INF109KA1806;;13.2958;N.A.;N.A.;10-Dec-2015
122850;ICICI Prudential Multiple Yield Fund - Series 4 - 1100 Days - Plan E - Direct Plan - Cumulative;INF109KA1822;;13.6692;N.A.;N.A.;10-Dec-2015
122852;ICICI Prudential Multiple Yield Fund - Series 4 - 1100 Days - Plan E - Direct Plan - Dividend;INF109KA1830;;11.9765;N.A.;N.A.;10-Dec-2015
122851;ICICI Prudential Multiple Yield Fund - Series 4 - 1100 Days - Plan E -Dividend;INF109KA1814;;11.8033;N.A.;N.A.;10-Dec-2015
122532;ICICI Prudential Multiple Yield Fund - Series 4 - 1825 Days - Plan A - Direct Plan - Cumulative;INF109KA1285;;13.9557;N.A.;N.A.;10-Dec-2015
122533;ICICI Prudential Multiple Yield Fund - Series 4 - 1825 Days - Plan A - Direct Plan - Dividend;INF109KA1293;;11.8928;N.A.;N.A.;10-Dec-2015
122534;ICICI Prudential Multiple Yield Fund - Series 4 - 1825 Days - Plan A - Dividend;INF109KA1277;;11.7428;N.A.;N.A.;10-Dec-2015
122535;ICICI Prudential Multiple Yield Fund - Series 4 - 1825 Days - Plan A -Cumulative;INF109KA1269;;13.5709;N.A.;N.A.;10-Dec-2015
122658;ICICI Prudential Multiple Yield Fund - Series 4 - 1825 Days - Plan B - Cumulative;INF109KA1483;;13.6105;N.A.;N.A.;10-Dec-2015
122659;ICICI Prudential Multiple Yield Fund - Series 4 - 1825 Days - Plan B - Direct Plan - Cumulative;INF109KA1509;;14.0576;N.A.;N.A.;10-Dec-2015
122657;ICICI Prudential Multiple Yield Fund - Series 4 - 1825 Days - Plan B - Direct Plan - Dividend;INF109KA1517;;11.9974;N.A.;N.A.;10-Dec-2015
122660;ICICI Prudential Multiple Yield Fund - Series 4 - 1825 Days - Plan B -Dividend;INF109KA1491;;11.7970;N.A.;N.A.;10-Dec-2015
122755;ICICI Prudential Multiple Yield Fund - Series 4 - 1825 Days - Plan D - Cumulative;INF109KA1566;;13.6047;N.A.;N.A.;10-Dec-2015
122754;ICICI Prudential Multiple Yield Fund - Series 4 - 1825 Days - Plan D - Direct Plan - Cumulative;INF109KA1582;;13.9976;N.A.;N.A.;10-Dec-2015
122753;ICICI Prudential Multiple Yield Fund - Series 4 - 1825 Days - Plan D - Direct Plan - Dividend;INF109KA1590;;11.8573;N.A.;N.A.;10-Dec-2015
122756;ICICI Prudential Multiple Yield Fund - Series 4 - 1825 Days - Plan D -Dividend;INF109KA1574;;11.7061;N.A.;N.A.;10-Dec-2015
124138;ICICI Prudential Multiple Yield Fund - Series 5 - 1100 Days - Plan A - Cumulative;INF109KA1DH1;;13.2145;N.A.;N.A.;10-Dec-2015
124140;ICICI Prudential Multiple Yield Fund - Series 5 - 1100 Days - Plan A - Direct Plan - Cumulative;INF109KA1DF5;;13.6404;N.A.;N.A.;10-Dec-2015
124141;ICICI Prudential Multiple Yield Fund - Series 5 - 1100 Days - Plan A - Direct Plan - Dividend;INF109KA1DG3;;12.0018;N.A.;N.A.;10-Dec-2015
124139;ICICI Prudential Multiple Yield Fund - Series 5 - 1100 Days - Plan A - Dividend;INF109KA1DI9;;11.8028;N.A.;N.A.;10-Dec-2015
125263;ICICI Prudential Multiple Yield Fund - Series 5 - 1100 Days - Plan B - Direct Plan - Cumulative;INF109KA1HB5;;12.7515;N.A.;N.A.;10-Dec-2015
125260;ICICI Prudential Multiple Yield Fund - Series 5 - 1100 Days - Plan B - Direct Plan - Dividend;INF109KA1HC3;;11.6348;N.A.;N.A.;10-Dec-2015
125262;ICICI Prudential Multiple Yield Fund - Series 5 - 1100 Days - Plan B - Dividend;INF109KA1HE9;;11.4584;N.A.;N.A.;10-Dec-2015
125261;ICICI Prudential Multiple Yield Fund - Series 5 - 1100 Days - Plan B -Cumulative;INF109KA1HD1;;12.4091;N.A.;N.A.;10-Dec-2015
126114;ICICI Prudential Multiple Yield Fund - Series 5 - 1100 Days - Plan D - Direct Plan - Cumulative;INF109KA1JP1;;12.9111;N.A.;N.A.;10-Dec-2015
126115;ICICI Prudential Multiple Yield Fund - Series 5 - 1100 Days - Plan D - Direct Plan - Dividend;INF109KA1JQ9;;11.8538;N.A.;N.A.;10-Dec-2015
126116;ICICI Prudential Multiple Yield Fund - Series 5 - 1100 Days - Plan D -Cumulative;INF109KA1JN6;;12.5673;N.A.;N.A.;10-Dec-2015
126113;ICICI Prudential Multiple Yield Fund - Series 5 - 1100 Days - Plan D -Dividend;INF109KA1JO4;;11.6535;N.A.;N.A.;10-Dec-2015
126086;ICICI Prudential Multiple Yield Fund - Series 5 - 1825 Days - Plan C - Cumulative;INF109KA1JJ4;;12.7959;N.A.;N.A.;10-Dec-2015
126088;ICICI Prudential Multiple Yield Fund - Series 5 - 1825 Days - Plan C - Direct Plan - Cumulative;INF109KA1JL0;;13.1379;N.A.;N.A.;10-Dec-2015
126087;ICICI Prudential Multiple Yield Fund - Series 5 - 1825 Days - Plan C - Dividend;INF109KA1JK2;;11.6835;N.A.;N.A.;10-Dec-2015
127129;ICICI Prudential Multiple Yield Fund - Series 6 - 1100 Days - Plan A - Direct Plan - Cumulative;INF109KA1ND9;;12.5602;N.A.;N.A.;10-Dec-2015
127131;ICICI Prudential Multiple Yield Fund - Series 6 - 1100 Days - Plan A -Cumulative;INF109KA1NB3;;12.2412;N.A.;N.A.;10-Dec-2015
127132;ICICI Prudential Multiple Yield Fund - Series 6 - 1100 Days - Plan A -Dividend;INF109KA1NC1;;11.4244;N.A.;N.A.;10-Dec-2015
129068;ICICI Prudential Multiple Yield Fund - Series 6 - 1100 Days - Plan E - Direct Plan - Cumulative;INF109KA1SP2;;12.2209;N.A.;N.A.;10-Dec-2015
129067;ICICI Prudential Multiple Yield Fund - Series 6 - 1100 Days - Plan E - Direct Plan - Dividend;INF109KA1SQ0;;11.5943;N.A.;N.A.;10-Dec-2015
129066;ICICI Prudential Multiple Yield Fund - Series 6 - 1100 Days - Plan E -Cumulative;INF109KA1SN7;;11.9222;N.A.;N.A.;10-Dec-2015
129069;ICICI Prudential Multiple Yield Fund - Series 6 - 1100 Days - Plan E -Dividend;INF109KA1SO5;;11.3923;N.A.;N.A.;10-Dec-2015
128207;ICICI Prudential Multiple Yield Fund - Series 6 - 1125 Days - Plan B - Cumulative;INF109KA1PP8;;12.0303;N.A.;N.A.;10-Dec-2015
128205;ICICI Prudential Multiple Yield Fund - Series 6 - 1125 Days - Plan B - Direct Plan - Cumulative;INF109KA1PR4;;12.3186;N.A.;N.A.;10-Dec-2015
128206;ICICI Prudential Multiple Yield Fund - Series 6 - 1125 Days - Plan B - Direct Plan - Dividend;INF109KA1PS2;;11.5941;N.A.;N.A.;10-Dec-2015
128208;ICICI Prudential Multiple Yield Fund - Series 6 - 1125 Days - Plan B - Dividend;INF109KA1PQ6;;11.4067;N.A.;N.A.;10-Dec-2015
128492;ICICI Prudential Multiple Yield Fund - Series 6 - 1825 Days - Plan C - Cumulative;INF109KA1RD0;;12.2878;N.A.;N.A.;10-Dec-2015
128494;ICICI Prudential Multiple Yield Fund - Series 6 - 1825 Days - Plan C - Direct Plan - Cumulative;INF109KA1RF5;;12.5991;N.A.;N.A.;10-Dec-2015
128495;ICICI Prudential Multiple Yield Fund - Series 6 - 1825 Days - Plan C - Direct Plan - Dividend;INF109KA1RG3;;11.7352;N.A.;N.A.;10-Dec-2015
128493;ICICI Prudential Multiple Yield Fund - Series 6 - 1825 Days - Plan C -Dividend;INF109KA1RE8;;11.5391;N.A.;N.A.;10-Dec-2015
129232;ICICI Prudential Multiple Yield Fund - Series 6 - 1825 Days Plan D Cumulative Option;INF109KA1TT2;;11.9284;N.A.;N.A.;10-Dec-2015
129231;ICICI Prudential Multiple Yield Fund - Series 6 - 1825 Days Plan D Direct Plan Cumulative Option;INF109KA1TV8;;12.1932;N.A.;N.A.;10-Dec-2015
129230;ICICI Prudential Multiple Yield Fund - Series 6 - 1825 Days Plan D Direct Plan- Dividend Option;INF109KA1TW6;;11.6213;N.A.;N.A.;10-Dec-2015
129233;ICICI Prudential Multiple Yield Fund - Series 6 - 1825 Days Plan D Dividend Option;INF109KA1TU0;;11.4481;N.A.;N.A.;10-Dec-2015
131352;ICICI Prudential Multiple Yield Fund - Series 7 - 1100 Days Plan F Cumulative Option;INF109KA1T81;;10.9211;N.A.;N.A.;10-Dec-2015
131353;ICICI Prudential Multiple Yield Fund - Series 7 - 1100 Days Plan F Direct Plan Cumulative Option;INF109KA1U05;;11.1140;N.A.;N.A.;10-Dec-2015
131350;ICICI Prudential Multiple Yield Fund - Series 7 - 1100 Days Plan F Direct Plan Dividend Option;INF109KA1U13;;11.1140;N.A.;N.A.;10-Dec-2015
131351;ICICI Prudential Multiple Yield Fund - Series 7 - 1100 Days Plan F Dividend Option;INF109KA1T99;;10.9211;N.A.;N.A.;10-Dec-2015
131262;ICICI Prudential Multiple Yield Fund - Series 7 - 1338 Days Plan D  Dividend Option;INF109KA1R75;;10.9493;N.A.;N.A.;10-Dec-2015
131264;ICICI Prudential Multiple Yield Fund - Series 7 - 1338 Days Plan D Cumulative Option;INF109KA1R67;;10.9493;N.A.;N.A.;10-Dec-2015
131263;ICICI Prudential Multiple Yield Fund - Series 7 - 1338 Days Plan D Direct Plan Cumulative Option;INF109KA1R83;;11.1313;N.A.;N.A.;10-Dec-2015
131261;ICICI Prudential Multiple Yield Fund - Series 7 - 1338 Days Plan D Direct Plan Dividend Option;INF109KA1R91;;11.1313;N.A.;N.A.;10-Dec-2015
130440;ICICI Prudential Multiple Yield Fund - Series 7 - 1825 Days Plan B Cumulative Option;INF109KA1YP0;;11.4317;N.A.;N.A.;10-Dec-2015
130438;ICICI Prudential Multiple Yield Fund - Series 7 - 1825 Days Plan B Direct Plan Cumulative Option;INF109KA1YN5;;11.6733;N.A.;N.A.;10-Dec-2015
130439;ICICI Prudential Multiple Yield Fund - Series 7 - 1825 Days Plan B Direct Plan Dividend Option;INF109KA1YO3;;11.6733;N.A.;N.A.;10-Dec-2015
130441;ICICI Prudential Multiple Yield Fund - Series 7 - 1825 Days Plan B Dividend Option;INF109KA1YQ8;;11.4317;N.A.;N.A.;10-Dec-2015
130990;ICICI Prudential Multiple Yield Fund - Series 7 - 1825 Days Plan C Cumulative Option;INF109KA1J83;;11.0945;N.A.;N.A.;10-Dec-2015
130991;ICICI Prudential Multiple Yield Fund - Series 7 - 1825 Days Plan C Direct Plan Cumulative Option;INF109KA1K07;;11.2868;N.A.;N.A.;10-Dec-2015
130989;ICICI Prudential Multiple Yield Fund - Series 7 - 1825 Days Plan C Direct Plan Dividend Option;INF109KA1K15;;11.2868;N.A.;N.A.;10-Dec-2015
130992;ICICI Prudential Multiple Yield Fund - Series 7 - 1825 Days Plan C Dividend Option;INF109KA1J91;;11.0945;N.A.;N.A.;10-Dec-2015
131314;ICICI Prudential Multiple Yield Fund - Series 7 - 1825 Days Plan E Cumulative Option;INF109KA1S25;;11.1486;N.A.;N.A.;10-Dec-2015
131316;ICICI Prudential Multiple Yield Fund - Series 7 - 1825 Days Plan E Direct Plan Cumulative Option;INF109KA1S41;;11.3449;N.A.;N.A.;10-Dec-2015
131313;ICICI Prudential Multiple Yield Fund - Series 7 - 1825 Days Plan E Direct Plan Dividend Option;INF109KA1S58;;11.3446;N.A.;N.A.;10-Dec-2015
131315;ICICI Prudential Multiple Yield Fund - Series 7 - 1825 Days Plan E Dividend Option;INF109KA1S33;;11.1486;N.A.;N.A.;10-Dec-2015
133172;ICICI Prudential Multiple Yield Fund - Series 8 -1101 Days Plan E Cumulative Option;INF109KA16L4;;10.6680;N.A.;N.A.;10-Dec-2015
133174;ICICI Prudential Multiple Yield Fund - Series 8 -1101 Days Plan E Direct Plan Cumulative Option;INF109KA18L0;;10.8392;N.A.;N.A.;10-Dec-2015
133173;ICICI Prudential Multiple Yield Fund - Series 8 -1101 Days Plan E Dividend Option;INF109KA17L2;;10.6680;N.A.;N.A.;10-Dec-2015
132954;ICICI Prudential Multiple Yield Fund - Series 8 - 1103 Days Plan C Cumulative Option;INF109KA16F6;;10.6323;N.A.;N.A.;10-Dec-2015
132951;ICICI Prudential Multiple Yield Fund - Series 8 - 1103 Days Plan C Direct Plan Cumulative Option;INF109KA18F2;;10.8178;N.A.;N.A.;10-Dec-2015
132953;ICICI Prudential Multiple Yield Fund - Series 8 - 1103 Days Plan C Direct Plan Dividend Option;INF109KA19F0;;10.8178;N.A.;N.A.;10-Dec-2015
132952;ICICI Prudential Multiple Yield Fund - Series 8 - 1103 Days Plan C Dividend Option;INF109KA17F4;;10.6323;N.A.;N.A.;10-Dec-2015
133578;ICICI Prudential Multiple Yield Fund - Series 8 - 1103 Days Plan F Cumulative Option;INF109KA10T0;;10.3855;N.A.;N.A.;10-Dec-2015
133577;ICICI Prudential Multiple Yield Fund - Series 8 - 1103 Days Plan F Direct Plan Cumulative Option;INF109KA12T6;;10.5294;N.A.;N.A.;10-Dec-2015
133580;ICICI Prudential Multiple Yield Fund - Series 8 - 1103 Days Plan F Direct Plan Dividend Option;INF109KA13T4;;10.5294;N.A.;N.A.;10-Dec-2015
133579;ICICI Prudential Multiple Yield Fund - Series 8 - 1103 Days Plan F Dividend Option;INF109KA11T8;;10.3855;N.A.;N.A.;10-Dec-2015
133112;ICICI Prudential Multiple Yield Fund - Series 8 -1822 Days Plan D Cumulative Option;INF109KA18J4;;10.8159;N.A.;N.A.;10-Dec-2015
133110;ICICI Prudential Multiple Yield Fund - Series 8 -1822 Days Plan D Direct Plan Cumulative Option;INF109KA10K9;;10.9759;N.A.;N.A.;10-Dec-2015
133111;ICICI Prudential Multiple Yield Fund - Series 8 -1822 Days Plan D Direct Plan Dividend Option;INF109KA11K7;;10.9759;N.A.;N.A.;10-Dec-2015
133113;ICICI Prudential Multiple Yield Fund - Series 8 -1822 Days Plan D Dividend Option;INF109KA19J2;;10.8159;N.A.;N.A.;10-Dec-2015
131574;ICICI Prudential Multiple Yield Fund - Series 8 - 1824 Days Plan A Cumulative Option;INF109KA16B5;;10.8012;N.A.;N.A.;10-Dec-2015
131577;ICICI Prudential Multiple Yield Fund - Series 8 - 1824 Days Plan A Direct Plan Cumulative Option;INF109KA18B1;;10.9914;N.A.;N.A.;10-Dec-2015
131576;ICICI Prudential Multiple Yield Fund - Series 8 - 1824 Days Plan A Direct Plan Dividend Option;INF109KA19B9;;10.9913;N.A.;N.A.;10-Dec-2015
131575;ICICI Prudential Multiple Yield Fund - Series 8 - 1824 Days Plan A Dividend Option;INF109KA17B3;;10.8012;N.A.;N.A.;10-Dec-2015
134262;ICICI Prudential Multiple Yield Fund - Series 9 - 1140 Days Plan A Cumulative Option;INF109KB1714;;9.4062;N.A.;N.A.;10-Dec-2015
134259;ICICI Prudential Multiple Yield Fund - Series 9 - 1140 Days Plan A Direct Plan Cumulative Option;INF109KB1730;;9.5177;N.A.;N.A.;10-Dec-2015
134260;ICICI Prudential Multiple Yield Fund - Series 9 - 1140 Days Plan A Direct Plan Dividend Option;INF109KB1748;;9.5177;N.A.;N.A.;10-Dec-2015
134261;ICICI Prudential Multiple Yield Fund - Series 9 - 1140 Days Plan A Dividend Option;INF109KB1722;;9.4062;N.A.;N.A.;10-Dec-2015
129742;ICICI Prudential Multiple Yield Fund - Series 6 - 1100 Days Plan F Cumulative Option;INF109KA1UX2;;11.5221;N.A.;N.A.;10-Dec-2015
129741;ICICI Prudential Multiple Yield Fund - Series 6 - 1100 Days Plan F Direct Plan Cumulative Option;INF109KA1UZ7;;11.7904;N.A.;N.A.;10-Dec-2015
129744;ICICI Prudential Multiple Yield Fund - Series 6 - 1100 Days Plan F Direct Plan- Dividend Option;INF109KA1VA8;;11.1817;N.A.;N.A.;10-Dec-2015
129743;ICICI Prudential Multiple Yield Fund - Series 6 - 1100 Days Plan F Dividend Option;INF109KA1UY0;;10.9887;N.A.;N.A.;10-Dec-2015
130148;ICICI Prudential Multiple Yield Fund - Series 7 - 1100 Days Plan A Cumulative Option;INF109KA1WV2;;11.2621;N.A.;N.A.;10-Dec-2015
130146;ICICI Prudential Multiple Yield Fund - Series 7 - 1100 Days Plan A Direct Plan Cumulative Option;INF109KA1WX8;;11.5304;N.A.;N.A.;10-Dec-2015
130145;ICICI Prudential Multiple Yield Fund - Series 7 - 1100 Days Plan A Direct Plan Dividend Option;INF109KA1WY6;;11.2300;N.A.;N.A.;10-Dec-2015
130147;ICICI Prudential Multiple Yield Fund - Series 7 - 1100 Days Plan A Dividend Option;INF109KA1WW0;;11.0209;N.A.;N.A.;10-Dec-2015

IDBI Mutual Fund
131442;IDBI FMP - Series III - 368 days (September 2013) - K - Growth Direct;INF397L01IC7;;12.2585;12.2585;12.2585;10-Dec-2015
131443;IDBI FMP - Series III - 368 days (September 2013) - K - Growth Regular;INF397L01ID5;;12.1911;12.1911;12.1911;10-Dec-2015
131440;IDBI FMP - Series III - 368 days (September 2013) - K- Dividend Direct;INF397L01IA1;;0.0000;0.0000;0.0000;10-Dec-2015
131441;IDBI FMP - Series III - 368 days (September 2013) - K- Dividend Regular;INF397L01IB9;;0.0000;0.0000;0.0000;10-Dec-2015
124368;IDBI FMP - Series III - 564 days (September 2013) - L Dividend Direct;INF397L01IE3;;0.0000;0.0000;0.0000;10-Dec-2015
124367;IDBI FMP - Series III - 564 days (September 2013) - L Dividend Regular;INF397L01IF0;;10.5085;10.5085;10.5085;10-Dec-2015
124366;IDBI FMP - Series III - 564 days (September 2013) - L Growth Direct;INF397L01IG8;;12.1928;12.1928;12.1928;10-Dec-2015
124365;IDBI FMP - Series III - 564 days (September 2013) - L Growth Regular;INF397L01IH6;;12.0575;12.0575;12.0575;10-Dec-2015
126470;IDBI FMP - Series IV - 518 Days (January 2014) - B Dividend Direct;INF397L01IM6;;0.0000;0.0000;0.0000;10-Dec-2015
126467;IDBI FMP - Series IV - 518 Days (January 2014) - B Dividend Regular;INF397L01IN4;;10.3712;10.3712;10.3712;10-Dec-2015
126469;IDBI FMP - Series IV - 518 Days (January 2014) - B Growth Direct;INF397L01IO2;;11.8174;11.8174;11.8174;10-Dec-2015
126468;IDBI FMP - Series IV - 518 Days (January 2014) - B Growth Regular;INF397L01IP9;;11.7174;11.7174;11.7174;10-Dec-2015
127577;IDBI FMP - Series IV - 542 Days (February 2014) - F Dividend Direct;INF397L01IU9;;0.0000;0.0000;0.0000;10-Dec-2015
127575;IDBI FMP - Series IV - 542 Days (February 2014) - F Dividend Regular;INF397L01IV7;;0.0000;0.0000;0.0000;10-Dec-2015
127576;IDBI FMP - Series IV - 542 Days (February 2014) - F Growth Direct;INF397L01IW5;;11.6379;11.6379;11.6379;10-Dec-2015
127574;IDBI FMP - Series IV - 542 Days (February 2014) - F Growth Regular;INF397L01IX3;;11.5468;11.5468;11.5468;10-Dec-2015
126021;IDBI FMP Series III 494 Days (December 2013)- O Dividend Direct;INF397L01II4;;0.0000;0.0000;0.0000;10-Dec-2015
126023;IDBI FMP Series III 494 Days (December 2013)- O Dividend Regular;INF397L01IJ2;;10.5002;10.5002;10.5002;10-Dec-2015
126024;IDBI FMP Series III 494 Days (December 2013)- O Growth Direct;INF397L01IK0;;11.9166;11.9166;11.9166;10-Dec-2015
126020;IDBI FMP Series III 494 Days (December 2013)- O Growth Regular;INF397L01IL8;;11.8309;11.8309;11.8309;10-Dec-2015
123080;IDBI FMP-Series III-24 Months (July 2013) - F- Dividend Direct;INF397L01IQ7;;0.0000;0.0000;0.0000;10-Dec-2015
123081;IDBI FMP-Series III-24 Months (July 2013) - F- Dividend Regular;INF397L01IR5;;10.2362;10.2362;10.2362;10-Dec-2015
123078;IDBI FMP-Series III-24 Months (July 2013) - F- Growth Direct;INF397L01IS3;;12.3607;12.3607;12.3607;10-Dec-2015
123079;IDBI FMP-Series III-24 Months (July 2013) - F- Growth Regular;INF397L01IT1;;12.2747;12.2747;12.2747;10-Dec-2015

Invesco Mutual Fund
126692;Invesco India Fixed Maturity Plan - Series 22 - Plan F (15 Months) - Direct Plan - Growth;INF205K010A9;;11.7696;11.7696;11.7696;10-Dec-2015
126691;Invesco India Fixed Maturity Plan - Series 22 - Plan F (15 Months) - Regular Plan - Growth;INF205K01Z82;;11.7201;11.7201;11.7201;10-Dec-2015
126936;Invesco India Fixed Maturity Plan - Series 22 - Plan H (427 Days) - Direct Plan - Growth Option;INF205K01Y00;;11.7398;11.7398;11.7398;10-Dec-2015
126935;Invesco India Fixed Maturity Plan - Series 22 - Plan H (427 Days) - Regular Plan - Growth Option;INF205K01X76;;11.7277;11.7277;11.7277;10-Dec-2015
127481;Invesco India Fixed Maturity Plan - Series 22 - Plan L (14 Months) - Direct Plan - Growth Option;INF205K012B3;;11.7383;11.7383;11.7383;10-Dec-2015
127480;Invesco India Fixed Maturity Plan - Series 22 - Plan L (14 Months) - Regular Plan - Growth Option;INF205K010B7;;11.6596;11.6596;11.6596;10-Dec-2015
127962;Invesco India Fixed Maturity Plan - Series 23 - Plan A (13 Months) - Direct Plan - Growth Option;INF205K01Y83;;11.6420;11.6420;11.6420;10-Dec-2015
127965;Invesco India Fixed Maturity Plan - Series 23 - Plan A (13 Months) - Regular Plan - Dividend Payout Option;INF205K01Y75;;10.5297;10.5297;10.5297;10-Dec-2015
127963;Invesco India Fixed Maturity Plan - Series 23 - Plan A (13 Months) - Regular Plan - Growth Option;INF205K01Y67;;11.5507;11.5507;11.5507;10-Dec-2015
128518;Invesco India Fixed Maturity Plan - Series 23 - Plan E (382 Days) - Direct Plan - Growth Option;INF205K01Z25;;11.5628;11.5628;11.5628;10-Dec-2015
128520;Invesco India Fixed Maturity Plan - Series 23 - Plan E (382 Days) - Regular Plan - Growth Option;INF205K01Z09;;11.5162;11.5162;11.5162;10-Dec-2015
128993;Invesco India Fixed Maturity Plan - Series 23 - Plan H (370 Days) - Direct Plan - Growth Option;INF205K01Z66;;11.5209;11.5209;11.5209;10-Dec-2015
128995;Invesco India Fixed Maturity Plan - Series 23 - Plan H (370 Days) - Regular Plan - Dividend Payout Option;INF205K01Z58;;10.5215;10.5215;10.5215;10-Dec-2015
128994;Invesco India Fixed Maturity Plan - Series 23 - Plan H (370 Days) - Regular Plan - Growth Option;INF205K01Z41;;11.4900;11.4900;11.4900;10-Dec-2015
129178;Invesco India Fixed Maturity Plan - Series 23 - Plan J (370 Dys) - Direct Plan - Growth Option;INF205K016B4;;11.5261;11.5261;11.5261;10-Dec-2015
129176;Invesco India Fixed Maturity Plan - Series 23 - Plan J (370 Dys) - Regular Plan - Growth Option;INF205K014B9;;11.4989;11.4989;11.4989;10-Dec-2015
129426;Invesco India Fixed Maturity Plan - Series 23 - Plan L (370 Dys) - Direct Plan - Growth Option;INF205K010C5;;11.5112;11.5112;11.5112;10-Dec-2015
129428;Invesco India Fixed Maturity Plan - Series 23 - Plan L (370 Dys) - Regular Plan - Growth Option;INF205K018B0;;11.4937;11.4937;11.4937;10-Dec-2015
130356;Invesco India Fixed Maturity Plan - Series 23 - Plan O (370 Dys) - Direct Plan - Dividend Payout Option;INF205K013F2;;10.3615;10.3615;10.3615;10-Dec-2015
130355;Invesco India Fixed Maturity Plan - Series 23 - Plan O (370 Dys) - Direct Plan - Growth Option;INF205K012F4;;11.2988;11.2988;11.2988;10-Dec-2015
130353;Invesco India Fixed Maturity Plan - Series 23 - Plan O (370 Dys) - Regular Plan - Growth Option;INF205K010F8;;11.2824;11.2824;11.2824;10-Dec-2015
131174;Invesco India Fixed Maturity Plan - Series 24 - Plan D (1099 Dys) - Direct Plan - Growth Option;INF205K01K89;;11.2989;11.2989;11.2989;10-Dec-2015
131172;Invesco India Fixed Maturity Plan - Series 24 - Plan D (1099 Dys) - Regular Plan - Dividend Payout Option;INF205K01K55;;11.2501;11.2501;11.2501;10-Dec-2015
131171;Invesco India Fixed Maturity Plan - Series 24 - Plan D (1099 Dys) - Regular Plan - Growth Option;INF205K01K63;;11.2501;11.2501;11.2501;10-Dec-2015
133419;Invesco India Fixed Maturity Plan - Series 25 - Plan A (1098 Days) - Direct Sub Plan - Dividend Payout;INF205K01R58;;10.8198;10.8198;10.8198;10-Dec-2015
133417;Invesco India Fixed Maturity Plan - Series 25 - Plan A (1098 Days) - Direct Sub Plan - Growth;INF205K01R66;;10.8198;10.8198;10.8198;10-Dec-2015
133418;Invesco India Fixed Maturity Plan - Series 25 - Plan A (1098 Days) - Regular Sub Plan - Dividend Payout;INF205K01R33;;10.7997;10.7997;10.7997;10-Dec-2015
133420;Invesco India Fixed Maturity Plan - Series 25 - Plan A (1098 Days) - Regular Sub Plan - Growth;INF205K01R41;;10.7999;10.7999;10.7999;10-Dec-2015
133946;Invesco India Fixed Maturity Plan - Series 25 - Plan C (1148 Days) - Direct Sub Plan - Dividend Payout;INF205K01S32;;10.6708;10.6708;10.6708;10-Dec-2015
133947;Invesco India Fixed Maturity Plan - Series 25 - Plan C (1148 Days) - Direct Sub Plan - Growth;INF205K01S40;;10.6709;10.6709;10.6709;10-Dec-2015
133945;Invesco India Fixed Maturity Plan - Series 25 - Plan C (1148 Days) - Regular Sub Plan - Dividend Payout;INF205K01S16;;10.6541;10.6541;10.6541;10-Dec-2015
133948;Invesco India Fixed Maturity Plan - Series 25 - Plan C (1148 Days) - Regular Sub Plan - Growth;INF205K01S24;;10.6544;10.6544;10.6544;10-Dec-2015
134061;Invesco India Fixed Maturity Plan - Series 25 - Plan D (1141 Days) - Direct Sub Plan - Growth;INF205K01S81;;10.6686;10.6686;10.6686;10-Dec-2015
134059;Invesco India Fixed Maturity Plan - Series 25 - Plan D (1141 Days) - Regular Sub Plan - Growth;INF205K01S65;;10.6526;10.6526;10.6526;10-Dec-2015
134207;Invesco India Fixed Maturity Plan - Series 25 - Plan F - Direct Sub-plan Growth;INF205K01T64;;10.6147;10.6147;10.6147;10-Dec-2015
134208;Invesco India Fixed Maturity Plan - Series 25 - Plan F - Regular Sub-plan Growth;INF205K01T49;;10.5998;10.5998;10.5998;10-Dec-2015
134778;Invesco India Fixed Maturity Plan - Series 26 - Plan A - Direct - Dividend Payout;INF205K012C1;;10.4454;10.4454;10.4454;10-Dec-2015
134779;Invesco India Fixed Maturity Plan - Series 26 - Plan A - Direct - Growth;INF205K013C9;;10.4456;10.4456;10.4456;10-Dec-2015
134777;Invesco India Fixed Maturity Plan - Series 26 - Plan A - Regular - Dividend Payout;INF205K014C7;;10.4354;10.4354;10.4354;10-Dec-2015
134776;Invesco India Fixed Maturity Plan - Series 26 - Plan A - Regular - Growth;INF205K015C4;;10.4354;10.4354;10.4354;10-Dec-2015
135052;Invesco India Fixed Maturity Plan - Series 26 - Plan C - Direct Sub Plan - Dividend Payout;INF205K010D3;;10.3478;10.3478;10.3478;10-Dec-2015
135054;Invesco India Fixed Maturity Plan - Series 26 - Plan C - Direct Sub Plan - Growth;INF205K011D1;;10.3485;10.3485;10.3485;10-Dec-2015
135055;Invesco India Fixed Maturity Plan - Series 26 - Plan C - Regular Sub Plan - Dividend Payout;INF205K012D9;;10.3345;10.3345;10.3345;10-Dec-2015
135053;Invesco India Fixed Maturity Plan - Series 26 - Plan C - Regular Sub Plan - Growth;INF205K013D7;;10.3344;10.3344;10.3344;10-Dec-2015
135439;Invesco India Fixed Maturity Plan - Series 26 - Plan E - Direct Sub - Plan - Growth;INF205K019D4;;10.1583;10.1583;10.1583;10-Dec-2015
135437;Invesco India Fixed Maturity Plan - Series 26 - Plan E - Regular Sub - Plan Growth;INF205K011E9;;10.1541;10.1541;10.1541;10-Dec-2015
123083;Invesco India Fixed Maturity Plan - Series XIX - Plan C (367 Days) - Direct Plan - Growth;INF205K01P92;;12.4479;12.4479;12.4479;10-Dec-2015
123082;Invesco India Fixed Maturity Plan - Series XIX - Plan C (367 Days) - Growth;INF205K01P76;;12.4261;12.4261;12.4261;10-Dec-2015
123378;Invesco India Fixed Maturity Plan - Series XIX - Plan E (3 Years) - Dividend Payout Option;INF205K01QP9;;12.4091;12.4091;12.4091;10-Dec-2015
123375;Invesco India Fixed Maturity Plan - Series XIX - Plan E (3 Years) - Growth Option;INF205K01QQ7;;12.4091;12.4091;12.4091;10-Dec-2015
123376;Invesco India Fixed Maturity Plan - Series XIX - Plan E (3 Years) Direct Plan -Growth Option;INF205K01QS3;;12.5526;12.5526;12.5526;10-Dec-2015
123541;Invesco India Fixed Maturity Plan - Series XIX - Plan F (370 Days) - Direct Plan - Growth Option;INF205K01Q42;;12.4414;12.4414;12.4414;10-Dec-2015
123540;Invesco India Fixed Maturity Plan - Series XIX - Plan F (370 Days) - Growth Option;INF205K01Q26;;12.3818;12.3818;12.3818;10-Dec-2015
123835;Invesco India Fixed Maturity Plan - Series XX - Plan B (601 Days) - Direct Plan - Growth;INF205K018A2;;12.3459;12.3459;12.3459;10-Dec-2015
123832;Invesco India Fixed Maturity Plan - Series XX - Plan B (601 Days) - Dividend Payout;INF205K017A4;;10.5199;10.5199;10.5199;10-Dec-2015
123834;Invesco India Fixed Maturity Plan - Series XX - Plan B (601 Days) - Growth option;INF205K016A6;;12.2645;12.2645;12.2645;10-Dec-2015
125622;Invesco India Fixed Maturity Plan - Series XXI - Plan E (370 Days) - Direct Plan - Growth Option;INF205K01Q83;;11.9289;11.9289;11.9289;10-Dec-2015
125621;Invesco India Fixed Maturity Plan - Series XXI - Plan E (370 Days) - Regular Plan - Growth Option;INF205K01Q67;;11.9146;11.9146;11.9146;10-Dec-2015
132803;Invesco India Fixed Maturity Plan-Series 24-Plan F (1098 Days) - Regular Plan-Growth Option;INF205K01L47;;11.0149;11.0149;11.0149;10-Dec-2015
132800;Invesco India Fixed Maturity Plan-Series 24-Plan F (1098 Days)-Direct Plan-Growth Option;INF205K01L62;;11.0517;11.0517;11.0517;10-Dec-2015
121869;Religare Invesco Fixed Maturity Plan - Series XVIII - Plan C (25 months) - Direct Plan - Growth Option;INF205K014A1;;12.6729;12.6729;12.6729;10-Dec-2015
121870;Religare Invesco Fixed Maturity Plan - Series XVIII - Plan C (25 months) - Dividend Payout Option;INF205K013A3;;10.5302;10.5302;10.5302;10-Dec-2015
121867;Religare Invesco Fixed Maturity Plan - Series XVIII - Plan C (25 months) - Growth Option;INF205K012A5;;12.5738;12.5738;12.5738;10-Dec-2015

JPMorgan Mutual Fund
122386;JPMorgan India Fixed Maturity Plan - Series 20 - Direct Plan - Dividend Option;INF843K01DV3;;12.6753;12.6753;12.6753;10-Dec-2015
122385;JPMorgan India Fixed Maturity Plan - Series 20 - Direct Plan - Growth Option;INF843K01DU5;;12.6753;12.6753;12.6753;10-Dec-2015
122384;JPMorgan India Fixed Maturity Plan - Series 20 - Regular Plan - Dividend Option;INF843K01DX9;;12.4473;12.4473;12.4473;10-Dec-2015
122383;JPMorgan India Fixed Maturity Plan - Series 20 - Regular Plan - Growth Option;INF843K01DW1;;12.4473;12.4473;12.4473;10-Dec-2015
123102;JPMorgan India Fixed Maturity Plan - Series 22 - Direct Plan - Growth Option;INF843K01LO1;;12.3876;12.3876;12.3876;10-Dec-2015
123105;JPMorgan India Fixed Maturity Plan - Series 22 - Regular Plan - Dividend Option;INF843K01LR4;;12.2006;12.2006;12.2006;10-Dec-2015
123104;JPMorgan India Fixed Maturity Plan - Series 22 - Regular Plan - Growth Option;INF843K01LQ6;;12.2006;12.2006;12.2006;10-Dec-2015
123573;JPMorgan India Fixed Maturity Plan - Series 23 - Direct Plan - Dividend Option;INF843K01EN8;;12.3939;12.3939;12.3939;10-Dec-2015
123572;JPMorgan India Fixed Maturity Plan - Series 23 - Direct Plan - Growth Option;INF843K01EM0;;12.3984;12.3984;12.3984;10-Dec-2015
123571;JPMorgan India Fixed Maturity Plan - Series 23 - Regular Plan - Dividend Option;INF843K01EP3;;12.3427;12.3427;12.3427;10-Dec-2015
123574;JPMorgan India Fixed Maturity Plan - Series 23 - Regular Plan - Growth Option;INF843K01EO6;;12.3427;12.3427;12.3427;10-Dec-2015
131064;JPMorgan India Fixed Maturity Plan - Series 40 - Direct Plan - Growth Option;INF843K01JE6;;11.3377;11.3377;11.3377;10-Dec-2015
131066;JPMorgan India Fixed Maturity Plan - Series 40 - Regular Plan - Dividend Option;INF843K01JH9;;11.2503;11.2503;11.2503;10-Dec-2015
131063;JPMorgan India Fixed Maturity Plan - Series 40 - Regular Plan - Growth Option;INF843K01JG1;;11.2506;11.2506;11.2506;10-Dec-2015
117853;JPMorgan India Fixed Maturity Plan - Series 502 - Dividend Option;INF843K01AK2;;11.2217;11.2217;11.2217;10-Dec-2015
117852;JPMorgan India Fixed Maturity Plan - Series 502 - Growth Option;INF843K01AJ4;;12.9439;12.9439;12.9439;10-Dec-2015
121274;JPMorgan India Fixed Maturity Plan - Sr 14 - Direct Plan - Dividend Option;INF843K01CT9;;12.5782;12.5782;12.5782;10-Dec-2015
121273;JPMorgan India Fixed Maturity Plan - Sr 14 - Direct Plan - Growth Option;INF843K01CS1;;12.5888;12.5888;12.5888;10-Dec-2015
121272;JPMorgan India Fixed Maturity Plan - Sr 14 - Regular Plan - Dividend Option;INF843K01CV5;;12.5437;12.5437;12.5437;10-Dec-2015
121271;JPMorgan India Fixed Maturity Plan - Sr 14 - Regular Plan - Growth Option;INF843K01CU7;;12.5437;12.5437;12.5437;10-Dec-2015
128259;JPMorgan India Fixed Maturity Plan - Series 35 - Direct Plan - Growth Option;INF843K01HY8;;12.059;12.059;12.059;10-Dec-2015
128258;JPMorgan India Fixed Maturity Plan - Series 35 - Regular Plan - Dividend Option;INF843K01IB4;;11.8969;11.8969;11.8969;10-Dec-2015
128257;JPMorgan India Fixed Maturity Plan - Series 35 - RegularPlan - Growth Option;INF843K01IA6;;11.8969;11.8969;11.8969;10-Dec-2015
129226;JPMorgan India Fixed Maturity Plan - Series 38 - Direct Plan - Growth Option;INF843K01IK5;;11.8658;11.8658;11.8658;10-Dec-2015
129225;JPMorgan India Fixed Maturity Plan - Series 38 - Regular Plan - Dividend Option;INF843K01IN9;;11.7136;11.7136;11.7136;10-Dec-2015
129224;JPMorgan India Fixed Maturity Plan - Series 38 - Regular Plan - Growth Option;INF843K01IM1;;11.7147;11.7147;11.7147;10-Dec-2015
129209;JPMorgan India Fixed Maturity Plan - Sr 37 - Direct Plan - Growth Option;INF843K01IO7;;11.6917;11.6917;11.6917;10-Dec-2015
129208;JPMorgan India Fixed Maturity Plan - Sr 37 - Regular Plan - Dividend Option;INF843K01IR0;;11.58;11.58;11.58;10-Dec-2015
129206;JPMorgan India Fixed Maturity Plan - Sr 37 - Regular Plan - Growth Option;INF843K01IQ2;;11.58;11.58;11.58;10-Dec-2015
121636;JPMorgan India Hybrid Fund - Series 2 - Direct Plan - Dividend Option;INF843K01LH5;;13.1692;13.1692;13.1692;10-Dec-2015
121635;JPMorgan India Hybrid Fund - Series 2 - Direct Plan - Growth Option;INF843K01LG7;;13.1691;13.1691;13.1691;10-Dec-2015
121634;JPMorgan India Hybrid Fund - Series 2 - Regular Plan - Dividend Option;INF843K01LJ1;;12.6451;12.6451;12.6451;10-Dec-2015
121637;JPMorgan India Hybrid Fund - Series 2 - Regular Plan - Growth Option;INF843K01LI3;;12.6451;12.6451;12.6451;10-Dec-2015
117723;JPMorgan India Income Fund - Series 501 - Dividend Option;INF843K01781;;11.6674;11.6674;11.6674;10-Dec-2015
117722;JPMorgan India Income Fund - Series 501 - Growth Option;INF843K01773;;13.0945;13.0945;13.0945;10-Dec-2015

Kotak Mahindra Mutual Fund
135331;Kotak Capital Protection Oriented Scheme - Series 1 - Direct Dividend;INF174K01U50;;9.9449;9.9449;9.9449;10-Dec-2015
135328;Kotak Capital Protection Oriented Scheme - Series 1 - Direct Growth;INF174K01U43;;9.9449;9.9449;9.9449;10-Dec-2015
135329;Kotak Capital Protection Oriented Scheme - Series 1 - Regular Dividend;INF174K01U35;;9.9336;9.9336;9.9336;10-Dec-2015
135330;Kotak Capital Protection Oriented Scheme - Series 1 - Regular Growth;INF174K01U27;;9.9336;9.9336;9.9336;10-Dec-2015
123106;Kotak FMP Series 105 Direct Dividend;INF174K01ZA0;;11.2764;11.2764;11.2764;10-Dec-2015
123108;Kotak FMP Series 105 Direct Growth;INF174K01YZ0;;12.4283;12.4283;12.4283;10-Dec-2015
123107;Kotak FMP Series 105 Growth;INF174K01YX5;;12.3948;12.3948;12.3948;10-Dec-2015
123189;Kotak FMP Series 106 Direct Growth;INF174K01ZD4;;12.4206;12.4206;12.4206;10-Dec-2015
123190;Kotak FMP Series 106 Growth;INF174K01ZB8;;12.3884;12.3884;12.3884;10-Dec-2015
123195;Kotak FMP Series 107 Direct Dividend;INF174K01ZI3;;11.2807;11.2807;11.2807;10-Dec-2015
123193;Kotak FMP Series 107 Direct Growth;INF174K01ZH5;;12.4132;12.4132;12.4132;10-Dec-2015
123192;Kotak FMP Series 107 Dividend;INF174K01ZG7;;11.2689;11.2689;11.2689;10-Dec-2015
123194;Kotak FMP Series 107 Growth;INF174K01ZF9;;12.3802;12.3802;12.3802;10-Dec-2015
123326;Kotak FMP Series 108 Direct Growth;INF174K01PL8;;12.4075;12.4075;12.4075;10-Dec-2015
123327;Kotak FMP Series 108 Dividend;INF174K01PK0;;12.3271;12.3271;12.3271;10-Dec-2015
123328;Kotak FMP Series 108 Growth;INF174K01PJ2;;12.3271;12.3271;12.3271;10-Dec-2015
123426;Kotak FMP Series 109 Direct Growth;INF174K01ZL7;;12.3806;12.3806;12.3806;10-Dec-2015
123427;Kotak FMP Series 109 Growth;INF174K01ZJ1;;12.3476;12.3476;12.3476;10-Dec-2015
123431;Kotak FMP Series 110 Direct Growth;INF174K01ZP8;;12.3953;12.3953;12.3953;10-Dec-2015
123429;Kotak FMP Series 110 Dividend;INF174K01ZO1;;11.1858;11.1858;11.1858;10-Dec-2015
123430;Kotak FMP Series 110 Growth;INF174K01ZN3;;12.287;12.287;12.287;10-Dec-2015
123579;Kotak FMP Series 111 Direct Growth;INF174K01ZT0;;12.4134;12.4134;12.4134;10-Dec-2015
123582;Kotak FMP Series 111 Growth;INF174K01ZR4;;12.3834;12.3834;12.3834;10-Dec-2015
123622;Kotak FMP Series 112 - Direct - Growth;INF174K01ZX2;;12.3807;12.3807;12.3807;10-Dec-2015
123621;Kotak FMP Series 112 - Growth;INF174K01ZV6;;12.3368;12.3368;12.3368;10-Dec-2015
123623;Kotak FMP Series 112 -Dividend;INF174K01ZW4;;11.1844;11.1844;11.1844;10-Dec-2015
123793;Kotak FMP Series 113 (1094 Days)  - Direct Dividend;INF174K01QG6;;12.4743;12.4743;12.4743;10-Dec-2015
123792;Kotak FMP Series 113 (1094 Days) - Direct Growth;INF174K01QF8;;12.4743;12.4743;12.4743;10-Dec-2015
123791;Kotak FMP Series 113 (1094 Days) - Dividend;INF174K01QE1;;12.3465;12.3465;12.3465;10-Dec-2015
123790;Kotak FMP Series 113 (1094 Days) - Growth;INF174K01QD3;;12.3465;12.3465;12.3465;10-Dec-2015
123968;Kotak FMP Series 114 (370 Days) - Direct Growth;INF174K01A54;;12.4041;12.4041;12.4041;10-Dec-2015
123966;Kotak FMP Series 114 (370 Days) - Growth;INF174K01A39;;12.3768;12.3768;12.3768;10-Dec-2015
123971;Kotak FMP Series 115 (370 Days) - Direct Dividend;INF174K01B04;;12.4054;12.4054;12.4054;10-Dec-2015
123973;Kotak FMP Series 115 (370 Days) - Direct Growth;INF174K01A96;;12.4054;12.4054;12.4054;10-Dec-2015
123970;Kotak FMP Series 115 (370 Days) - Growth;INF174K01A70;;12.3329;12.3329;12.3329;10-Dec-2015
124036;Kotak FMP Series 116 (370 Days) - Direct Growth;INF174K01B38;;12.4136;12.4136;12.4136;10-Dec-2015
124035;Kotak FMP Series 116 (370 Days) - Growth;INF174K01B12;;12.3923;12.3923;12.3923;10-Dec-2015
124039;Kotak FMP Series 117 (370 Days) - Direct Growth;INF174K01B79;;12.384;12.384;12.384;10-Dec-2015
124040;Kotak FMP Series 117 (370 Days) - Dividend;INF174K01B61;;12.3112;12.3112;12.3112;10-Dec-2015
124038;Kotak FMP Series 117 (370 Days) - Growth;INF174K01B53;;12.3112;12.3112;12.3112;10-Dec-2015
124248;Kotak FMP Series 118 (370 Days) - Direct Dividend;INF174K01C29;;12.3152;12.3152;12.3152;10-Dec-2015
124246;Kotak FMP Series 118 (370 Days) - Direct Growth;INF174K01C11;;12.3168;12.3168;12.3168;10-Dec-2015
124245;Kotak FMP Series 118 (370 Days) - Growth;INF174K01B95;;12.2843;12.2843;12.2843;10-Dec-2015
124393;Kotak FMP Series 119 (370 Days) - Direct Growth;INF174K01C52;;12.2598;12.2598;12.2598;10-Dec-2015
124396;Kotak FMP Series 119 (370 Days) - Growth;INF174K01C37;;12.2336;12.2336;12.2336;10-Dec-2015
124657;Kotak FMP series 122 (370 Days) - Direct Dividend;INF174K01E01;;12.196;12.196;12.196;10-Dec-2015
124658;Kotak FMP series 122 (370 Days) - Direct Growth;INF174K01D93;;12.196;12.196;12.196;10-Dec-2015
124655;Kotak FMP series 122 (370 Days) - Growth;INF174K01D77;;12.1206;12.1206;12.1206;10-Dec-2015
124841;Kotak FMP Series 124 (370 Days) - Direct Growth;INF174K01E35;;12.0722;12.0722;12.0722;10-Dec-2015
124839;Kotak FMP Series 124 (370 Days) - Dividend;INF174K01E27;;12.0407;12.0407;12.0407;10-Dec-2015
124838;Kotak FMP Series 124 (370 Days) - Growth;INF174K01E19;;12.0407;12.0407;12.0407;10-Dec-2015
125400;Kotak FMP Series 127 (730 Days) - Direct Dividend;INF174K019A7;;12.1085;12.1085;12.1085;10-Dec-2015
125398;Kotak FMP Series 127 (730 Days) - Direct Growth;INF174K018A9;;12.1085;12.1085;12.1085;10-Dec-2015
125399;Kotak FMP Series 127 (730 Days) - Dividend;INF174K017A1;;12.064;12.064;12.064;10-Dec-2015
125401;Kotak FMP Series 127 (730 Days) - Growth;INF174K016A3;;12.064;12.064;12.064;10-Dec-2015
125832;Kotak FMP Series 128 (371 Days) - Direct Growth;INF174K01G25;;11.851;11.851;11.851;10-Dec-2015
125831;Kotak FMP Series 128 (371 Days) - Growth;INF174K01G09;;11.8297;11.8297;11.8297;10-Dec-2015
125852;Kotak FMP Series 129 (371 Days) - Direct Growth;INF174K01G66;;11.7841;11.7841;11.7841;10-Dec-2015
125853;Kotak FMP Series 129 (371 Days) - Dividend;INF174K01G58;;11.7716;11.7716;11.7716;10-Dec-2015
125851;Kotak FMP Series 129 (371 Days) - Growth;INF174K01G41;;11.7717;11.7717;11.7717;10-Dec-2015
126052;Kotak FMP Series 131 (1061 Days) - Direct Growth;INF174K01TB1;;12.3777;12.3777;12.3777;10-Dec-2015
126054;Kotak FMP Series 131 (1061 Days) - Dividend;INF174K01TA3;;12.3181;12.3181;12.3181;10-Dec-2015
126053;Kotak FMP Series 131 (1061 Days) - Growth;INF174K01SZ2;;12.3182;12.3182;12.3182;10-Dec-2015
126281;Kotak FMP Series 132 (546 Days) - Direct Growth;INF174K01TF2;;11.8244;11.8244;11.8244;10-Dec-2015
126282;Kotak FMP Series 132 (546 Days) - Dividend;INF174K01TE5;;11.7343;11.7343;11.7343;10-Dec-2015
126280;Kotak FMP Series 132 (546 Days) - Growth;INF174K01TD7;;11.7343;11.7343;11.7343;10-Dec-2015
126666;Kotak FMP Series 133 (524 Days) - Direct Growth;INF174K01TN6;;11.7925;11.7925;11.7925;10-Dec-2015
126665;Kotak FMP Series 133 (524 Days) - Growth;INF174K01TL0;;11.7262;11.7262;11.7262;10-Dec-2015
126874;Kotak FMP Series 135 (455 Days) - Direct Growth;INF174K01P81;;11.8889;11.8889;11.8889;10-Dec-2015
126873;Kotak FMP Series 135 (455 Days) - Growth;INF174K01P65;;11.8189;11.8189;11.8189;10-Dec-2015
127127;Kotak FMP Series 136 (376 Days) - Direct Growth;INF174K01H81;;11.7706;11.7706;11.7706;10-Dec-2015
127126;Kotak FMP Series 136 (376 Days) - Growth;INF174K01H65;;11.7399;11.7399;11.7399;10-Dec-2015
127256;Kotak FMP Series 137 (371 Days) -  Direct Growth;INF174K01H40;;11.7649;11.7649;11.7649;10-Dec-2015
127255;Kotak FMP Series 137 (371 Days) - Growth;INF174K01H24;;11.7344;11.7344;11.7344;10-Dec-2015
127390;Kotak FMP Series 140 (1095 Days) - Direct Dividend;INF174K01UQ7;;12.0168;12.0168;12.0168;10-Dec-2015
127388;Kotak FMP Series 140 (1095 Days) - Direct Growth;INF174K01UP9;;12.0168;12.0168;12.0168;10-Dec-2015
127389;Kotak FMP Series 140 (1095 Days) - Dividend;INF174K01UO2;;11.8882;11.8882;11.8882;10-Dec-2015
127387;Kotak FMP Series 140 (1095 Days) - Growth;INF174K01UN4;;11.8882;11.8882;11.8882;10-Dec-2015
127401;Kotak FMP Series 141 (454 Days) - Direct Growth;INF174K01Q31;;11.7502;11.7502;11.7502;10-Dec-2015
127402;Kotak FMP Series 141 (454 Days) - Dividend;INF174K01Q23;;11.6647;11.6647;11.6647;10-Dec-2015
127400;Kotak FMP Series 141 (454 Days) - Growth;INF174K01Q07;;11.6651;11.6651;11.6651;10-Dec-2015
127651;Kotak FMP Series 142 (420 Days) - Direct Growth;INF174K01L10;;11.6988;11.6988;11.6988;10-Dec-2015
127650;Kotak FMP Series 142 (420 Days) - Growth;INF174K01K86;;11.6438;11.6438;11.6438;10-Dec-2015
127807;Kotak FMP Series 143 (370 Days) - Direct Growth;INF174K01J22;;11.7243;11.7243;11.7243;10-Dec-2015
127808;Kotak FMP Series 143 (370 Days) - Dividend;INF174K01J14;;11.685;11.685;11.685;10-Dec-2015
127806;Kotak FMP Series 143 (370 Days) - Growth;INF174K01J06;;11.685;11.685;11.685;10-Dec-2015
128266;Kotak FMP Series 145 (390 Days) - Direct Growth;INF174K01L93;;11.6431;11.6431;11.6431;10-Dec-2015
128267;Kotak FMP Series 145 (390 Days) - Dividend;INF174K01P16;;11.6107;11.6107;11.6107;10-Dec-2015
128265;Kotak FMP Series 145 (390 Days) - Growth;INF174K01L51;;11.6106;11.6106;11.6106;10-Dec-2015
128365;Kotak FMP Series 146 (388 Days) - Direct Growth;INF174K01M35;;11.6184;11.6184;11.6184;10-Dec-2015
128364;Kotak FMP Series 146 (388 Days) - Growth;INF174K01M19;;11.5868;11.5868;11.5868;10-Dec-2015
128575;Kotak FMP Series 147 (384 Days) - Direct Growth;INF174K01M76;;11.5959;11.5959;11.5959;10-Dec-2015
128574;Kotak FMP Series 147 (384 Days) - Growth;INF174K01M50;;11.5485;11.5485;11.5485;10-Dec-2015
128579;Kotak FMP Series 148 (388 Days) - Direct Growth;INF174K01N18;;11.5562;11.5562;11.5562;10-Dec-2015
128578;Kotak FMP Series 148 (388 Days) - Growth;INF174K01M92;;11.5294;11.5294;11.5294;10-Dec-2015
128758;Kotak FMP Series 149 (386 Days) - Direct Growth;INF174K01N59;;11.5559;11.5559;11.5559;10-Dec-2015
128756;Kotak FMP Series 149 (386 Days) - Growth;INF174K01N34;;11.519;11.519;11.519;10-Dec-2015
128753;Kotak FMP Series 150 (1109 Days) - Direct Dividend;INF174K01WK6;;11.8028;11.8028;11.8028;10-Dec-2015
128755;Kotak FMP Series 150 (1109 Days) - Direct Growth;INF174K01WJ8;;11.8028;11.8028;11.8028;10-Dec-2015
128752;Kotak FMP Series 150 (1109 Days) - Dividend;INF174K01WI0;;11.7422;11.7422;11.7422;10-Dec-2015
128754;Kotak FMP Series 150 (1109 Days) - Growth;INF174K01WH2;;11.7422;11.7422;11.7422;10-Dec-2015
128871;Kotak FMP Series 151 (388 Days) - Direct Growth;INF174K01N91;;11.5403;11.5403;11.5403;10-Dec-2015
128869;Kotak FMP Series 151 (388 Days) - Dividend;INF174K01N83;;11.5047;11.5047;11.5047;10-Dec-2015
128868;Kotak FMP Series 151 (388 Days) - Growth;INF174K01N75;;11.5048;11.5048;11.5048;10-Dec-2015
128905;Kotak FMP Series 153 (790 Days) - Direct Growth;INF174K01WZ4;;11.833;11.833;11.833;10-Dec-2015
128902;Kotak FMP Series 153 (790 Days) - Dividend;INF174K01WY7;;11.7426;11.7426;11.7426;10-Dec-2015
128904;Kotak FMP Series 153 (790 Days) - Growth;INF174K01WX9;;11.7426;11.7426;11.7426;10-Dec-2015
128909;Kotak FMP Series 154 (390 Days) - Direct Growth;INF174K01O33;;11.6603;11.6603;11.6603;10-Dec-2015
128907;Kotak FMP Series 154 (390 Days) - Dividend;INF174K01O25;;11.5649;11.5649;11.5649;10-Dec-2015
128906;Kotak FMP Series 154 (390 Days) - Growth;INF174K01O17;;11.565;11.565;11.565;10-Dec-2015
129037;Kotak FMP Series 156 (370 Days) - Direct Dividend;INF174K01K52;;11.5167;11.5167;11.5167;10-Dec-2015
129034;Kotak FMP Series 156 (370 Days) - Direct Growth;INF174K01K45;;11.5166;11.5166;11.5166;10-Dec-2015
129035;Kotak FMP Series 156 (370 Days) - Dividend;INF174K01P08;;11.4876;11.4876;11.4876;10-Dec-2015
129036;Kotak FMP Series 156 (370 Days) - Growth;INF174K01O90;;11.4876;11.4876;11.4876;10-Dec-2015
129340;Kotak FMP Series 157 (370 Days) - Direct Growth;INF174K01L02;;11.5001;11.5001;11.5001;10-Dec-2015
129339;Kotak FMP Series 157 (370 Days) - Growth;INF174K01K60;;11.4727;11.4727;11.4727;10-Dec-2015
129352;Kotak FMP Series 158 (370 Days) - Direct Growth;INF174K01L77;;11.5225;11.5225;11.5225;10-Dec-2015
129353;Kotak FMP Series 158 (370 Days) - Dividend;INF174K01L69;;11.5063;11.5063;11.5063;10-Dec-2015
129351;Kotak FMP Series 158 (370 Days) - Growth;INF174K01L44;;11.5061;11.5061;11.5061;10-Dec-2015
129408;Kotak FMP Series 159 (370 Days) - Direct Growth;INF174K01Q72;;11.5054;11.5054;11.5054;10-Dec-2015
129406;Kotak FMP Series 159 (370 Days) - Dividend;INF174K01Q64;;11.4932;11.4932;11.4932;10-Dec-2015
129405;Kotak FMP Series 159 (370 Days) - Growth;INF174K01Q56;;11.4932;11.4932;11.4932;10-Dec-2015
129543;Kotak FMP Series 160 (1039 Days) - Direct Dividend;INF174K01YC9;;11.5918;11.5918;11.5918;10-Dec-2015
129541;Kotak FMP Series 160 (1039 Days) - Direct Growth;INF174K01YB1;;11.5941;11.5941;11.5941;10-Dec-2015
129542;Kotak FMP Series 160 (1039 Days) - Dividend;INF174K01YA3;;11.5124;11.5124;11.5124;10-Dec-2015
129540;Kotak FMP Series 160 (1039 Days) - Growth;INF174K01XZ2;;11.5124;11.5124;11.5124;10-Dec-2015
129641;Kotak FMP Series 161 (370 Days) - Direct Dividend;INF174K01R22;;11.4253;11.4253;11.4253;10-Dec-2015
129639;Kotak FMP Series 161 (370 Days) - Direct Growth;INF174K01R14;;11.426;11.426;11.426;10-Dec-2015
129640;Kotak FMP Series 161 (370 Days) - Dividend;INF174K01R06;;11.4203;11.4203;11.4203;10-Dec-2015
129638;Kotak FMP Series 161 (370 Days) - Growth;INF174K01Q98;;11.4191;11.4191;11.4191;10-Dec-2015
129768;Kotak FMP Series 162 (370 Days) - Direct Growth;INF174K01R55;;11.4222;11.4222;11.4222;10-Dec-2015
129765;Kotak FMP Series 162 (370 Days) - Dividend;INF174K01R48;;11.3802;11.3802;11.3802;10-Dec-2015
129766;Kotak FMP Series 162 (370 Days) - Growth;INF174K01R30;;11.3802;11.3802;11.3802;10-Dec-2015
131097;Kotak FMP Series 163 (1100 Days) - Direct Growth;INF174K01A13;;11.3277;11.3277;11.3277;10-Dec-2015
131098;Kotak FMP Series 163 (1100 Days) - Dividend;INF174K01A05;;11.2988;11.2988;11.2988;10-Dec-2015
131096;Kotak FMP Series 163 (1100 Days) - Growth;INF174K01ZZ7;;11.2988;11.2988;11.2988;10-Dec-2015
133663;Kotak FMP Series 171 (1099 Days) - Direct Growth;INF174K01H08;;10.7242;10.617;10.7242;10-Dec-2015
133662;Kotak FMP Series 171 (1099 Days) - Growth;INF174K01G82;;10.6971;10.5901;10.6971;10-Dec-2015
134179;Kotak FMP Series 172 - Direct Dividend;INF174K01I56;;10.8251;10.7168;10.8251;10-Dec-2015
134176;Kotak FMP Series 172 - Direct Growth;INF174K01I49;;10.8229;10.7147;10.8229;10-Dec-2015
134178;Kotak FMP Series 172 - Regular Dividend;INF174K01I31;;10.8037;10.6957;10.8037;10-Dec-2015
134177;Kotak FMP Series 172 - Regular Growth;INF174K01I23;;10.8037;10.6957;10.8037;10-Dec-2015
134841;Kotak FMP Series 175 (1100 Days) - Direct Growth;INF174K01R97;;10.423;10.423;10.423;10-Dec-2015
134839;Kotak FMP Series 175 (1100 Days) - Regular Dividend;INF174K01R89;;10.4092;10.4092;10.4092;10-Dec-2015
134838;Kotak FMP Series 175 (1100 Days) - Regular Growth;INF174K01R71;;10.4092;10.4092;10.4092;10-Dec-2015
135048;Kotak FMP Series 176 - Direct Plan - Growth;INF174K01S96;;10.3533;10.3533;10.3533;10-Dec-2015
135050;Kotak FMP Series 176 - Regular Plan - Dividend;INF174K01S88;;10.3407;10.3407;10.3407;10-Dec-2015
135047;Kotak FMP Series 176 - Regular Plan - Growth;INF174K01S70;;10.3407;10.3407;10.3407;10-Dec-2015
135237;Kotak FMP Series 178 - Direct Growth;INF174K01U01;;10.2462;10.2462;10.2462;10-Dec-2015
135236;Kotak FMP Series 178 - Regular Dividend;INF174K01T95;;10.2383;10.2383;10.2383;10-Dec-2015
135239;Kotak FMP Series 178 - Regular Growth;INF174K01T87;;10.2383;10.2383;10.2383;10-Dec-2015
135374;Kotak FMP Series 179 - Direct Dividend;INF174K01U92;;10.1702;10.1702;10.1702;10-Dec-2015
135375;Kotak FMP Series 179 - Direct Growth;INF174K01U84;;10.1701;10.1701;10.1701;10-Dec-2015
135373;Kotak FMP Series 179 - Regular Dividend;INF174K01U76;;10.1646;10.1646;10.1646;10-Dec-2015
135372;Kotak FMP Series 179 - Regular Growth;INF174K01U68;;10.1646;10.1646;10.1646;10-Dec-2015
135485;Kotak FMP Series 180 (1099 Days) - Direct Growth;INF174K01Y31;;10.1076;10.1076;10.1076;10-Dec-2015
135484;Kotak FMP Series 180 (1099 Days) - Regular Dividend;INF174K01Y23;;10.1035;10.1035;10.1035;10-Dec-2015
135488;Kotak FMP Series 180 (1099 Days) - Regular Growth;INF174K01Y15;;10.1035;10.1035;10.1035;10-Dec-2015
135608;Kotak FMP Series 181 - Direct Dividend;INF174K01Z55;;10.06;10.06;10.06;10-Dec-2015
135609;Kotak FMP Series 181 - Direct Growth;INF174K01Z48;;10.0599;10.0599;10.0599;10-Dec-2015
135611;Kotak FMP Series 181 - Regular Dividend;INF174K01Z63;;10.0565;10.0565;10.0565;10-Dec-2015
135610;Kotak FMP Series 181 - Regular Growth;INF174K01Z30;;10.0565;10.0565;10.0565;10-Dec-2015
135758;Kotak FMP Series 182 - Direct Dividend;INF174K015A5;;10.0095;10.0095;10.0095;10-Dec-2015
135757;Kotak FMP Series 182 - Direct Growth;INF174K014A8;;10.0096;10.0096;10.0096;10-Dec-2015
135756;Kotak FMP Series 182 - Regular Dividend;INF174K013A0;;10.0083;10.0083;10.0083;10-Dec-2015
135755;Kotak FMP Series 182 - Regular Growth;INF174K012A2;;10.0083;10.0083;10.0083;10-Dec-2015
126496;Kotak Hybrid Fixed Term Plan Series 2 - Direct Plan - Diviedend;INF174K01TK2;;11.8655;11.8655;11.8655;10-Dec-2015
126497;Kotak Hybrid Fixed Term Plan Series 2 - Direct Plan - Growth;INF174K01TJ4;;11.8657;11.8657;11.8657;10-Dec-2015
126498;Kotak Hybrid Fixed Term Plan Series 2 - Regular Plan - Dividend;INF174K01TI6;;11.6448;11.6448;11.6448;10-Dec-2015
126495;Kotak Hybrid Fixed Term Plan Series 2 - Regular Plan - Growth;INF174K01TH8;;11.6448;11.6448;11.6448;10-Dec-2015

L&T Mutual Fund
124575;L&T FMP - SERIES IX - PLAN B - Dividend-Regular Plan;INF917K01SV3;;11.1257;0.0000;0.0000;10-Dec-2015
124574;L&T FMP - SERIES IX - PLAN B - Growth-Direct Plan;INF917K01SY7;;12.2471;0.0000;0.0000;10-Dec-2015
124573;L&T FMP - SERIES IX - PLAN B - Growth-Regular Plan;INF917K01SW1;;12.1854;0.0000;0.0000;10-Dec-2015
125812;L&T FMP - Series IX-Plan J- Growth - Direct Plan;INF917K01MS2;;11.9076;0.0000;0.0000;10-Dec-2015
125811;L&T FMP - Series IX-Plan J- Regular Plan - Growth;INF917K01MQ6;;11.8295;0.0000;0.0000;10-Dec-2015
125804;L&T FMP - Series IX-Plan H - Dividend Payout - Regular Plan;INF917K01XV3;;11.1870;0.0000;0.0000;10-Dec-2015
125801;L&T FMP - Series IX-Plan H- Dividend Payout - Direct Plan;INF917K01XX9;;11.2548;0.0000;0.0000;10-Dec-2015
125803;L&T FMP - Series IX-Plan H- Growth - Direct Plan;INF917K01XY7;;12.1250;0.0000;0.0000;10-Dec-2015
125802;L&T FMP - Series IX-Plan H- Growth - Regular Plan;INF917K01XW1;;12.0055;0.0000;0.0000;10-Dec-2015
123600;L&T FMP - Series VIII - Plan C - Dividend Option - Regular Plan;INF917K01JQ2;;10.3083;0.0000;0.0000;10-Dec-2015
123599;L&T FMP - Series VIII - Plan C - Dividend Option-Direct Plan;INF917K01JS8;;10.3114;0.0000;0.0000;10-Dec-2015
123293;L&T FMP - Series VIII - Plan C - Growth Option - Regular Plan;INF917K01JR0;;12.1981;0.0000;0.0000;10-Dec-2015
123598;L&T FMP - Series VIII - Plan C - Growth Option-Direct Plan;INF917K01JT6;;12.2733;0.0000;0.0000;10-Dec-2015
123965;L&T FMP - Series VIII - Plan F - Growth Option - Regular Plan;INF917K01RM4;;12.3602;0.0000;0.0000;10-Dec-2015
123963;L&T FMP - Series VIII - Plan F - Growth Option-Direct Plan;INF917K01RO0;;12.4116;0.0000;0.0000;10-Dec-2015
124569;L&T FMP - Series VIII - Plan J - Dividend Option - Regular Plan;INF917K01SR1;;11.1373;0.0000;0.0000;10-Dec-2015
124571;L&T FMP - Series VIII - Plan J - Growth - Regular Plan;INF917K01SS9;;12.2740;0.0000;0.0000;10-Dec-2015
124572;L&T FMP - Series VIII - Plan J - Growth Option-Direct Plan;INF917K01SU5;;12.3084;0.0000;0.0000;10-Dec-2015
121859;L&T FMP - VII (April1124D A) - Dividend Payout - Regular Plan;INF917K01IA8;;10.6012;0.0000;0.0000;10-Dec-2015
121862;L&T FMP - VII (April1124D A) - Growth - Direct Plan;INF917K01ID2;;12.8231;0.0000;0.0000;10-Dec-2015
121861;L&T FMP - VII (April1124D A) - Growth - Regular Plan;INF917K01IB6;;12.7214;0.0000;0.0000;10-Dec-2015
121611;L&T FMP - VII (August1095D A) - Direct Plan - Growth;INF917K01GX4;;12.5867;0.0000;0.0000;10-Dec-2015
121610;L&T FMP - VII (August1095D A) - Regular Plan - Dividend;INF917K01GU0;;10.2380;0.0000;0.0000;10-Dec-2015
121613;L&T FMP - VII (August1095D A) - Regular Plan - Growth;INF917K01GV8;;12.5192;0.0000;0.0000;10-Dec-2015
121260;L&T FMP - VII (July1189D A) - Dividend (payout) - Direct Plan;INF917K01EV3;;11.3163;0.0000;0.0000;10-Dec-2015
121259;L&T FMP - VII (July1189D A) - Dividend (payout) - Regular Plan;INF917K01ES9;;11.2611;0.0000;0.0000;10-Dec-2015
121262;L&T FMP - VII (July1189D A) - Growth - Direct Plan;INF917K01EU5;;12.8407;0.0000;0.0000;10-Dec-2015
121261;L&T FMP - VII (July1189D A) - Growth - Regular Plan;INF917K01ET7;;12.6824;0.0000;0.0000;10-Dec-2015
125564;L&T FMP - Series IX-Plan G - Growth - Regular Plan;INF917K01TG2;;11.8612;0.0000;0.0000;10-Dec-2015
125562;L&T FMP - Series IX-Plan G- Growth - Direct Plan;INF917K01TE7;;11.9423;0.0000;0.0000;10-Dec-2015
128513;L&T FMP Series X - Plan Q (1511 days) - Direct Plan - Growth;INF917K01VF0;;11.5969;0.0000;0.0000;10-Dec-2015
128511;L&T FMP Series X - Plan Q (1511 days) - Regular Plan - Growth;INF917K01VH6;;11.5491;0.0000;0.0000;10-Dec-2015
128582;L&T FMP Series X - Plan S (1500 days) - Direct Plan - Dividend;INF917K01VA1;;10.5467;0.0000;0.0000;10-Dec-2015
128584;L&T FMP Series X - Plan S (1500 days) - Direct Plan - Growth;INF917K01VB9;;11.5563;0.0000;0.0000;10-Dec-2015
128585;L&T FMP Series X - Plan S (1500 days) - Regular Plan - Growth;INF917K01VD5;;11.5331;0.0000;0.0000;10-Dec-2015
128587;L&T FMP Series X - Plan T (1500 days) - Direct Plan - Growth;INF917K01UX5;;11.5540;0.0000;0.0000;10-Dec-2015
128588;L&T FMP Series X - Plan T (1500 days) - Regular Plan - Growth;INF917K01UZ0;;11.5313;0.0000;0.0000;10-Dec-2015
124329;L&T FMP Series - VIII-Plan I - Growth Option - Regular Plan;INF917K01RU7;;12.3702;0.0000;0.0000;10-Dec-2015
124330;L&T FMP Series - VIII-Plan I-Growth Option-Direct Plan;INF917K01RW3;;12.4189;0.0000;0.0000;10-Dec-2015
124187;L&T FMP SERIES -VIII-Plan G - Dividend Option - Direct Plan;INF917K01RR3;;11.2656;0.0000;0.0000;10-Dec-2015
124186;L&T FMP SERIES -VIII-Plan G - Dividend Option - Regular Plan;INF917K01RP7;;11.1778;0.0000;0.0000;10-Dec-2015
124184;L&T FMP SERIES -VIII-Plan G - Growth Option - Regular Plan;INF917K01RQ5;;12.4193;0.0000;0.0000;10-Dec-2015
124185;L&T FMP SERIES -VIII-Plan G - Growth Option-Direct Plan;INF917K01RS1;;12.4596;0.0000;0.0000;10-Dec-2015
126196;L&T FMP Series X - Plan B (1119 days) - Direct Plan - Growth Option;INF917K01NA8;;11.8429;0.0000;0.0000;10-Dec-2015
126198;L&T FMP Series X - Plan B (1119 days) - Regular Plan - Growth Option;INF917K01MY0;;11.7680;0.0000;0.0000;10-Dec-2015
126197;L&T FMP Series X - Plan B (1119 days) - Regular Plan- Dividend (Payout) Option;INF917K01MX2;;10.4586;0.0000;0.0000;10-Dec-2015
126574;L&T FMP Series X - Plan E (1000 days) - Direct Plan - Dividend (Payout) Option;INF917K01XR1;;11.3449;0.0000;0.0000;10-Dec-2015
126572;L&T FMP Series X - Plan E (1000 days) - Direct Plan - Growth Option;INF917K01XS9;;12.0982;0.0000;0.0000;10-Dec-2015
126573;L&T FMP Series X - Plan E (1000 days) - Regular Plan - Dividend (Payout) Option;INF917K01XT7;;11.2698;0.0000;0.0000;10-Dec-2015
126575;L&T FMP Series X - Plan E (1000 days) - Regular Plan - Growth Option;INF917K01XU5;;11.9745;0.0000;0.0000;10-Dec-2015
127134;L&T FMP Series X - Plan H (1155 days) - Direct Plan - Growth Option;INF917K01WL6;;11.7487;0.0000;0.0000;10-Dec-2015
127136;L&T FMP Series X - Plan H (1155 days) - Regular Plan - Growth Option;INF917K01WN2;;11.6995;0.0000;0.0000;10-Dec-2015
127859;L&T FMP Series X - Plan M (1520 days) - Direct Plan - Dividend;INF917K01US5;;10.5375;0.0000;0.0000;10-Dec-2015
127862;L&T FMP Series X - Plan M (1520 days) - Direct Plan - Growth;INF917K01UT3;;11.7678;0.0000;0.0000;10-Dec-2015
127861;L&T FMP Series X - Plan M (1520 days) - Regular Plan - Growth;INF917K01UV9;;11.5989;0.0000;0.0000;10-Dec-2015
127974;L&T FMP Series X - Plan O (1139 days) - Direct Plan - Dividend (Payout)  Option;INF917K01OX8;;11.3085;0.0000;0.0000;10-Dec-2015
127975;L&T FMP Series X - Plan O (1139 days) - Direct Plan - Growth Option;INF917K01OY6;;11.8976;0.0000;0.0000;10-Dec-2015
127972;L&T FMP Series X - Plan O (1139 days) - Regular Plan - Dividend (Payout) Option;INF917K01OZ3;;11.2338;0.0000;0.0000;10-Dec-2015
127973;L&T FMP Series X - Plan O (1139 days) - Regular Plan - Growth Option;INF917K01PA3;;11.7848;0.0000;0.0000;10-Dec-2015
128516;L&T FMP Series X - Plan R (1506 days) - Direct Plan - Growth;INF917K01VJ2;;11.5971;0.0000;0.0000;10-Dec-2015
128515;L&T FMP Series X - Plan R (1506 days) - Regular Plan - Growth;INF917K01VL8;;11.5425;0.0000;0.0000;10-Dec-2015
129055;L&T FMP Series XI - Plan A (1484 days) - Direct Plan - Dividend;INF917K01WG6;;10.5317;0.0000;0.0000;10-Dec-2015
129056;L&T FMP Series XI - Plan A (1484 days) - Direct Plan - Growth;INF917K01WJ0;;11.5098;0.0000;0.0000;10-Dec-2015
129058;L&T FMP Series XI - Plan A (1484 days) - Regular Plan - Growth;INF917K01WI2;;11.4878;0.0000;0.0000;10-Dec-2015
130789;L&T FMP Series XI - Plan C(1139 days) - Direct Plan - Dividend;INF917K01QX3;;11.4238;0.0000;0.0000;10-Dec-2015
130790;L&T FMP Series XI - Plan C(1139 days) - Direct Plan - Growth;INF917K01QY1;;11.4238;0.0000;0.0000;10-Dec-2015
130791;L&T FMP Series XI - Plan C(1139 days) - Regular Plan - Dividend;INF917K01QZ8;;11.3609;0.0000;0.0000;10-Dec-2015
130792;L&T FMP Series XI - Plan C(1139 days) - Regular Plan - Growth;INF917K01RA9;;11.3609;0.0000;0.0000;10-Dec-2015
125220;L&T FMP - Series IX-Plan E - Growth - Direct Plan;INF917K01LY2;;11.9865;0.0000;0.0000;10-Dec-2015
125214;L&T FMP - Series IX-Plan E - Growth - Regular Plan;INF917K01LW6;;11.9047;0.0000;0.0000;10-Dec-2015
125217;L&T FMP - Series IX-Plan D - Dividend Payout - Direct Plan;INF917K01SZ4;;10.9542;0.0000;0.0000;10-Dec-2015
125212;L&T FMP - Series IX-Plan D - Dividend Payout - Regular Plan;INF917K01TB3;;10.9296;0.0000;0.0000;10-Dec-2015
125218;L&T FMP - Series IX-Plan D - Growth - Direct Plan;INF917K01TA5;;11.9726;0.0000;0.0000;10-Dec-2015
125213;L&T FMP - Series IX-Plan D - Growth - Regular Plan;INF917K01TC1;;11.9165;0.0000;0.0000;10-Dec-2015

LIC Mutual Fund
124355;LIC MF CAPITAL PROTECTION ORIENTED FUND SERIES 1 - DIRECT PLAN - DIVIDEND PAYOUT;INF767K01IA7;;11.9396;11.9396;11.9396;10-Dec-2015
124356;LIC MF CAPITAL PROTECTION ORIENTED FUND SERIES 1 - DIRECT PLAN - GROWTH;INF767K01IB5;;11.9399;11.9399;11.9399;10-Dec-2015
124353;LIC MF CAPITAL PROTECTION ORIENTED FUND SERIES 1 - REGULAR PLAN - DIVIDEND PAYOUT;INF767K01IC3;;11.8195;11.8195;11.8195;10-Dec-2015
124354;LIC MF CAPITAL PROTECTION ORIENTED FUND SERIES 1 - REGULAR PLAN - GROWTH;INF767K01ID1;;11.8195;11.8195;11.8195;10-Dec-2015
129313;LIC MF CAPITAL PROTECTION ORIENTED FUND SERIES 3(37 MONTHS) - DIRECT PLAN - DIVIDEND PAYOUT;INF767K01KH8;;11.2691;11.2691;11.2691;10-Dec-2015
129314;LIC MF CAPITAL PROTECTION ORIENTED FUND SERIES 3(37 MONTHS) - DIRECT PLAN - GROWTH;INF767K01KI6;;11.2690;11.2690;11.2690;10-Dec-2015
129315;LIC MF CAPITAL PROTECTION ORIENTED FUND SERIES 3(37 MONTHS) - REGULAR PLAN - DIVIDEN PAYOUT;INF767K01KF2;;11.1798;11.1798;11.1798;10-Dec-2015
129316;LIC MF CAPITAL PROTECTION ORIENTED FUND SERIES 3(37 MONTHS) - REGULAR PLAN - GROWTH;INF767K01KG0;;11.1798;11.1798;11.1798;10-Dec-2015
126239;LIC MF Capital Protection Oriented Fund-Series 2-Direct Plan-Dividend Payout;INF767K01PJ3;;11.8812;11.8812;11.8812;10-Dec-2015
126380;LIC MF Capital Protection Oriented Fund-Series 2-Direct Plan-Growth;INF767K01PK1;;11.8812;11.8812;11.8812;10-Dec-2015
126382;LIC MF Capital Protection Oriented Fund-Series 2-Regular Plan-Dividend Payout;INF767K01PH7;;11.7696;11.7696;11.7696;10-Dec-2015
126381;LIC MF Capital Protection Oriented Fund-Series 2-Regular Plan-Growth;INF767K01PI5;;11.7696;11.7696;11.7696;10-Dec-2015
130359;LIC MF Capital Protection Oriented Fund-Series 4-Direct Plan-Growth;INF767K01LC7;;11.0132;11.0132;11.0132;10-Dec-2015
130364;LIC MF Capital Protection Oriented Fund-Series 4-Regular Plan-Dividend Payout;INF767K01KZ0;;10.9547;10.9547;10.9547;10-Dec-2015
130365;LIC MF Capital Protection Oriented Fund-Series 4-Regular Plan-Growth;INF767K01LA1;;10.9547;10.9547;10.9547;10-Dec-2015
131404;LIC MF Capital Protection Oriented Fund-Series 5-Direct Plan-Dividend Payout;INF767K01LZ8;;10.7584;10.7584;10.7584;10-Dec-2015
131405;LIC MF Capital Protection Oriented Fund-Series 5-Direct Plan-Growth;INF767K01MA9;;10.7585;10.7585;10.7585;10-Dec-2015
131406;LIC MF Capital Protection Oriented Fund-Series 5-Regular Plan-Dividend Payout;INF767K01LX3;;10.7138;10.7138;10.7138;10-Dec-2015
131407;LIC MF Capital Protection Oriented Fund-Series 5-Regular Plan-Growth;INF767K01LY1;;10.7138;10.7138;10.7138;10-Dec-2015
134727;LIC MF Dual Advantage Fixed Term Plan-Series 1-Direct Plan-Dividend Payout;INF767K01OE7;;9.8888;9.8888;9.8888;10-Dec-2015
134726;LIC MF Dual Advantage Fixed Term Plan-Series 1-Direct Plan-Growth;INF767K01OF4;;9.8888;9.8888;9.8888;10-Dec-2015
134729;LIC MF Dual Advantage Fixed Term Plan-Series 1-Regular Plan-Dividend Payout;INF767K01OC1;;9.8481;9.8481;9.8481;10-Dec-2015
134728;LIC MF Dual Advantage Fixed Term Plan-Series 1-Regular Plan-Growth;INF767K01OD9;;9.8481;9.8481;9.8481;10-Dec-2015
135345;LIC MF Dual Advantage Fixed Term Plan-Series 2-Direct Plan-Dividend Payout;INF767K01OM0;;9.8993;9.8993;9.8993;10-Dec-2015
135346;LIC MF Dual Advantage Fixed Term Plan-Series 2-Direct Plan-Growth;INF767K01ON8;;9.8993;9.8993;9.8993;10-Dec-2015
135347;LIC MF Dual Advantage Fixed Term Plan-Series 2-Regular Plan-Dividend Payout;INF767K01OK4;;9.8785;9.8785;9.8785;10-Dec-2015
135348;LIC MF Dual Advantage Fixed Term Plan-Series 2-Regular Plan-Growth;INF767K01OL2;;9.8785;9.8785;9.8785;10-Dec-2015
135588;LIC MF Dual Advantage Fixed Term Plan-Series 3-Direct Plan-Dividend Payout;INF767K01OQ1;;10.0278;10.0278;10.0278;10-Dec-2015
135589;LIC MF Dual Advantage Fixed Term Plan-Series 3-Direct Plan-Growth;INF767K01OR9;;10.0278;10.0278;10.0278;10-Dec-2015
135590;LIC MF Dual Advantage Fixed Term Plan-Series 3-Regular Plan-Dividend Payout;INF767K01OO6;;10.0217;10.0217;10.0217;10-Dec-2015
135591;LIC MF Dual Advantage Fixed Term Plan-Series 3-Regular Plan-Growth;INF767K01OP3;;10.0217;10.0217;10.0217;10-Dec-2015
122540;LIC MF FIXED MATURITY PLAN SERIES 64 - DIRECT PLAN - DIVIDEND PAYOUT;INF767K01NO8;;10.5098;0.0000;0.0000;10-Dec-2015
122541;LIC MF FIXED MATURITY PLAN SERIES 64 - DIRECT PLAN - GROWTH;INF767K01NP5;;12.2986;0.0000;0.0000;10-Dec-2015
122542;LIC MF FIXED MATURITY PLAN SERIES 64 - GROWTH;INF767K01NN0;;12.2770;0.0000;0.0000;10-Dec-2015
125921;LIC MF FIXED MATURITY PLAN SERIES 72(MATURITY DATE 13/12/2016) - DIRECT PLAN - DIVIDEND PAYOUT;INF767K01OA5;;10.4264;0.0000;0.0000;10-Dec-2015
125923;LIC MF FIXED MATURITY PLAN SERIES 72(MATURITY DATE 13/12/2016) - DIRECT PLAN - GROWTH;INF767K01OB3;;11.9085;0.0000;0.0000;10-Dec-2015
125922;LIC MF FIXED MATURITY PLAN SERIES 72(MATURITY DATE 13/12/2016) - REGULAR PLAN - DIVIDEND PAYOUT;INF767K01NY7;;10.4056;0.0000;0.0000;10-Dec-2015
125924;LIC MF FIXED MATURITY PLAN SERIES 72(MATURITY DATE 13/12/2016) - REGULAR PLAN - GROWTH;INF767K01NZ4;;11.8139;0.0000;0.0000;10-Dec-2015
129874;LIC MF FIXED MATURITY PLAN SERIES 82(764 DAYS)-DIRECT PLAN-GROWTH;INF767K01NT7;;11.4098;0.0000;0.0000;10-Dec-2015
129875;LIC MF FIXED MATURITY PLAN SERIES 82(764 DAYS)-REGULAR PLAN-GROWTH;INF767K01NR1;;11.3516;0.0000;0.0000;10-Dec-2015
129940;LIC MF FIXED MATURITY PLAN SERIES 83-DIRECT PLAN-GROWTH;INF767K01NV3;;11.3428;0.0000;0.0000;10-Dec-2015
129939;LIC MF FIXED MATURITY PLAN SERIES 83-REGULAR PLAN-GROWTH;INF767K01NX9;;11.3307;0.0000;0.0000;10-Dec-2015
130299;LIC MF FIXED MATURITY PLAN SERIES 85(EXTENDED MATURITY DATE- 27/06/2017)-DIRECT PLAN-DIVIDEND PAYOUT;INF767K01PF1;;11.3861;0.0000;0.0000;10-Dec-2015
130302;LIC MF FIXED MATURITY PLAN SERIES 85(EXTENDED MATURITY DATE- 27/06/2017)-DIRECT PLAN-GROWTH;INF767K01PG9;;11.3859;0.0000;0.0000;10-Dec-2015
130300;LIC MF FIXED MATURITY PLAN SERIES 85(EXTENDED MATURITY DATE- 27/06/2017)-REGULAR PLAN-DIVIDEND PAYOUT;INF767K01PD6;;11.3020;0.0000;0.0000;10-Dec-2015
130301;LIC MF FIXED MATURITY PLAN SERIES 85(EXTENDED MATURITY DATE- 27/06/2017)-REGULAR PLAN-GROWTH;INF767K01PE4;;11.3020;0.0000;0.0000;10-Dec-2015
130350;LIC MF Fixed Maturity Plan-Series 86-Direct Plan-Growth;INF767K01OJ6;;11.2575;0.0000;0.0000;10-Dec-2015
130352;LIC MF Fixed Maturity Plan-Series 86-Regular Plan-Dividend Payout;INF767K01OG2;;10.3357;0.0000;0.0000;10-Dec-2015
130351;LIC MF Fixed Maturity Plan-Series 86-Regular Plan-Growth;INF767K01OH0;;11.2461;0.0000;0.0000;10-Dec-2015
131542;LIC MF Fixed Maturity Plan-Series 89-Direct Plan-Growth;INF767K01ME1;;11.1496;0.0000;0.0000;10-Dec-2015
131543;LIC MF Fixed Maturity Plan-Series 89-Regular Plan-Dividend Payout;INF767K01MB7;;11.0919;0.0000;0.0000;10-Dec-2015
131544;LIC MF Fixed Maturity Plan-Series 89-Regular Plan-Growth;INF767K01MC5;;11.0920;0.0000;0.0000;10-Dec-2015
132911;LIC MF Fixed Maturity Plan-Series 90-Direct Plan-Dividend Payout;INF767K01MH4;;10.9983;0.0000;0.0000;10-Dec-2015
132909;LIC MF Fixed Maturity Plan-Series 90-Direct Plan-Growth;INF767K01MI2;;10.9984;0.0000;0.0000;10-Dec-2015
132910;LIC MF Fixed Maturity Plan-Series 90-Regular Plan-Dividend Payout;INF767K01MF8;;10.9500;0.0000;0.0000;10-Dec-2015
132912;LIC MF Fixed Maturity Plan-Series 90-Regular Plan-Growth;INF767K01MG6;;10.9500;0.0000;0.0000;10-Dec-2015
133225;LIC MF Fixed Maturity Plan-Series 92-Direct Plan-Growth;INF767K01MU7;;10.9108;0.0000;0.0000;10-Dec-2015
133226;LIC MF Fixed Maturity Plan-Series 92-Regular Plan-Dividend Payout;INF767K01MR3;;10.8451;0.0000;0.0000;10-Dec-2015
133227;LIC MF Fixed Maturity Plan-Series 92-Regular Plan-Growth;INF767K01MS1;;10.8450;0.0000;0.0000;10-Dec-2015

Nippon India Mutual Fund
126479;Nippon India Fixed Horizon Fund - XXV - Series 15 - Direct Plan - Dividend Payout Option;INF204KB1A14;;12.1534;12.1534;12.1534;10-Dec-2015
126477;Nippon India Fixed Horizon Fund - XXV - Series 15 - Direct Plan - Growth Option;INF204KB1A06;;12.1534;12.1534;12.1534;10-Dec-2015
126478;Nippon India Fixed Horizon Fund - XXV - Series 15 - Dividend Payout Option;INF204KB1ZZ9;;12.0710;12.0710;12.0710;10-Dec-2015
126480;Nippon India Fixed Horizon Fund - XXV - Series 15 - Growth Option;INF204KB1ZY2;;12.0710;12.0710;12.0710;10-Dec-2015
117340;Reliance Dual Advantage Fixed Tenure Fund II - Plan G - Dividend Payout Option;INF204K01SC6;-;14.2962;14.2962;14.2962;10-Dec-2015
117339;Reliance Dual Advantage Fixed Tenure Fund II - Plan G - Growth Option;INF204K01SB8;-;14.2962;14.2962;14.2962;10-Dec-2015
117601;Reliance Dual Advantage Fixed Tenure Fund II - Plan H - Dividend Payout Option;INF204K01SE2;;13.7711;13.7711;13.7711;10-Dec-2015
117600;Reliance Dual Advantage Fixed Tenure Fund II - Plan H - Growth Option;INF204K01SD4;;13.7711;13.7711;13.7711;10-Dec-2015
121096;Reliance Dual Advantage Fixed Tenure Fund III - Plan A - Direct Plan - Dividend Payout Option;INF204K01M96;-;12.8808;12.8808;12.8808;10-Dec-2015
121095;Reliance Dual Advantage Fixed Tenure Fund III - Plan A - Direct Plan - Growth Option;INF204K01M88;-;12.8808;12.8808;12.8808;10-Dec-2015
121098;Reliance Dual Advantage Fixed Tenure Fund III - Plan A - Dividend Payout Option;INF204K01M70;-;12.5155;12.5155;12.5155;10-Dec-2015
121097;Reliance Dual Advantage Fixed Tenure Fund III - Plan A - Growth Option;INF204K01M62;-;12.5155;12.5155;12.5155;10-Dec-2015
122240;Reliance Dual Advantage Fixed Tenure Fund III - Plan B - Direct Plan - Dividend Payout Option;INF204K01N38;;14.0456;14.0456;14.0456;10-Dec-2015
122238;Reliance Dual Advantage Fixed Tenure Fund III - Plan B - Direct Plan - Growth Option;INF204K01N20;;14.0456;14.0456;14.0456;10-Dec-2015
122239;Reliance Dual Advantage Fixed Tenure Fund III - Plan B - Dividend Payout Option;INF204K01N12;;13.6679;13.6679;13.6679;10-Dec-2015
122237;Reliance Dual Advantage Fixed Tenure Fund III - Plan B - Growth Option;INF204K01N04;;13.6679;13.6679;13.6679;10-Dec-2015
122510;Reliance Dual Advantage Fixed Tenure Fund III - Plan C - Direct Plan - Dividend Option;INF204K01N79;;12.5329;12.5329;12.5329;10-Dec-2015
122512;Reliance Dual Advantage Fixed Tenure Fund III - Plan C - Dividend Option;INF204K01N53;;12.2223;12.2223;12.2223;10-Dec-2015
122511;Reliance Dual Advantage Fixed Tenure Fund III - Plan C - Growth Option;INF204K01N46;;12.2223;12.2223;12.2223;10-Dec-2015
122509;Reliance Dual Advantage Fixed Tenure Fund III -Plan C- Direct Plan - Growth Option;INF204K01N61;;12.5329;12.5329;12.5329;10-Dec-2015
122700;Reliance Dual Advantage Fixed Tenure Fund III - Plan D - Direct Plan - Dividend Payout Option;INF204K01O11;;12.6756;12.6756;12.6756;10-Dec-2015
122702;Reliance Dual Advantage Fixed Tenure Fund III - Plan D - Direct Plan - Growth Option;INF204K01O03;;12.6756;12.6756;12.6756;10-Dec-2015
122699;Reliance Dual Advantage Fixed Tenure Fund III - Plan D - Dividend Payout Option;INF204K01N95;;12.3474;12.3474;12.3474;10-Dec-2015
122701;Reliance Dual Advantage Fixed Tenure Fund III - Plan D - Growth Option;INF204K01N87;;12.3474;12.3474;12.3474;10-Dec-2015
122913;Reliance Dual Advantage Fixed Tenure Fund IV - Plan A - Direct Plan -Growth Option;INF204KA1669;;12.9365;12.9365;12.9365;10-Dec-2015
122911;Reliance Dual Advantage Fixed Tenure Fund IV - Plan A - Direct Plan- Dividend Payout option;INF204KA1677;;12.9365;12.9365;12.9365;10-Dec-2015
122912;Reliance Dual Advantage Fixed Tenure Fund IV - Plan A - Dividend Option;INF204KA1651;;12.6174;12.6174;12.6174;10-Dec-2015
122910;Reliance Dual Advantage Fixed Tenure Fund IV - Plan A - Growth Option;INF204KA1644;;12.6174;12.6174;12.6174;10-Dec-2015
123451;Reliance Dual Advantage Fixed Tenure Fund IV - Plan B - Direct Plan - Growth Option;INF204KA1701;;12.5738;12.5738;12.5738;10-Dec-2015
123453;Reliance Dual Advantage Fixed Tenure Fund IV - Plan B - Dividend Payout Option;INF204KA1693;;12.2821;12.2821;12.2821;10-Dec-2015
123452;Reliance Dual Advantage Fixed Tenure Fund IV - Plan B - Growth Option;INF204KA1685;;12.2821;12.2821;12.2821;10-Dec-2015
124338;Reliance Dual Advantage Fixed Tenure Fund IV - Plan C - Direct Plan - Dividend Payout Option;INF204KA1750;;12.9606;12.9606;12.9606;10-Dec-2015
124339;Reliance Dual Advantage Fixed Tenure Fund IV - Plan C - Direct Plan - Growth Option;INF204KA1743;;12.9606;12.9606;12.9606;10-Dec-2015
124340;Reliance Dual Advantage Fixed Tenure Fund IV - Plan C - Dividend Payout Option;INF204KA1735;;12.6538;12.6538;12.6538;10-Dec-2015
124337;Reliance Dual Advantage Fixed Tenure Fund IV - Plan C - Growth Option;INF204KA1727;;12.6538;12.6538;12.6538;10-Dec-2015
124831;Reliance Dual Advantage Fixed Tenure Fund IV - Plan D - Direct Plan - Dividend Payout Option;INF204KA1792;;12.5512;12.5512;12.5512;10-Dec-2015
124829;Reliance Dual Advantage Fixed Tenure Fund IV - Plan D - Direct Plan - Growth Option;INF204KA1784;;12.5512;12.5512;12.5512;10-Dec-2015
124830;Reliance Dual Advantage Fixed Tenure Fund IV - Plan D - Dividend Payout Option;INF204KA1776;;12.2608;12.2608;12.2608;10-Dec-2015
124828;Reliance Dual Advantage Fixed Tenure Fund IV - Plan D - Growth Option;INF204KA1768;;12.2608;12.2608;12.2608;10-Dec-2015
125718;Reliance Dual Advantage Fixed Tenure Fund IV - Plan E - Direct Plan - Dividend Payout Option;INF204KA1834;;12.0724;12.0724;12.0724;10-Dec-2015
125716;Reliance Dual Advantage Fixed Tenure Fund IV - Plan E - Direct Plan - Growth Option;INF204KA1826;;12.0724;12.0724;12.0724;10-Dec-2015
125717;Reliance Dual Advantage Fixed Tenure Fund IV - Plan E - Dividend Payout Option;INF204KA1818;;11.7848;11.7848;11.7848;10-Dec-2015
125715;Reliance Dual Advantage Fixed Tenure Fund IV - Plan E - Growth Option;INF204KA1800;;11.7848;11.7848;11.7848;10-Dec-2015
126901;Reliance Dual Advantage Fixed Tenure Fund V - Plan A - Direct Plan - Dividend Payout Option;INF204KA1HW5;;12.2632;12.2632;12.2632;10-Dec-2015
126899;Reliance Dual Advantage Fixed Tenure Fund V - Plan A - Direct Plan - Growth Option;INF204KA1HV7;;12.2632;12.2632;12.2632;10-Dec-2015
126900;Reliance Dual Advantage Fixed Tenure Fund V - Plan A - Dividend Payout Option;INF204KA1HU9;;11.9872;11.9872;11.9872;10-Dec-2015
126898;Reliance Dual Advantage Fixed Tenure Fund V - Plan A - Growth Option;INF204KA1HT1;;11.9872;11.9872;11.9872;10-Dec-2015
127270;Reliance Dual Advantage Fixed Tenure Fund V - Plan B - Direct Plan - Dividend Payout Option;INF204KA1IU7;;11.5896;11.5896;11.5896;10-Dec-2015
127269;Reliance Dual Advantage Fixed Tenure Fund V - Plan B - Direct Plan - Growth Option;INF204KA1IT9;;11.5896;11.5896;11.5896;10-Dec-2015
127271;Reliance Dual Advantage Fixed Tenure Fund V - Plan B - Dividend Payout Option;INF204KA1IS1;;11.3184;11.3184;11.3184;10-Dec-2015
127268;Reliance Dual Advantage Fixed Tenure Fund V - Plan B - Growth Option;INF204KA1IR3;;11.3184;11.3184;11.3184;10-Dec-2015
127523;Reliance Dual Advantage Fixed Tenure Fund V - Plan C -Direct Plan -Growth Option;INF204KA1IX1;;11.6105;11.6105;11.6105;10-Dec-2015
127522;Reliance Dual Advantage Fixed Tenure Fund V - Plan C -Dividend Payout Option;INF204KA1IW3;;11.3531;11.3531;11.3531;10-Dec-2015
127525;Reliance Dual Advantage Fixed Tenure Fund V - Plan C -Growth Option;INF204KA1IV5;;11.3531;11.3531;11.3531;10-Dec-2015
128178;Reliance Dual Advantage Fixed Tenure Fund V - Plan E - Direct Plan - Dividend Payout Option;INF204KA1KU3;;11.2952;11.2952;11.2952;10-Dec-2015
128176;Reliance Dual Advantage Fixed Tenure Fund V - Plan E - Direct Plan - Growth Option;INF204KA1KT5;;11.2952;11.2952;11.2952;10-Dec-2015
128177;Reliance Dual Advantage Fixed Tenure Fund V - Plan E - Dividend Payout Option;INF204KA1KS7;;11.0445;11.0445;11.0445;10-Dec-2015
128175;Reliance Dual Advantage Fixed Tenure Fund V - Plan E - Growth Option;INF204KA1KR9;;11.0445;11.0445;11.0445;10-Dec-2015
128691;Reliance Dual Advantage Fixed Tenure Fund V - Plan F- Direct Plan - Dividend Payout Option;INF204KA1MB9;;11.4375;11.4375;11.4375;10-Dec-2015
128690;Reliance Dual Advantage Fixed Tenure Fund V - Plan F- Direct Plan - Growth Option;INF204KA1MA1;;11.4375;11.4375;11.4375;10-Dec-2015
128692;Reliance Dual Advantage Fixed Tenure Fund V - Plan F- Dividend Payout Option;INF204KA1LZ0;;11.1968;11.1968;11.1968;10-Dec-2015
128689;Reliance Dual Advantage Fixed Tenure Fund V - Plan F- Growth Option;INF204KA1LY3;;11.1968;11.1968;11.1968;10-Dec-2015
128987;Reliance Dual Advantage Fixed Tenure Fund V- Plan G- Direct Plan - Dividend Payout Option;INF204KA1NA9;;11.9756;11.9756;11.9756;10-Dec-2015
128986;Reliance Dual Advantage Fixed Tenure Fund V- Plan G- Direct Plan - Growth Option;INF204KA1MZ8;;11.9756;11.9756;11.9756;10-Dec-2015
128985;Reliance Dual Advantage Fixed Tenure Fund V- Plan G- Dividend Payout Option;INF204KA1MY1;;11.7238;11.7238;11.7238;10-Dec-2015
128984;Reliance Dual Advantage Fixed Tenure Fund V- Plan G- Growth Option;INF204KA1MX3;;11.7238;11.7238;11.7238;10-Dec-2015
129734;Reliance Dual Advantage Fixed Tenure Fund V- Plan H- Direct Plan- Dividend payout option;INF204KA1PM9;;11.1053;11.1053;11.1053;10-Dec-2015
129733;Reliance Dual Advantage Fixed Tenure Fund V- Plan H- Direct Plan- Growth Option;INF204KA1PL1;;11.1053;11.1053;11.1053;10-Dec-2015
129736;Reliance Dual Advantage Fixed Tenure Fund V- Plan H- Dividend Payout Option;INF204KA1PK3;;10.8766;10.8766;10.8766;10-Dec-2015
129735;Reliance Dual Advantage Fixed Tenure Fund V- Plan H- Growth Option;INF204KA1PJ5;;10.8766;10.8766;10.8766;10-Dec-2015
130629;Reliance Dual Advantage Fixed Tenure Fund VI- Plan A- Direct Plan- Growth Option;INF204KA1RQ6;;10.3758;10.3758;10.3758;10-Dec-2015
130631;Reliance Dual Advantage Fixed Tenure Fund VI- Plan A- Growth Option;INF204KA1RO1;;10.2381;10.2381;10.2381;10-Dec-2015
130630;Reliance Dual Advantage Fixed Tenure Fund- VI- Plan A- Direct Plan- Dividend Payout Option;INF204KA1RR4;;10.3758;10.3758;10.3758;10-Dec-2015
130632;Reliance Dual Advantage Fixed Tenure Fund- VI- Plan A- Dividend Payout Option;INF204KA1RP8;;10.2381;10.2381;10.2381;10-Dec-2015
130885;Reliance Dual Advantage Fixed Tenure Fund VI- Plan B- Direct Plan- DIvidend Payout Option;INF204KA1TA6;;10.1307;10.1307;10.1307;10-Dec-2015
130884;Reliance Dual Advantage Fixed Tenure Fund VI- Plan B- Direct Plan- Growth Option;INF204KA1SZ5;;10.1307;10.1307;10.1307;10-Dec-2015
130883;Reliance Dual Advantage Fixed Tenure Fund VI- Plan B- Dividend Payout Option;INF204KA1SY8;;10.0221;10.0221;10.0221;10-Dec-2015
130882;Reliance Dual Advantage Fixed Tenure Fund VI- Plan B- Growth Option;INF204KA1SX0;;10.0221;10.0221;10.0221;10-Dec-2015
131307;Reliance Dual Advantage Fixed Tenure Fund VI- Plan C- Direct Plan Dividend Payout Option;INF204KA1UI7;;10.0853;10.0853;10.0853;10-Dec-2015
131308;Reliance Dual Advantage Fixed Tenure Fund VI- Plan C- Direct Plan- Growth Option;INF204KA1UH9;;10.0853;10.0853;10.0853;10-Dec-2015
131306;Reliance Dual Advantage Fixed Tenure Fund VI- Plan C- Dividend Payout Option;INF204KA1UG1;;9.9574;9.9574;9.9574;10-Dec-2015
131305;Reliance Dual Advantage Fixed Tenure Fund VI- Plan C- Growth Option;INF204KA1UF3;;9.9574;9.9574;9.9574;10-Dec-2015
131342;Reliance Dual Advantage Fixed Tenure Fund VI Plan D- Growth Option;INF204KA1UO5;;10.6384;10.6384;10.6384;10-Dec-2015
131345;Reliance Dual Advantage Fixed Tenure Fund VI- Plan D- Direct Plan- Dividend Payout Option;INF204KA1UR8;;10.7704;10.7704;10.7704;10-Dec-2015
131343;Reliance Dual Advantage Fixed Tenure Fund VI- Plan D- Direct Plan- Growth Option;INF204KA1UQ0;;10.7704;10.7704;10.7704;10-Dec-2015
131344;Reliance Dual Advantage Fixed Tenure Fund VI- Plan D- Dividend Payout Option;INF204KA1UP2;;10.6384;10.6384;10.6384;10-Dec-2015
131462;Reliance Dual Advantage Fixed Tenure Fund VI- Plan E - Growth Option;INF204KA1VS4;;9.8274;9.8274;9.8274;10-Dec-2015
131464;Reliance Dual Advantage Fixed Tenure Fund VI- Plan E- Direct Plan- Growth Option;INF204KA1VU0;;9.9463;9.9463;9.9463;10-Dec-2015
131463;Reliance Dual Advantage Fixed Tenure Fund VI- Plan E- Dividend Payout Option;INF204KA1VT2;;9.8274;9.8274;9.8274;10-Dec-2015
132764;Reliance Dual Advantage Fixed Tenure Fund VI- Plan F- Direct Plan - Dividend Payout Option;INF204KA1WN3;;10.6033;10.6033;10.6033;10-Dec-2015
132763;Reliance Dual Advantage Fixed Tenure Fund VI- Plan F- Direct Plan - Growth Option;INF204KA1WM5;;10.6033;10.6033;10.6033;10-Dec-2015
132765;Reliance Dual Advantage Fixed Tenure Fund VI- Plan F- Dividend Payout Option;INF204KA1WL7;;10.4812;10.4812;10.4812;10-Dec-2015
132762;Reliance Dual Advantage Fixed Tenure Fund VI- Plan F- Growth Option;INF204KA1WK9;;10.4812;10.4812;10.4812;10-Dec-2015
133304;Reliance Dual Advantage Fixed Tenure Fund VII - Plan B - Direct Plan - Dividend Payout Option;INF204KA1ZC9;;9.7398;9.7398;9.7398;10-Dec-2015
133305;Reliance Dual Advantage Fixed Tenure Fund VII - Plan B - Direct Plan - Growth Option;INF204KA1ZD7;;9.7398;9.7398;9.7398;10-Dec-2015
133306;Reliance Dual Advantage Fixed Tenure Fund VII - Plan B - Dividend Payout Option;INF204KA1ZE5;;9.6426;9.6426;9.6426;10-Dec-2015
133303;Reliance Dual Advantage Fixed Tenure Fund VII - Plan B - Growth Option;INF204KA1ZF2;;9.6426;9.6426;9.6426;10-Dec-2015
133047;Reliance Dual Advantage Fixed Tenure Fund VII- Plan A- Direct Plan-Dividend Payout Option;INF204KA1XU6;;9.7620;9.7620;9.7620;10-Dec-2015
133046;Reliance Dual Advantage Fixed Tenure Fund VII- Plan A- Direct Plan-Growth Option;INF204KA1XV4;;9.7620;9.7620;9.7620;10-Dec-2015
133048;Reliance Dual Advantage Fixed Tenure Fund VII- Plan A- Dividend Payout Option;INF204KA1XW2;;9.6562;9.6562;9.6562;10-Dec-2015
133045;Reliance Dual Advantage Fixed Tenure Fund VII- Plan A- Growth Option;INF204KA1XX0;;9.6562;9.6562;9.6562;10-Dec-2015
133533;Reliance Dual Advantage Fixed Tenure Fund VII- Plan C- Direct Plan-Dividend Payout Option;INF204KA1B23;;9.5447;9.5447;9.5447;10-Dec-2015
133532;Reliance Dual Advantage Fixed Tenure Fund VII- Plan C- Direct Plan-Growth Option;INF204KA1B31;;9.5447;9.5447;9.5447;10-Dec-2015
133530;Reliance Dual Advantage Fixed Tenure Fund VII- Plan C- Dividend Payout Option;INF204KA1B49;;9.4565;9.4565;9.4565;10-Dec-2015
133531;Reliance Dual Advantage Fixed Tenure Fund VII- Plan C- Growth Option;INF204KA1B56;;9.4565;9.4565;9.4565;10-Dec-2015
133986;Reliance Dual Advantage Fixed Tenure Fund VII- Plan D- Direct Plan- Growth Option;INF204KA1G44;;9.5699;9.5699;9.5699;10-Dec-2015
133987;Reliance Dual Advantage Fixed Tenure Fund VII- Plan D- Direct Plan-Dividend Payout Option;INF204KA1G36;;9.5699;9.5699;9.5699;10-Dec-2015
133985;Reliance Dual Advantage Fixed Tenure Fund VII- Plan D- Dividend Payout Option;INF204KA1G51;;9.5022;9.5022;9.5022;10-Dec-2015
133984;Reliance Dual Advantage Fixed Tenure Fund VII- Plan D- Growth Option;INF204KA1G69;;9.5022;9.5022;9.5022;10-Dec-2015
134412;Reliance Dual Advantage Fixed Tenure Fund VII- Plan E- Direct Plan-Dividend Payout Option;INF204KA1L70;;9.4999;9.4999;9.4999;10-Dec-2015
134410;Reliance Dual Advantage Fixed Tenure Fund VII- Plan E- Direct Plan-Growth Option;INF204KA1L88;;9.4999;9.4999;9.4999;10-Dec-2015
134411;Reliance Dual Advantage Fixed Tenure Fund VII- Plan E- Dividend Payout Option;INF204KA1L96;;9.4580;9.4580;9.4580;10-Dec-2015
134409;Reliance Dual Advantage Fixed Tenure Fund VII- Plan E- Growth Option;INF204KA1M04;;9.4580;9.4580;9.4580;10-Dec-2015
135086;Reliance Dual Advantage Fixed Tenure Fund VIII- Plan A- Direct Plan- Growth Option;INF204KA11J8;;10.1203;10.1203;10.1203;10-Dec-2015
135084;Reliance Dual Advantage Fixed Tenure Fund VIII- Plan A- Direct Plan-Dividend Payout Option;INF204KA10J0;;10.1203;10.1203;10.1203;10-Dec-2015
135085;Reliance Dual Advantage Fixed Tenure Fund VIII- Plan A- Dividend Payout Option;INF204KA12J6;;10.0782;10.0782;10.0782;10-Dec-2015
135087;Reliance Dual Advantage Fixed Tenure Fund VIII- Plan A- Growth Option;INF204KA13J4;;10.0782;10.0782;10.0782;10-Dec-2015
135231;Reliance Dual Advantage Fixed Tenure Fund VIII- Plan B-Direct Plan-Dividend Payout Option;INF204KA18K1;;10.2022;10.2022;10.2022;10-Dec-2015
135230;Reliance Dual Advantage Fixed Tenure Fund VIII- Plan B-Direct Plan-Growth Option;INF204KA19K9;;10.2022;10.2022;10.2022;10-Dec-2015
135229;Reliance Dual Advantage Fixed Tenure Fund VIII- Plan B-Dividend Payout Option;INF204KA10L6;;10.1678;10.1678;10.1678;10-Dec-2015
135228;Reliance Dual Advantage Fixed Tenure Fund VIII- Plan B-Growth Option;INF204KA11L4;;10.1678;10.1678;10.1678;10-Dec-2015
135435;Reliance Dual Advantage Fixed Tenure Fund VIII- Plan C- Direct Plan-Dividend Payout Option;INF204KA11O8;;9.9904;9.9904;9.9904;10-Dec-2015
135434;Reliance Dual Advantage Fixed Tenure Fund VIII- Plan C- Direct Plan-Growth Option;INF204KA12O6;;9.9904;9.9904;9.9904;10-Dec-2015
135433;Reliance Dual Advantage Fixed Tenure Fund VIII- Plan C- Dividend Payout Option;INF204KA13O4;;9.9739;9.9739;9.9739;10-Dec-2015
135432;Reliance Dual Advantage Fixed Tenure Fund VIII- Plan C- Growth Option;INF204KA14O2;;9.9739;9.9739;9.9739;10-Dec-2015
117813;Reliance Fixed Horizon Fund - XXII - Series 24 - Dividend Payout Option;INF204K01VO5;-;11.4122;11.4122;11.4122;10-Dec-2015
117814;Reliance Fixed Horizon Fund - XXII - Series 24 - Growth Option;INF204K01VN7;-;13.3518;13.3518;13.3518;10-Dec-2015
117976;Reliance Fixed Horizon Fund XXII - Sereis 30 - Dividend Payout Option;INF204K01WA2;-;12.9982;12.9982;12.9982;10-Dec-2015
117975;Reliance Fixed Horizon Fund XXII - Series 30 - Growth Option;INF204K01VZ1;-;12.9982;12.9982;12.9982;10-Dec-2015
118223;Reliance Fixed Horizon Fund - XXII - Series 34 - Dividend Payout Option;INF204K01WI5;-;11.0535;11.0535;11.0535;10-Dec-2015
118222;Reliance Fixed Horizon Fund - XXII -Series -34 Growth Option;INF204K01WH7;;12.8834;12.8834;12.8834;10-Dec-2015
122458;Reliance Fixed Horizon Fund - XXIII - Series 11 - Direct Plan - Growth Option;INF204K016B5;;12.4682;12.4682;12.4682;10-Dec-2015
122455;Reliance Fixed Horizon Fund - XXIII - Series 11 - Dividend Payout Option;INF204K015B7;;12.3877;12.3877;12.3877;10-Dec-2015
122457;Reliance Fixed Horizon Fund - XXIII - Series 11 - Growth Option;INF204K014B0;;12.3877;12.3877;12.3877;10-Dec-2015
122615;Reliance Fixed Horizon Fund - XXIII - Series 12 - Direct Plan - Growth  Option;INF204K010C6;;12.3552;12.3552;12.3552;10-Dec-2015
122617;Reliance Fixed Horizon Fund - XXIII - Series 12 - Dividend Payout Option;INF204K019B9;;12.2935;12.2935;12.2935;10-Dec-2015
122614;Reliance Fixed Horizon Fund - XXIII - Series 12 - Growth Option;INF204K018B1;;12.2935;12.2935;12.2935;10-Dec-2015
121757;Reliance Fixed Horizon Fund - XXIII - Series 8 - Direct Plan - Dividend Payout Option;INF204K015A9;;12.7735;12.7735;12.7735;10-Dec-2015
121755;Reliance Fixed Horizon Fund - XXIII - Series 8 - Direct Plan - Growth Option;INF204K014A2;;12.7735;12.7735;12.7735;10-Dec-2015
121756;Reliance Fixed Horizon Fund - XXIII - Series 8 - Dividend Payout Option;INF204K013A4;;12.7261;12.7261;12.7261;10-Dec-2015
121758;Reliance Fixed Horizon Fund - XXIII - Series 8 - Growth Option;INF204K012A6;;12.7261;12.7261;12.7261;10-Dec-2015
123457;Reliance Fixed Horizon Fund - XXIV - Series 10 - Direct Plan - Growth Option;INF204KA1024;;12.3720;12.3720;12.3720;10-Dec-2015
123454;Reliance Fixed Horizon Fund - XXIV - Series 10 - Growth Option;INF204K019Z8;;12.2533;12.2533;12.2533;10-Dec-2015
123459;Reliance Fixed Horizon Fund - XXIV - Series 11 - Direct Plan - Growth Option;INF204KA1TP4;;12.4153;12.4153;12.4153;10-Dec-2015
123458;Reliance Fixed Horizon Fund - XXIV - Series 11 - Growth Option;INF204KA1TN9;;12.3958;12.3958;12.3958;10-Dec-2015
123569;Reliance Fixed Horizon Fund - XXIV - Series 13 -Direct Plan -Growth Option;INF204KA1149;;12.5316;12.5316;12.5316;10-Dec-2015
123568;Reliance Fixed Horizon Fund - XXIV - Series 13 -Dividend Payout Option;INF204KA1131;;12.3673;12.3673;12.3673;10-Dec-2015
123567;Reliance Fixed Horizon Fund - XXIV - Series 13 -Growth Option;INF204KA1123;;12.3673;12.3673;12.3673;10-Dec-2015
123742;Reliance Fixed Horizon Fund - XXIV - Series 15-Direct Plan -Growth Option;INF204KA1UL1;;12.4373;12.4373;12.4373;10-Dec-2015
123741;Reliance Fixed Horizon Fund - XXIV - Series 15-Dividend Payout Option;INF204KA1UK3;;11.1877;11.1877;11.1877;10-Dec-2015
123740;Reliance Fixed Horizon Fund - XXIV - Series 15-Growth Option;INF204KA1UJ5;;12.3934;12.3934;12.3934;10-Dec-2015
123982;Reliance Fixed Horizon Fund - XXIV - Series 16 - Direct Plan - Growth Plan;INF204KA1UY4;;12.3468;12.3468;12.3468;10-Dec-2015
123985;Reliance Fixed Horizon Fund - XXIV - Series 16 - Growth Plan;INF204KA1UW8;;12.3187;12.3187;12.3187;10-Dec-2015
124097;Reliance Fixed Horizon Fund - XXIV - Series 17 -Dividend Payout Option;INF204KA1VF1;;11.1482;11.1482;11.1482;10-Dec-2015
124099;Reliance Fixed Horizon Fund - XXIV - Series 17- Direct Plan -Dividend Payout Option;INF204KA1VH7;;11.1742;11.1742;11.1742;10-Dec-2015
124098;Reliance Fixed Horizon Fund - XXIV - Series 17-Direct Plan -Growth Option;INF204KA1VG9;;12.3282;12.3282;12.3282;10-Dec-2015
124096;Reliance Fixed Horizon Fund - XXIV - Series 17-Growth Option;INF204KA1VE4;;12.2495;12.2495;12.2495;10-Dec-2015
124213;Reliance Fixed Horizon Fund - XXIV - Series 18 -Direct Plan -Growth Option;INF204KA1VM7;;12.3384;12.3384;12.3384;10-Dec-2015
124211;Reliance Fixed Horizon Fund - XXIV - Series 18 -Dividend Payout Optioin;INF204KA1VL9;;11.1482;11.1482;11.1482;10-Dec-2015
124210;Reliance Fixed Horizon Fund - XXIV - Series 18-Growth Option;INF204KA1VK1;;12.3108;12.3108;12.3108;10-Dec-2015
122903;Reliance Fixed Horizon Fund - XXIV - Series 2 - Direct Plan - Dividend Payout Option;INF204K010X2;;12.5801;12.5801;12.5801;10-Dec-2015
122902;Reliance Fixed Horizon Fund - XXIV - Series 2 - Direct Plan - Growth Option;INF204K019W5;;12.5801;12.5801;12.5801;10-Dec-2015
122901;Reliance Fixed Horizon Fund - XXIV - Series 2 - Dividend Payout Option;INF204K018W7;;12.4764;12.4764;12.4764;10-Dec-2015
122900;Reliance Fixed Horizon Fund - XXIV - Series 2 - Growth Option;INF204K017W9;;12.4764;12.4764;12.4764;10-Dec-2015
124250;Reliance Fixed Horizon Fund - XXIV - Series 20 - Direct Plan - Dividend Payout Option;INF204KA1438;;12.3352;12.3352;12.3352;10-Dec-2015
124249;Reliance Fixed Horizon Fund - XXIV - Series 20 - Direct Plan - Growth Option;INF204KA1420;;12.3352;12.3352;12.3352;10-Dec-2015
124252;Reliance Fixed Horizon Fund - XXIV - Series 20 - Dividend Payout Option;INF204KA1412;;12.2005;12.2005;12.2005;10-Dec-2015
124251;Reliance Fixed Horizon Fund - XXIV - Series 20 - Growth Option;INF204KA1404;;12.2005;12.2005;12.2005;10-Dec-2015
124708;Reliance Fixed Horizon Fund - XXIV - Series 22 - Direct Plan - Dividend Payout Option;INF204KA11E9;;10.4372;10.4372;10.4372;10-Dec-2015
124707;Reliance Fixed Horizon Fund - XXIV - Series 22 - Direct Plan - Growth Option;INF204KA10E1;;12.0750;12.0750;12.0750;10-Dec-2015
124709;Reliance Fixed Horizon Fund - XXIV - Series 22 - Dividend Payout Option;INF204KA19D4;;10.4317;10.4317;10.4317;10-Dec-2015
124706;Reliance Fixed Horizon Fund - XXIV - Series 22 - Growth Option;INF204KA18D6;;12.0082;12.0082;12.0082;10-Dec-2015
125153;Reliance Fixed Horizon Fund - XXIV - Series 24 - Direct Plan - Dividend Payout Option;INF204KA1594;;12.4692;12.4692;12.4692;10-Dec-2015
125152;Reliance Fixed Horizon Fund - XXIV - Series 24 - Direct Plan - Growth Option;INF204KA1586;;12.4692;12.4692;12.4692;10-Dec-2015
125151;Reliance Fixed Horizon Fund - XXIV - Series 24 - Dividend Payout Option;INF204KA1578;;12.3499;12.3499;12.3499;10-Dec-2015
125150;Reliance Fixed Horizon Fund - XXIV - Series 24 - Growth Option;INF204KA1560;;12.3499;12.3499;12.3499;10-Dec-2015
125195;Reliance Fixed Horizon Fund - XXIV - Series 25 - Direct Plan - Dividend Payout Option;INF204KA1636;;10.9182;10.9182;10.9182;10-Dec-2015
125194;Reliance Fixed Horizon Fund - XXIV - Series 25 - Dividend Payout Option;INF204KA1610;;10.9052;10.9052;10.9052;10-Dec-2015
125193;Reliance Fixed Horizon Fund - XXIV - Series 25 - Growth Option;INF204KA1602;;11.8902;11.8902;11.8902;10-Dec-2015
125192;Reliance Fixed Horizon Fund - XXIV - Series 25- Direct Plan - Growth Option;INF204KA1628;;11.9346;11.9346;11.9346;10-Dec-2015
123054;Reliance Fixed Horizon Fund - XXIV - Series 3-Direct Plan - Dividend Payout Option;INF204KA1SG5;;11.3085;11.3085;11.3085;10-Dec-2015
123051;Reliance Fixed Horizon Fund - XXIV - Series 3-Direct Plan - Growth Option;INF204KA1SF7;;12.4333;12.4333;12.4333;10-Dec-2015
123053;Reliance Fixed Horizon Fund - XXIV - Series 3-Dividend payout Option;INF204KA1SE0;;11.2931;11.2931;11.2931;10-Dec-2015
123052;Reliance Fixed Horizon Fund - XXIV - Series 3-Growth Option;INF204KA1SD2;;12.4101;12.4101;12.4101;10-Dec-2015
123073;Reliance Fixed Horizon Fund - XXIV - Series 4-Direct Plan - Dividend Payout Option;INF204KA1TE8;;11.3115;11.3115;11.3115;10-Dec-2015
123072;Reliance Fixed Horizon Fund - XXIV - Series 4-Direct Plan - Growth Option;INF204KA1TD0;;12.4599;12.4599;12.4599;10-Dec-2015
123071;Reliance Fixed Horizon Fund - XXIV - Series 4-Dividend payout Option;INF204KA1TC2;;11.2935;11.2935;11.2935;10-Dec-2015
123070;Reliance Fixed Horizon Fund - XXIV - Series 4-Growth Option;INF204KA1TB4;;12.4288;12.4288;12.4288;10-Dec-2015
123151;Reliance Fixed Horizon Fund - XXIV - Series 5 - Direct Plan - Growth Option;INF204K011Y8;;12.2673;12.2673;12.2673;10-Dec-2015
123152;Reliance Fixed Horizon Fund - XXIV - Series 5 - Dividend Payout Option;INF204K010Y0;;10.1582;10.1582;10.1582;10-Dec-2015
123150;Reliance Fixed Horizon Fund - XXIV - Series 5 - Growth Option;INF204K019X3;;12.2036;12.2036;12.2036;10-Dec-2015
123205;Reliance Fixed Horizon Fund - XXIV - Series 6 - Direct Plan - Growth Option;INF204KA11B5;;12.4802;12.4802;12.4802;10-Dec-2015
123206;Reliance Fixed Horizon Fund - XXIV - Series 6 - Dividend Payout Option;INF204KA10B7;;10.4841;10.4841;10.4841;10-Dec-2015
123208;Reliance Fixed Horizon Fund - XXIV - Series 6 - Growth Option;INF204KA19A0;;12.4187;12.4187;12.4187;10-Dec-2015
123212;Reliance Fixed Horizon Fund - XXIV - Series 7 - Direct Plan - Dividend Payout Option;INF204K010Z7;;12.5943;12.5943;12.5943;10-Dec-2015
123211;Reliance Fixed Horizon Fund - XXIV - Series 7 - Direct Plan - Growth Option;INF204K019Y1;;12.5943;12.5943;12.5943;10-Dec-2015
123214;Reliance Fixed Horizon Fund - XXIV - Series 7 - Dividend Payout Option;INF204K018Y3;;12.4766;12.4766;12.4766;10-Dec-2015
123213;Reliance Fixed Horizon Fund - XXIV - Series 7 - Growth Option;INF204K017Y5;;12.4766;12.4766;12.4766;10-Dec-2015
123344;Reliance Fixed Horizon Fund - XXIV - Series 8-Direct Plan-Growth Option;INF204K013Z1;;12.7225;12.7225;12.7225;10-Dec-2015
123342;Reliance Fixed Horizon Fund - XXIV - Series 8-Dividend Payout Option;INF204K012Z3;;12.6619;12.6619;12.6619;10-Dec-2015
123341;Reliance Fixed Horizon Fund - XXIV - Series 8-Growth Option;INF204K011Z5;;12.6619;12.6619;12.6619;10-Dec-2015
123374;Reliance Fixed Horizon Fund - XXIV - Series 9 -Direct Plan -Growth Option;INF204KA1TL3;;12.5109;12.5109;12.5109;10-Dec-2015
123373;Reliance Fixed Horizon Fund - XXIV - Series 9 -Dividend Payout Option;INF204KA1TK5;;11.2170;11.2170;11.2170;10-Dec-2015
123372;Reliance Fixed Horizon Fund - XXIV - Series 9-Growth Option;INF204KA1TJ7;;12.3789;12.3789;12.3789;10-Dec-2015
125257;Reliance Fixed Horizon Fund - XXV - Series 1-Direct Plan -Growth Option;INF204KA18H7;;12.0407;12.0407;12.0407;10-Dec-2015
125255;Reliance Fixed Horizon Fund - XXV - Series 1-Growth Option;INF204KA16H1;;11.9812;11.9812;11.9812;10-Dec-2015
125934;Reliance Fixed Horizon Fund - XXV - Series 11 - Direct Plan - Growth Option;INF204KA1GF2;;11.9026;11.9026;11.9026;10-Dec-2015
125933;Reliance Fixed Horizon Fund - XXV - Series 11 - Growth Option;INF204KA1GH8;;11.8491;11.8491;11.8491;10-Dec-2015
125957;Reliance Fixed Horizon Fund - XXV - Series 12 - Direct Plan - Growth Option;INF204KA1GJ4;;11.8575;11.8575;11.8575;10-Dec-2015
125956;Reliance Fixed Horizon Fund - XXV - Series 12 - Dividend Payout Option;INF204KA1GM8;;10.4820;10.4820;10.4820;10-Dec-2015
125954;Reliance Fixed Horizon Fund - XXV - Series 12 - Growth Option;INF204KA1GL0;;11.8052;11.8052;11.8052;10-Dec-2015
126256;Reliance Fixed Horizon Fund - XXV - Series 13 - Direct Plan - Growth Option;INF204KA1GN6;;11.8463;11.8463;11.8463;10-Dec-2015
126255;Reliance Fixed Horizon Fund - XXV - Series 13 - Dividend Payout Option;INF204KA1GQ9;;10.5078;10.5078;10.5078;10-Dec-2015
126254;Reliance Fixed Horizon Fund - XXV - Series 13 - Growth Option;INF204KA1GP1;;11.7809;11.7809;11.7809;10-Dec-2015
126372;Reliance Fixed Horizon Fund - XXV - Series 14-Direct Plan -Growth Option;INF204KA1GR7;;11.8037;11.8037;11.8037;10-Dec-2015
126371;Reliance Fixed Horizon Fund - XXV - Series 14-Growth Option;INF204KA1GT3;;11.7810;11.7810;11.7810;10-Dec-2015
126485;Reliance Fixed Horizon Fund - XXV - Series 16 - Direct Plan - Growth Option;INF204KA1GZ0;;11.7714;11.7714;11.7714;10-Dec-2015
126484;Reliance Fixed Horizon Fund - XXV - Series 16 - Growth Option;INF204KA1HB9;;11.7127;11.7127;11.7127;10-Dec-2015
126702;Reliance Fixed Horizon Fund - XXV - Series 17 - Direct Plan - Growth Option;INF204KA1HD5;;11.7199;11.7199;11.7199;10-Dec-2015
126701;Reliance Fixed Horizon Fund - XXV - Series 17 - Growth Option;INF204KA1HF0;;11.6441;11.6441;11.6441;10-Dec-2015
126891;Reliance Fixed Horizon Fund - XXV - Series 18 - Direct Plan - Growth Option;INF204KA1E46;;11.7846;11.7846;11.7846;10-Dec-2015
126889;Reliance Fixed Horizon Fund - XXV - Series 18 - Growth Option;INF204KA1E20;;11.7697;11.7697;11.7697;10-Dec-2015
125310;Reliance Fixed Horizon Fund - XXV - Series 2 -Direct Plan -Dividend Payout Option;INF204KA1EW2;;10.9091;10.9091;10.9091;10-Dec-2015
125309;Reliance Fixed Horizon Fund - XXV - Series 2-Direct Plan-Growth Option;INF204KA1EV4;;11.9323;11.9323;11.9323;10-Dec-2015
125312;Reliance Fixed Horizon Fund - XXV - Series 2-Dividend Payout Option;INF204KA1EY8;;10.8971;10.8971;10.8971;10-Dec-2015
125311;Reliance Fixed Horizon Fund - XXV - Series 2-Growth Option;INF204KA1EX0;;11.8954;11.8954;11.8954;10-Dec-2015
126975;Reliance Fixed Horizon Fund - XXV - Series 20 - Direct Plan - Dividend Payout Option;INF204KA1HQ7;;12.0866;12.0866;12.0866;10-Dec-2015
126977;Reliance Fixed Horizon Fund - XXV - Series 20 - Direct Plan - Growth Option;INF204KA1HP9;;12.0866;12.0866;12.0866;10-Dec-2015
126978;Reliance Fixed Horizon Fund - XXV - Series 20 - Dividend Payout Option;INF204KA1HS3;;11.9777;11.9777;11.9777;10-Dec-2015
126976;Reliance Fixed Horizon Fund - XXV - Series 20 - Growth Option;INF204KA1HR5;;11.9777;11.9777;11.9777;10-Dec-2015
127069;Reliance Fixed Horizon Fund - XXV - Series 21 - Direct Plan - Dividend Payout Option;INF204KA1HY1;;10.5237;10.5237;10.5237;10-Dec-2015
127067;Reliance Fixed Horizon Fund - XXV - Series 21 - Direct Plan - Growth Option;INF204KA1HX3;;11.7217;11.7217;11.7217;10-Dec-2015
127066;Reliance Fixed Horizon Fund - XXV - Series 21 - Growth Option;INF204KA1HZ8;;11.6328;11.6328;11.6328;10-Dec-2015
127083;Reliance Fixed Horizon Fund - XXV - Series 22 - Direct Plan - Growth Option;INF204KA1IB7;;11.7533;11.7533;11.7533;10-Dec-2015
127082;Reliance Fixed Horizon Fund - XXV - Series 22 - Dividend Payout Option;INF204KA1IE1;;10.5297;10.5297;10.5297;10-Dec-2015
127080;Reliance Fixed Horizon Fund - XXV - Series 22 - Growth Option;INF204KA1ID3;;11.6636;11.6636;11.6636;10-Dec-2015
127242;Reliance Fixed Horizon Fund - XXV - Series 23 - Direct Plan - Dividend Payout Option;INF204KA1II2;;11.9136;11.9136;11.9136;10-Dec-2015
127240;Reliance Fixed Horizon Fund - XXV - Series 23 - Direct Plan - Growth Option;INF204KA1IH4;;11.9136;11.9136;11.9136;10-Dec-2015
127241;Reliance Fixed Horizon Fund - XXV - Series 23 - Dividend Payout Option;INF204KA1IG6;;11.8542;11.8542;11.8542;10-Dec-2015
127239;Reliance Fixed Horizon Fund - XXV - Series 23 - Growth Option;INF204KA1IF8;;11.8542;11.8542;11.8542;10-Dec-2015
127264;Reliance Fixed Horizon Fund - XXV - Series 24 - Direct Plan - Growth Option;INF204KA1G10;;11.7449;11.7449;11.7449;10-Dec-2015
127266;Reliance Fixed Horizon Fund - XXV - Series 24 - Growth Option;INF204KA1F94;;11.7296;11.7296;11.7296;10-Dec-2015
127360;Reliance Fixed Horizon Fund - XXV - Series 25 - Direct Plan - Dividend Payout Option;INF204KA1IQ5;;11.9521;11.9521;11.9521;10-Dec-2015
127362;Reliance Fixed Horizon Fund - XXV - Series 25 - Direct Plan - Growth Option;INF204KA1IP7;;11.9521;11.9521;11.9521;10-Dec-2015
127361;Reliance Fixed Horizon Fund - XXV - Series 25 - Dividend Payout Option;INF204KA1IO0;;11.8256;11.8256;11.8256;10-Dec-2015
127359;Reliance Fixed Horizon Fund - XXV - Series 25 - Growth Option;INF204KA1IN2;;11.8256;11.8256;11.8256;10-Dec-2015
127538;Reliance Fixed Horizon Fund - XXV - Series 26 - Direct Plan - Growth Option;INF204KA1JB5;;11.7175;11.7175;11.7175;10-Dec-2015
127537;Reliance Fixed Horizon Fund - XXV - Series 26 - Growth Option;INF204KA1IZ6;;11.6909;11.6909;11.6909;10-Dec-2015
127541;Reliance Fixed Horizon Fund - XXV - Series 27 - Direct Plan - Growth Option;INF204KA1JF6;;11.7402;11.7402;11.7402;10-Dec-2015
127540;Reliance Fixed Horizon Fund - XXV - Series 27 - Growth Option;INF204KA1JD1;;11.6598;11.6598;11.6598;10-Dec-2015
127547;Reliance Fixed Horizon Fund - XXV - Series 28 - Direct Plan - Growth Option;INF204KA1JJ8;;11.7290;11.7290;11.7290;10-Dec-2015
127544;Reliance Fixed Horizon Fund - XXV - Series 28 - Dividend Payout Option;INF204KA1JI0;;10.5708;10.5708;10.5708;10-Dec-2015
127546;Reliance Fixed Horizon Fund - XXV - Series 28 - Growth Option;INF204KA1JH2;;11.6947;11.6947;11.6947;10-Dec-2015
125358;Reliance Fixed Horizon Fund - XXV - Series 3 - Direct Plan - Dividend Payout Option;INF204KA11H2;;10.3812;10.3812;10.3812;10-Dec-2015
125357;Reliance Fixed Horizon Fund - XXV - Series 3 - Direct Plan - Growth Option;INF204KA10H4;;11.9521;11.9521;11.9521;10-Dec-2015
125356;Reliance Fixed Horizon Fund - XXV - Series 3 - Growth Option;INF204KA18G9;;11.8896;11.8896;11.8896;10-Dec-2015
127734;Reliance Fixed Horizon Fund - XXV - Series 30 - Direct Plan - Dividend Payout Option;INF204KA1JS9;;10.5791;10.5791;10.5791;10-Dec-2015
127735;Reliance Fixed Horizon Fund - XXV - Series 30 - Direct Plan - Growth Option;INF204KA1JR1;;11.6817;11.6817;11.6817;10-Dec-2015
127733;Reliance Fixed Horizon Fund - XXV - Series 30 - Dividend Payout Option;INF204KA1JQ3;;10.5661;10.5661;10.5661;10-Dec-2015
127732;Reliance Fixed Horizon Fund - XXV - Series 30 - Growth Option;INF204KA1JP5;;11.5933;11.5933;11.5933;10-Dec-2015
127844;Reliance Fixed Horizon Fund - XXV - Series 31 - Direct Plan - Growth Option;INF204KA1JV3;;11.6733;11.6733;11.6733;10-Dec-2015
127843;Reliance Fixed Horizon Fund - XXV - Series 31 - Growth Option;INF204KA1JT7;;11.6500;11.6500;11.6500;10-Dec-2015
128181;Reliance Fixed Horizon Fund - XXV - Series 32 - Direct Plan - Growth Option;INF204KA1KD9;;11.6414;11.6414;11.6414;10-Dec-2015
128180;Reliance Fixed Horizon Fund - XXV - Series 32 - Growth Option;INF204KA1KB3;;11.6212;11.6212;11.6212;10-Dec-2015
128185;Reliance Fixed Horizon Fund - XXV - Series 33 - Direct Plan - Growth Option;INF204KA1KH0;;11.6016;11.6016;11.6016;10-Dec-2015
128184;Reliance Fixed Horizon Fund - XXV - Series 33 - Dividend Payout Option;INF204KA1KG2;;10.5552;10.5552;10.5552;10-Dec-2015
128183;Reliance Fixed Horizon Fund - XXV - Series 33 - Growth Option;INF204KA1KF4;;11.5816;11.5816;11.5816;10-Dec-2015
128199;Reliance Fixed Horizon Fund - XXV - Series 34 - Direct Plan - Growth Option;INF204KA1KL2;;11.6146;11.6146;11.6146;10-Dec-2015
128198;Reliance Fixed Horizon Fund - XXV - Series 34 - Growth Option;INF204KA1KJ6;;11.5945;11.5945;11.5945;10-Dec-2015
128320;Reliance Fixed Horizon Fund - XXV - Series 35- Direct Plan - Dividend Payout Option;INF204KA1LC9;;12.0525;12.0525;12.0525;10-Dec-2015
128318;Reliance Fixed Horizon Fund - XXV - Series 35- Direct Plan - Growth Option;INF204KA1LB1;;12.0525;12.0525;12.0525;10-Dec-2015
128317;Reliance Fixed Horizon Fund - XXV - Series 35- Dividend Payout Option;INF204KA1LA3;;11.9589;11.9589;11.9589;10-Dec-2015
128319;Reliance Fixed Horizon Fund - XXV - Series 35- Growth Option;INF204KA1KZ2;;11.9589;11.9589;11.9589;10-Dec-2015
125392;Reliance Fixed Horizon Fund - XXV - Series 4 - Direct Plan - Dividend Payout Option;INF204KA1YP4;;10.8749;10.8749;10.8749;10-Dec-2015
125390;Reliance Fixed Horizon Fund - XXV - Series 4 - Direct Plan - Growth Option;INF204KA1YO7;;11.9082;11.9082;11.9082;10-Dec-2015
125393;Reliance Fixed Horizon Fund - XXV - Series 4 - Growth Option;INF204KA1YM1;;11.8656;11.8656;11.8656;10-Dec-2015
125528;Reliance Fixed Horizon Fund - XXV - Series 6 - Direct Plan - Growth Option;INF204KA1FL2;;11.9501;11.9501;11.9501;10-Dec-2015
125527;Reliance Fixed Horizon Fund - XXV - Series 6 - Growth Option;INF204KA1FN8;;11.8932;11.8932;11.8932;10-Dec-2015
127913;Reliance Fixed Horizon Fund - XXVI - Series 1 - Direct Plan - Dividend Payout Option;INF204KA1KA5;;11.9740;11.9740;11.9740;10-Dec-2015
127911;Reliance Fixed Horizon Fund - XXVI - Series 1 - Direct Plan - Growth Option;INF204KA1JZ4;;11.9740;11.9740;11.9740;10-Dec-2015
127912;Reliance Fixed Horizon Fund - XXVI - Series 1 - Dividend Payout Option;INF204KA1JY7;;11.8900;11.8900;11.8900;10-Dec-2015
127910;Reliance Fixed Horizon Fund - XXVI - Series 1 - Growth Option;INF204KA1JX9;;11.8900;11.8900;11.8900;10-Dec-2015
129115;Reliance Fixed Horizon Fund - XXVI - Series 14- Direct Plan - Dividend Payout Option;INF204KA1NM4;;11.7476;11.7476;11.7476;10-Dec-2015
129114;Reliance Fixed Horizon Fund - XXVI - Series 14- Direct Plan - Growth Option;INF204KA1NL6;;11.7476;11.7476;11.7476;10-Dec-2015
129116;Reliance Fixed Horizon Fund - XXVI - Series 14- Dividend payout Option;INF204KA1NK8;;11.6736;11.6736;11.6736;10-Dec-2015
129113;Reliance Fixed Horizon Fund - XXVI - Series 14- Growth Option;INF204KA1NJ0;;11.6736;11.6736;11.6736;10-Dec-2015
129291;Reliance Fixed Horizon Fund - XXVI - Series 17- Direct Plan - Growth Option;INF204KA1NX1;;11.5222;11.5222;11.5222;10-Dec-2015
129289;Reliance Fixed Horizon Fund - XXVI - Series 17- Growth Option;INF204KA1NV5;;11.4979;11.4979;11.4979;10-Dec-2015
129293;Reliance Fixed Horizon Fund - XXVI - Series 18- Direct Plan - Dividend Payout Option;INF204KA1OC3;;10.5155;10.5155;10.5155;10-Dec-2015
129296;Reliance Fixed Horizon Fund - XXVI - Series 18- Direct Plan - Growth Option;INF204KA1OB5;;11.5026;11.5026;11.5026;10-Dec-2015
129295;Reliance Fixed Horizon Fund - XXVI - Series 18- Dividend payout Option;INF204KA1OA7;;10.5084;10.5084;10.5084;10-Dec-2015
129294;Reliance Fixed Horizon Fund - XXVI - Series 18- Growth Option;INF204KA1NZ6;;11.4717;11.4717;11.4717;10-Dec-2015
128082;Reliance Fixed Horizon Fund - XXVI - Series 2 - Direct Plan - Growth Option;INF204KA1KX7;;11.6278;11.6278;11.6278;10-Dec-2015
128081;Reliance Fixed Horizon Fund - XXVI - Series 2 - Growth Option;INF204KA1KV1;;11.6083;11.6083;11.6083;10-Dec-2015
130192;Reliance Fixed Horizon Fund - XXVI - Series 29 - Direct Plan - Dividend Payout Option;INF204KA1QO3;;10.4097;10.4097;10.4097;10-Dec-2015
130190;Reliance Fixed Horizon Fund - XXVI - Series 29 - Direct Plan - Growth Option;INF204KA1QN5;;11.3526;11.3526;11.3526;10-Dec-2015
130191;Reliance Fixed Horizon Fund - XXVI - Series 29 - Dividend Payout Option;INF204KA1QM7;;10.4051;10.4051;10.4051;10-Dec-2015
130189;Reliance Fixed Horizon Fund - XXVI - Series 29 - Growth Option;INF204KA1QL9;;11.3359;11.3359;11.3359;10-Dec-2015
130196;Reliance Fixed Horizon Fund - XXVI - Series 30 - Direct Plan - Dividend Payout Option;INF204KA1QS4;;11.4650;11.4650;11.4650;10-Dec-2015
130194;Reliance Fixed Horizon Fund - XXVI - Series 30 - Direct Plan - Growth Option;INF204KA1QR6;;11.4650;11.4650;11.4650;10-Dec-2015
130195;Reliance Fixed Horizon Fund - XXVI - Series 30 - Dividend Payout Option;INF204KA1QQ8;;11.3825;11.3825;11.3825;10-Dec-2015
130193;Reliance Fixed Horizon Fund - XXVI - Series 30 - Growth Option;INF204KA1QP0;;11.3825;11.3825;11.3825;10-Dec-2015
130229;Reliance Fixed Horizon Fund - XXVI - Series 31 - Direct Plan - Dividend Payout Option;INF204KA1QW6;;10.3999;10.3999;10.3999;10-Dec-2015
130228;Reliance Fixed Horizon Fund - XXVI - Series 31 - Direct Plan - Growth Option;INF204KA1QV8;;11.3366;11.3366;11.3366;10-Dec-2015
130230;Reliance Fixed Horizon Fund - XXVI - Series 31 - Dividend Payout Option;INF204KA1QU0;;10.3966;10.3966;10.3966;10-Dec-2015
130227;Reliance Fixed Horizon Fund - XXVI - Series 31 - Growth Option;INF204KA1QT2;;11.3211;11.3211;11.3211;10-Dec-2015
128461;Reliance Fixed Horizon Fund - XXVI - Series 4-Direct Plan - Dividend Payout Option;INF204KA1LL0;;11.8610;11.8610;11.8610;10-Dec-2015
128460;Reliance Fixed Horizon Fund - XXVI - Series 4-Direct Plan - Growth Option;INF204KA1LK2;;11.8610;11.8610;11.8610;10-Dec-2015
128459;Reliance Fixed Horizon Fund - XXVI - Series 4-Dividend payout Option;INF204KA1LJ4;;11.7494;11.7494;11.7494;10-Dec-2015
128458;Reliance Fixed Horizon Fund - XXVI - Series 4-Growth Option;INF204KA1LI6;;11.7494;11.7494;11.7494;10-Dec-2015
131168;Reliance Fixed Horizon Fund - XXVII - Series 5 - Direct Plan - Growth Option;INF204KA1TV2;;11.2791;11.2791;11.2791;10-Dec-2015
131169;Reliance Fixed Horizon Fund - XXVII - Series 5 - Dividend Payout Option;INF204KA1TU4;;11.2151;11.2151;11.2151;10-Dec-2015
131167;Reliance Fixed Horizon Fund - XXVII - Series 5 - Growth Option;INF204KA1TT6;;11.2151;11.2151;11.2151;10-Dec-2015
118025;Reliance Fixed Horizon Fund XXII - Series 32 - Dividend Payout Option;INF204K01WE4;-;11.1485;11.1485;11.1485;10-Dec-2015
118024;Reliance Fixed Horizon Fund XXII - Series 32 - Growth Option;INF204K01WD6;-;12.8674;12.8674;12.8674;10-Dec-2015
122324;Reliance Fixed Horizon Fund XXIII - Series 10 - Direct Plan - Growth Option;INF204KA1Z17;;12.4503;12.4503;12.4503;10-Dec-2015
122326;Reliance Fixed Horizon Fund XXIII - Series 10 - Dividend Option;INF204KA1Z09;;10.5175;10.5175;10.5175;10-Dec-2015
122327;Reliance Fixed Horizon Fund XXIII - Series 10 -Growth Option;INF204KA1Y91;;12.4303;12.4303;12.4303;10-Dec-2015
135160;Reliance Fixed Horizon Fund XXIX - Series 2 - Direct Plan - Dividend Payout Option;INF204KA11K6;;10.2636;10.2636;10.2636;10-Dec-2015
135158;Reliance Fixed Horizon Fund XXIX - Series 2 - Direct Plan - Growth Option;INF204KA10K8;;10.2636;10.2636;10.2636;10-Dec-2015
135159;Reliance Fixed Horizon Fund XXIX - Series 2 - Regular Plan - Dividend Payout Option;INF204KA19J1;;10.2358;10.2358;10.2358;10-Dec-2015
135157;Reliance Fixed Horizon Fund XXIX - Series 2 - Regular Plan - Growth Option;INF204KA18J3;;10.2358;10.2358;10.2358;10-Dec-2015
135095;Reliance Fixed Horizon Fund XXIX - Series 1- Direct Plan-Dividend Payout Option;INF204KA17J5;;10.2935;10.2935;10.2935;10-Dec-2015
135094;Reliance Fixed Horizon Fund XXIX - Series 1- Direct Plan-Growth Option;INF204KA16J7;;10.2935;10.2935;10.2935;10-Dec-2015
135093;Reliance Fixed Horizon Fund XXIX - Series 1- Dividend Payout Option;INF204KA15J9;;10.2607;10.2607;10.2607;10-Dec-2015
135092;Reliance Fixed Horizon Fund XXIX - Series 1- Growth Option;INF204KA14J2;;10.2607;10.2607;10.2607;10-Dec-2015
135482;Reliance Fixed Horizon Fund XXIX- Series 10- Direct Plan-Growth Option;INF204KA13P1;;10.0722;10.0722;10.0722;10-Dec-2015
135483;Reliance Fixed Horizon Fund XXIX- Series 10- Dividend Payout Option;INF204KA14P9;;10.0706;10.0706;10.0706;10-Dec-2015
135481;Reliance Fixed Horizon Fund XXIX- Series 10- Growth Option;INF204KA11P5;;10.0706;10.0706;10.0706;10-Dec-2015
135561;Reliance Fixed Horizon Fund XXIX- Series 13- Direct Plan-Dividend Payout Option;INF204KA16Q2;;10.0492;10.0492;10.0492;10-Dec-2015
135559;Reliance Fixed Horizon Fund XXIX- Series 13- Direct Plan-Growth Option;INF204KA15Q4;;10.0492;10.0492;10.0492;10-Dec-2015
135562;Reliance Fixed Horizon Fund XXIX- Series 13- Dividend Payout Option;INF204KA14Q7;;10.0390;10.0390;10.0390;10-Dec-2015
135560;Reliance Fixed Horizon Fund XXIX- Series 13- Growth Option;INF204KA13Q9;;10.0390;10.0390;10.0390;10-Dec-2015
135636;Reliance Fixed Horizon Fund XXIX- Series 14- Direct Plan-Dividend Payout Option;INF204KA10R3;;10.0315;10.0315;10.0315;10-Dec-2015
135635;Reliance Fixed Horizon Fund XXIX- Series 14- Growth Option;INF204KA17Q0;;10.0294;10.0294;10.0294;10-Dec-2015
135637;Reliance Fixed Horizon Fund XXIX- Series 14-Direct Plan-Growth Option;INF204KA19Q6;;10.0315;10.0315;10.0315;10-Dec-2015
135634;Reliance Fixed Horizon Fund XXIX- Series 14-Dividend Payout Option;INF204KA18Q8;;10.0294;10.0294;10.0294;10-Dec-2015
135768;Reliance Fixed Horizon Fund XXIX- Series 16- Direct Plan-Dividend Payout Option;INF204KA12S7;;10.0094;10.0094;10.0094;10-Dec-2015
135767;Reliance Fixed Horizon Fund XXIX- Series 16- Direct Plan-Growth Option;INF204KA11S9;;10.0094;10.0094;10.0094;10-Dec-2015
135770;Reliance Fixed Horizon Fund XXIX- Series 16- Growth Option;INF204KA19R4;;10.0076;10.0076;10.0076;10-Dec-2015
135214;Reliance Fixed Horizon Fund XXIX- Series 3- Direct Plan-Dividend Payout Option;INF204KA15K7;;10.2821;10.2821;10.2821;10-Dec-2015
135215;Reliance Fixed Horizon Fund XXIX- Series 3- Direct Plan-Growth Option;INF204KA14K0;;10.2821;10.2821;10.2821;10-Dec-2015
135213;Reliance Fixed Horizon Fund XXIX- Series 3- Dividend Payout Option;INF204KA13K2;;10.2461;10.2461;10.2461;10-Dec-2015
135212;Reliance Fixed Horizon Fund XXIX- Series 3- Growth Option;INF204KA12K4;;10.2461;10.2461;10.2461;10-Dec-2015
135334;Reliance Fixed Horizon Fund XXIX- Series 6- Direct Plan - Growth Option;INF204KA16M1;;10.2385;10.2385;10.2385;10-Dec-2015
135333;Reliance Fixed Horizon Fund XXIX- Series 6- Dividend Payout Option;INF204KA15M3;;10.2360;10.2360;10.2360;10-Dec-2015
135332;Reliance Fixed Horizon Fund XXIX- Series 6- Growth Option;INF204KA14M6;;10.2360;10.2360;10.2360;10-Dec-2015
135393;Reliance Fixed Horizon Fund XXIX- Series 7- Direct Plan- Growth Option;INF204KA14N4;;10.1498;10.1498;10.1498;10-Dec-2015
135395;Reliance Fixed Horizon Fund XXIX- Series 7- Dividend Payout Option;INF204KA15N1;;10.1265;10.1265;10.1265;10-Dec-2015
135392;Reliance Fixed Horizon Fund XXIX- Series 7- Growth Option;INF204KA16N9;;10.1265;10.1265;10.1265;10-Dec-2015
135415;Reliance Fixed Horizon Fund XXIX- Series 8- Direct Plan-Growth Option;INF204KA18N5;;10.2004;10.2004;10.2004;10-Dec-2015
135414;Reliance Fixed Horizon Fund XXIX- Series 8- Dividend Payout Option;INF204KA19N3;;10.1982;10.1982;10.1982;10-Dec-2015
135417;Reliance Fixed Horizon Fund XXIX- Series 8- Growth Option;INF204KA10O0;;10.1982;10.1982;10.1982;10-Dec-2015
135441;Reliance Fixed Horizon Fund XXIX- Series 9- Direct Plan-Growth Option;INF204KA18O3;;10.1222;10.1222;10.1222;10-Dec-2015
135440;Reliance Fixed Horizon Fund XXIX- Series 9- Dividend Payout Option;INF204KA19O1;;10.1203;10.1203;10.1203;10-Dec-2015
135442;Reliance Fixed Horizon Fund XXIX- Series 9- Growth Option;INF204KA10P7;;10.1203;10.1203;10.1203;10-Dec-2015
129150;Reliance Fixed Horizon Fund XXVI- Series 15- Direct Plan - Dividend Payout Option;INF204KA1NQ5;;11.6016;11.6016;11.6016;10-Dec-2015
129149;Reliance Fixed Horizon Fund XXVI- Series 15- Direct Plan - Growth Option;INF204KA1NP7;;11.6016;11.6016;11.6016;10-Dec-2015
129148;Reliance Fixed Horizon Fund XXVI- Series 15- Dividend payout Option;INF204KA1NO0;;11.5603;11.5603;11.5603;10-Dec-2015
129147;Reliance Fixed Horizon Fund XXVI- Series 15- Growth Option;INF204KA1NN2;;11.5603;11.5603;11.5603;10-Dec-2015
129510;Reliance Fixed Horizon Fund XXVI- Series 20- Direct Plan- Growth Option;INF204KA1OJ8;;11.4544;11.4544;11.4544;10-Dec-2015
129508;Reliance Fixed Horizon Fund XXVI- Series 20- Growth Option;INF204KA1OH2;;11.4357;11.4357;11.4357;10-Dec-2015
129562;Reliance Fixed Horizon Fund XXVI- Series 22- Direct Plan- Dividend Payout Option;INF204KA1OS9;;10.4730;10.4730;10.4730;10-Dec-2015
129563;Reliance Fixed Horizon Fund XXVI- Series 22- Direct Plan- Growth Option;INF204KA1OR1;;11.4500;11.4500;11.4500;10-Dec-2015
129560;Reliance Fixed Horizon Fund XXVI- Series 22- Growth Option;INF204KA1OP5;;11.4319;11.4319;11.4319;10-Dec-2015
129686;Reliance Fixed Horizon Fund- XXVI- Series 24- Direct Plan- Growth Option;INF204KA1PD8;;11.4252;11.4252;11.4252;10-Dec-2015
129683;Reliance Fixed Horizon Fund- XXVI- Series 24- Growth Option;INF204KA1PB2;;11.4076;11.4076;11.4076;10-Dec-2015
129838;Reliance Fixed Horizon Fund XXVI- Series 26- Direct Plan- Dividend Payout Option;INF204KA1PQ0;;11.6847;11.6847;11.6847;10-Dec-2015
129837;Reliance Fixed Horizon Fund XXVI- Series 26- Direct Plan- Growth Option;INF204KA1PP2;;11.6847;11.6847;11.6847;10-Dec-2015
129840;Reliance Fixed Horizon Fund XXVI- Series 26- Dividend Payout Option;INF204KA1PO5;;11.5863;11.5863;11.5863;10-Dec-2015
129839;Reliance Fixed Horizon Fund- XXVI- Series 26- Growth Option;INF204KA1PN7;;11.5863;11.5863;11.5863;10-Dec-2015
130266;Reliance Fixed Horizon Fund XXVI- Series 32- Direct Plan- Growth Option;INF204KA1QZ9;;11.5223;11.5223;11.5223;10-Dec-2015
130265;Reliance Fixed Horizon Fund XXVI- Series 32- Dividend Payout Option;INF204KA1QY2;;11.4362;11.4362;11.4362;10-Dec-2015
130264;Reliance Fixed Horizon Fund XXVI- Series 32- Growth Option;INF204KA1QX4;;11.4362;11.4362;11.4362;10-Dec-2015
130414;Reliance Fixed Horizon Fund XXVI Series- 33- Dividend Payout Option;INF204KA1RC6;;10.3446;10.3446;10.3446;10-Dec-2015
130416;Reliance Fixed Horizon Fund XXVI- Series 33- Direct Plan- Dividend Payout Option;INF204KA1RE2;;10.3473;10.3473;10.3473;10-Dec-2015
130415;Reliance Fixed Horizon Fund XXVI- Series 33- Direct Plan- Growth Option;INF204KA1RD4;;11.2905;11.2905;11.2905;10-Dec-2015
130413;Reliance Fixed Horizon Fund XXVI- Series 33- Growth Option;INF204KA1RB8;;11.2704;11.2704;11.2704;10-Dec-2015
130633;Reliance Fixed Horizon Fund XXVI-  Series 35- Direct Plan- Growth Option;INF204KA1RM5;;11.4689;11.4689;11.4689;10-Dec-2015
130634;Reliance Fixed Horizon Fund XXVI- Series 35- Direct Plan- Dividend Payout Option;INF204KA1RN3;;11.4689;11.4689;11.4689;10-Dec-2015
130636;Reliance Fixed Horizon Fund XXVI- Series 35- Dividend payout option;INF204KA1RK9;;11.3991;11.3991;11.3991;10-Dec-2015
130635;Reliance Fixed Horizon Fund XXVI- Series 35- Growth Option;INF204KA1RJ1;;11.3991;11.3991;11.3991;10-Dec-2015
132861;Reliance Fixed Horizon Fund XXVII- Series 11- Direct Plan-Dividend Payout Option;INF204KA1WZ7;;10.9860;10.9860;10.9860;10-Dec-2015
132860;Reliance Fixed Horizon Fund XXVII- Series 11- Direct Plan-Growth Option;INF204KA1WY0;;10.9860;10.9860;10.9860;10-Dec-2015
132859;Reliance Fixed Horizon Fund XXVII- Series 11- Growth Option;INF204KA1WW4;;10.9753;10.9753;10.9753;10-Dec-2015
133202;Reliance Fixed Horizon Fund XXVII- Series 15- Direct Plan- Dividend Payout Option;INF204KA1YT6;;10.8860;10.8860;10.8860;10-Dec-2015
133200;Reliance Fixed Horizon Fund XXVII- Series 15- Direct Plan- Growth Option;INF204KA1YS8;;10.8860;10.8860;10.8860;10-Dec-2015
133201;Reliance Fixed Horizon Fund XXVII- Series 15- Dividend Payout Option;INF204KA1YR0;;10.8374;10.8374;10.8374;10-Dec-2015
133199;Reliance Fixed Horizon Fund XXVII- Series 15- Growth Option;INF204KA1YQ2;;10.8374;10.8374;10.8374;10-Dec-2015
130877;Reliance Fixed Horizon Fund XXVII- Series 3- Direct Plan- Dividend Payout Option;INF204KA1SS0;;11.4137;11.4137;11.4137;10-Dec-2015
130875;Reliance Fixed Horizon Fund XXVII- Series 3- Direct Plan- Growth Option;INF204KA1SR2;;11.4137;11.4137;11.4137;10-Dec-2015
130876;Reliance Fixed Horizon Fund XXVII- Series 3- Dividend Payout option;INF204KA1SQ4;;11.3461;11.3461;11.3461;10-Dec-2015
130874;Reliance Fixed Horizon Fund XXVII- Series 3- Growth Option;INF204KA1SP6;;11.3461;11.3461;11.3461;10-Dec-2015
131078;Reliance Fixed Horizon Fund XXVII- Series 4- Direct Plan- Growth Option;INF204KA1TH1;;11.3293;11.3293;11.3293;10-Dec-2015
131077;Reliance Fixed Horizon Fund XXVII- Series 4- Dividend Payout Option;INF204KA1TG3;;11.3149;11.3149;11.3149;10-Dec-2015
131076;Reliance Fixed Horizon Fund XXVII- Series 4- Growth Option;INF204KA1TF5;;11.3149;11.3149;11.3149;10-Dec-2015
131216;Reliance Fixed Horizon Fund XXVII- Series 6- Direct Plan- Growth Option;INF204KA1TZ3;;11.2877;11.2877;11.2877;10-Dec-2015
131218;Reliance Fixed Horizon Fund XXVII- Series 6- Growth Option;INF204KA1TX8;;11.2757;11.2757;11.2757;10-Dec-2015
131348;Reliance Fixed Horizon Fund XXVII- Series 7- Direct Plan- Growth Option;INF204KA1UU2;;11.2674;11.2674;11.2674;10-Dec-2015
131347;Reliance Fixed Horizon Fund XXVII- Series 7- Dividend Payout Option;INF204KA1UT4;;11.2538;11.2538;11.2538;10-Dec-2015
131346;Reliance Fixed Horizon Fund XXVII- Series 7- Growth Option;INF204KA1US6;;11.2538;11.2538;11.2538;10-Dec-2015
131538;Reliance Fixed Horizon Fund XXVII- Series 8- Direct Plan- Dividend Payout Option;INF204KA1UV0;;11.1539;11.1539;11.1539;10-Dec-2015
131537;Reliance Fixed Horizon Fund XXVII- Series 8- Direct Plan- Growth Option;INF204KA1UU2;;11.1539;11.1539;11.1539;10-Dec-2015
131539;Reliance Fixed Horizon Fund XXVII- Series 8- Growth Option;INF204KA1US6;;11.1423;11.1423;11.1423;10-Dec-2015
131592;Reliance Fixed Horizon Fund XXVII- Series 9- Direct Plan-Dividend Payout Option;INF204KA1WJ1;;10.9886;10.9886;10.9886;10-Dec-2015
131593;Reliance Fixed Horizon Fund XXVII- Series 9- Direct Plan-Growth option;INF204KA1WI3;;10.9886;10.9886;10.9886;10-Dec-2015
131591;Reliance Fixed Horizon Fund XXVII- Series 9- Dividend Payout Option;INF204KA1WH5;;10.9220;10.9220;10.9220;10-Dec-2015
131590;Reliance Fixed Horizon Fund XXVII- Series 9- Growth option;INF204KA1WG7;;10.9220;10.9220;10.9220;10-Dec-2015
134022;Reliance Fixed Horizon Fund XXVIII- Series 10- Direct Plan- Growth Option;INF204KA1H35;;10.6707;10.6707;10.6707;10-Dec-2015
134025;Reliance Fixed Horizon Fund XXVIII- Series 10- Dividend Payout Option;INF204KA1H27;;10.6636;10.6636;10.6636;10-Dec-2015
134024;Reliance Fixed Horizon Fund XXVIII- Series 10- Growth Option;INF204KA1H19;;10.6636;10.6636;10.6636;10-Dec-2015
134180;Reliance Fixed Horizon Fund XXVIII- Series 14- Direct Plan-Dividend Payout Option;INF204KA1J66;;10.6752;10.6752;10.6752;10-Dec-2015
134181;Reliance Fixed Horizon Fund XXVIII- Series 14- Direct Plan-Growth Option;INF204KA1J58;;10.6752;10.6752;10.6752;10-Dec-2015
134182;Reliance Fixed Horizon Fund XXVIII- Series 14- Dividend Payout Option;INF204KA1J41;;10.6416;10.6416;10.6416;10-Dec-2015
134183;Reliance Fixed Horizon Fund XXVIII- Series 14- Growth Option;INF204KA1J33;;10.6416;10.6416;10.6416;10-Dec-2015
134590;Reliance Fixed Horizon Fund XXVIII- Series 18- Direct Plan-Dividend Payout Option;INF204KA1V86;;10.5522;10.5522;10.5522;10-Dec-2015
134589;Reliance Fixed Horizon Fund XXVIII- Series 18- Direct Plan-Growth Option;INF204KA1V78;;10.5522;10.5522;10.5522;10-Dec-2015
134591;Reliance Fixed Horizon Fund XXVIII- Series 18- Dividend Payout Option;INF204KA1V60;;10.5022;10.5022;10.5022;10-Dec-2015
134592;Reliance Fixed Horizon Fund XXVIII- Series 18- Growth Option;INF204KA1V52;;10.5022;10.5022;10.5022;10-Dec-2015
134637;Reliance Fixed Horizon Fund XXVIII- Series 19- Direct Plan-Growth Option;INF204KA13A3;;10.4901;10.4901;10.4901;10-Dec-2015
134636;Reliance Fixed Horizon Fund XXVIII- Series 19- Dividend Payout Option;INF204KA12A5;;10.4872;10.4872;10.4872;10-Dec-2015
134635;Reliance Fixed Horizon Fund XXVIII- Series 19- Growth Option;INF204KA11A7;;10.4872;10.4872;10.4872;10-Dec-2015
133328;Reliance Fixed Horizon Fund XXVIII- Series 2- Direct Plan-Dividend Payout Option;INF204KA1ZR7;;10.8550;10.8550;10.8550;10-Dec-2015
133327;Reliance Fixed Horizon Fund XXVIII- Series 2- Direct Plan-Growth Option;INF204KA1ZQ9;;10.8549;10.8549;10.8549;10-Dec-2015
133329;Reliance Fixed Horizon Fund XXVIII- Series 2- Dividend Payout Option;INF204KA1ZP1;;10.8225;10.8225;10.8225;10-Dec-2015
133326;Reliance Fixed Horizon Fund XXVIII- Series 2- Growth Option;INF204KA1ZO4;;10.8225;10.8225;10.8225;10-Dec-2015
133471;Reliance Fixed Horizon Fund XXVIII- Series 4- Direct Plan-Dividend Payout Option;INF204KA1B15;;10.7866;10.7866;10.7866;10-Dec-2015
133473;Reliance Fixed Horizon Fund XXVIII- Series 4- Dividend Payout Option;INF204KA1A99;;10.7558;10.7558;10.7558;10-Dec-2015
133470;Reliance Fixed Horizon Fund XXVIII- Series 4- Growth Option;INF204KA1A81;;10.7558;10.7558;10.7558;10-Dec-2015
133472;Reliance Fixed Horizon Fund XXVIII- Series 4-Direct Plan- Growth Option;INF204KA1B07;;10.7866;10.7866;10.7866;10-Dec-2015
133842;Reliance Fixed Horizon Fund XXVIII- Series 7- Direct Plan-Growth Option;INF204KA1E95;;10.7183;10.7183;10.7183;10-Dec-2015
133841;Reliance Fixed Horizon Fund XXVIII- Series 7- Dividend Payout Option;INF204KA1E87;;10.7056;10.7056;10.7056;10-Dec-2015
133840;Reliance Fixed Horizon Fund XXVIII- Series 7- Growth Option;INF204KA1E79;;10.7056;10.7056;10.7056;10-Dec-2015
128966;Reliance Fixed Horizon Fund- XXVI- Series 12- Direct Plan - Growth Option;INF204KA1ND3;;11.5270;11.5270;11.5270;10-Dec-2015
128964;Reliance Fixed Horizon Fund- XXVI- Series 12- Growth Option;INF204KA1NB7;;11.4930;11.4930;11.4930;10-Dec-2015
129020;Reliance Fixed Horizon Fund- XXVI- Series 13- Direct Plan - Growth Option;INF204KA1NH4;;11.5194;11.5194;11.5194;10-Dec-2015
129018;Reliance Fixed Horizon Fund- XXVI- Series 13- Growth Option;INF204KA1NF8;;11.4876;11.4876;11.4876;10-Dec-2015
129184;Reliance Fixed Horizon Fund- XXVI- Series 16- Direct Plan - Dividend Payout Option;INF204KA1NU7;;11.8044;11.8044;11.8044;10-Dec-2015
129186;Reliance Fixed Horizon Fund- XXVI- Series 16- Direct Plan - Growth Option;INF204KA1NT9;;11.8044;11.8044;11.8044;10-Dec-2015
129185;Reliance Fixed Horizon Fund- XXVI- Series 16- Dividend payout Option;INF204KA1NS1;;11.6995;11.6995;11.6995;10-Dec-2015
129183;Reliance Fixed Horizon Fund- XXVI- Series 16- Growth Option;INF204KA1NR3;;11.6995;11.6995;11.6995;10-Dec-2015
129418;Reliance Fixed Horizon Fund- XXVI- Series 19- Direct Plan- Growth Option;INF204KA1OF6;;11.4922;11.4922;11.4922;10-Dec-2015
129420;Reliance Fixed Horizon Fund- XXVI- Series 19- Growth Option;INF204KA1OD1;;11.4739;11.4739;11.4739;10-Dec-2015
129521;Reliance Fixed Horizon Fund- XXVI- Series 21- Direct Plan- Growth Option;INF204KA1ON0;;11.6981;11.6981;11.6981;10-Dec-2015
129520;Reliance Fixed Horizon Fund- XXVI- Series 21- Dividend Payout Option;INF204KA1OM2;;11.6726;11.6726;11.6726;10-Dec-2015
129519;Reliance Fixed Horizon Fund- XXVI- Series 21- Growth Option;INF204KA1OL4;;11.6726;11.6726;11.6726;10-Dec-2015
129682;Reliance Fixed Horizon Fund XXVI- Series 23- Direct Plan- Growth Option;INF204KA1OZ4;;11.6415;11.6415;11.6415;10-Dec-2015
129681;Reliance Fixed Horizon Fund- XXVI- Series 23- Direct Plan- Dividend Payout Option;INF204KA1PA4;;11.6415;11.6415;11.6415;10-Dec-2015
129679;Reliance Fixed Horizon Fund- XXVI- Series 23- Dividend Payout Opiton;INF204KA1OY7;;11.5613;11.5613;11.5613;10-Dec-2015
129680;Reliance Fixed Horizon Fund- XXVI- Series 23- Growth Option;INF204KA1OX9;;11.5613;11.5613;11.5613;10-Dec-2015
129731;Reliance Fixed Horizon Fund XXVI- Series 25- Direct Plan- Dividend Payout Option;INF204KA11D1;;10.4541;10.4541;10.4541;10-Dec-2015
129730;Reliance Fixed Horizon Fund XXVI- Series 25- Direct Plan- Growth Option;INF204KA10D3;;11.4127;11.4127;11.4127;10-Dec-2015
129729;Reliance Fixed Horizon Fund XXVI- Series 25- Growth Option;INF204KA12D9;;11.3952;11.3952;11.3952;10-Dec-2015
128635;Reliance Fixed Horizon Fund- XXVI- Series 6-  Growth Option;INF204KA1LQ9;;11.5442;11.5442;11.5442;10-Dec-2015
128638;Reliance Fixed Horizon Fund- XXVI- Series 6- Direct Plan - Dividend Payout Option;INF204KA1LT3;;10.5779;10.5779;10.5779;10-Dec-2015
128637;Reliance Fixed Horizon Fund- XXVI- Series 6- Direct Plan - Growth Option;INF204KA1LS5;;11.5559;11.5559;11.5559;10-Dec-2015
128686;Reliance Fixed Horizon Fund- XXVI- Series 7- Direct Plan - Dividend Payout Option;INF204KA1LX5;;10.5704;10.5704;10.5704;10-Dec-2015
128688;Reliance Fixed Horizon Fund- XXVI- Series 7- Direct Plan - Growth Option;INF204KA1LW7;;11.5749;11.5749;11.5749;10-Dec-2015
128685;Reliance Fixed Horizon Fund- XXVI- Series 7- Dividend payout Option;INF204KA1LV9;;10.5647;10.5647;10.5647;10-Dec-2015
128687;Reliance Fixed Horizon Fund- XXVI- Series 7- Growth Option;INF204KA1LU1;;11.5563;11.5563;11.5563;10-Dec-2015
128841;Reliance Fixed Horizon Fund- XXVI- Series 9- Direct Plan - Growth Option;INF204KA1MI4;;11.5355;11.5355;11.5355;10-Dec-2015
128843;Reliance Fixed Horizon Fund- XXVI- Series 9- Growth Option;INF204KA1MG8;;11.5163;11.5163;11.5163;10-Dec-2015
130010;Reliance Fixed Horizon Fund-XXVI-Series 28-Direct Plan-Growth Option;INF204KA1PX6;;11.4080;11.4080;11.4080;10-Dec-2015
130012;Reliance Fixed Horizon Fund-XXVI-Series 28-Dividend Payout Option;INF204KA1PW8;;10.4310;10.4310;10.4310;10-Dec-2015
130009;Reliance Fixed Horizon Fund-XXVI-Series 28-Growth Option;INF204KA1PV0;;11.3736;11.3736;11.3736;10-Dec-2015
131379;Reliance Interval Fund III- Series 1- Direct Plan- Growth Option;INF204KA1VD6;;11.0325;11.0325;11.0325;10-Dec-2015
131381;Reliance Interval Fund III- Series 1- Growth Option;INF204KA1VB0;;11.0203;11.0203;11.0203;10-Dec-2015
121177;Reliance Yearly Interval Fund - Series 3 - Direct Plan - Growth Plan - Growth Option;INF204K01S33;-;12.8674;12.8674;12.8674;10-Dec-2015
121178;Reliance Yearly Interval Fund - Series 3 - Dividend Plan - Dividend Option;INF204K01S17;INF204K01S25;10.6548;10.6548;10.6548;10-Dec-2015
121180;Reliance Yearly Interval Fund - Series 3 - Growth Plan - Growth Option;INF204K01S09;-;12.8426;12.8426;12.8426;10-Dec-2015
122079;Reliance Yearly Interval Fund - Series 6 - Direct Plan - Dividend Option;INF204K01U21;INF204K01U39;10.5441;10.5441;10.5441;10-Dec-2015
122081;Reliance Yearly Interval Fund - Series 6 - Direct Plan - Growth Option;INF204K01U13;;12.5470;12.5470;12.5470;10-Dec-2015
122078;Reliance Yearly Interval Fund - Series 6 - Dividend Option;INF204K01T99;INF204K01U05;10.5426;10.5426;10.5426;10-Dec-2015
122080;Reliance Yearly Interval Fund - Series 6 - Growth Option;INF204K01T81;;12.5252;12.5252;12.5252;10-Dec-2015
122225;Reliance Yearly Interval Fund - Series 7 - Direct Plan - Dividend Option;INF204K01U88;INF204K01U96;10.5271;10.5271;10.5271;10-Dec-2015
122227;Reliance Yearly Interval Fund - Series 7 - Direct Plan - Growth Option;INF204K01U70;;12.5435;12.5435;12.5435;10-Dec-2015
122228;Reliance Yearly Interval Fund - Series 7- Dividend Option;INF204K01U54;INF204K01U62;10.5207;10.5207;10.5207;10-Dec-2015
122226;Reliance Yearly Interval Fund - Series 7- Growth Option;INF204K01U47;;12.5165;12.5165;12.5165;10-Dec-2015
121285;Reliance Yearly Interval Fund - Series 4 - Direct Plan - Dividend Plan - Dividend Option;INF204K01T08;INF204K01T16;10.6488;10.6488;10.6488;10-Dec-2015
121286;Reliance Yearly Interval Fund - Series 4 - Direct Plan - Growth Plan - Growth Option;INF204K01S90;-;12.7840;12.7840;12.7840;10-Dec-2015
121287;Reliance Yearly Interval Fund - Series 4 - Dividend Plan - Dividend Option;INF204K01S74;INF204K01S82;10.6407;10.6407;10.6407;10-Dec-2015
121288;Reliance Yearly Interval Fund - Series 4- Growth Plan - Growth Option;INF204K01S66;-;12.7500;12.7500;12.7500;10-Dec-2015

Principal Mutual Fund
126071;PRINCIPAL PNB FIXED MATURITY PLAN SERIES B10 - DIRECT PLAN - GROWTH;INF173K01LM7;;11.8679;11.8679;11.8679;10-Dec-2015
126073;PRINCIPAL PNB FIXED MATURITY PLAN SERIES B10 - REGULAR PLAN - GROWTH;INF173K01LK1;;11.7668;11.7668;11.7668;10-Dec-2015
129414;Principal Pnb Fixed Maturity Plan - Series B16- Direct Plan - Dividend Payout;INF173K01NJ9;;11.7068;11.7068;11.7068;10-Dec-2015
129415;Principal Pnb Fixed Maturity Plan - Series B16- Direct Plan - Growth;INF173K01NL5;;11.7068;11.7068;11.7068;10-Dec-2015
129416;Principal Pnb Fixed Maturity Plan - Series B16- Regular plan - Dividend Payout;INF173K01NG5;;11.5943;11.5943;11.5943;10-Dec-2015
129413;Principal Pnb Fixed Maturity Plan - Series B16- Regular plan - Growth;INF173K01NI1;;11.5943;11.5943;11.5943;10-Dec-2015
129722;Principal Pnb Fixed Maturity Plan - Series B17- Direct Plan - Dividend Payout;INF173K01MP8;;10.4609;10.4609;10.4609;10-Dec-2015
129721;Principal Pnb Fixed Maturity Plan - Series B17- Direct Plan - Growth;INF173K01MR4;;11.4299;11.4299;11.4299;10-Dec-2015
129719;Principal Pnb Fixed Maturity Plan - Series B17- Regular plan - Growth;INF173K01MO1;;11.4186;11.4186;11.4186;10-Dec-2015
128410;PRINCIPAL PNB FIXED MATURITY PLAN-SERIES B14-DIRECT PLAN-GROWTH;INF173K01LY2;;11.6585;11.6585;11.6585;10-Dec-2015
128408;PRINCIPAL PNB FIXED MATURITY PLAN-SERIES B14-REGULAR PLAN-DIVIDEND PAYOUT;INF173K01LT2;;10.5303;10.5303;10.5303;10-Dec-2015
128411;PRINCIPAL PNB FIXED MATURITY PLAN-SERIES B14-REGULAR PLAN-GROWTH;INF173K01LV8;;11.5802;11.5802;11.5802;10-Dec-2015
127961;PRINCIPAL PNB FIXED MATURITY PLAN-SERIES B13-DIRECT PLAN-GROWTH;INF173K01LS4;;11.6789;11.6789;11.6789;10-Dec-2015
127959;PRINCIPAL PNB FIXED MATURITY PLAN-SERIES B13-REGULAR PLAN-GROWTH;INF173K01LP0;;11.5963;11.5963;11.5963;10-Dec-2015
123210;Principal Pnb FMP Series B5 - Direct Plan - Growth Option;INF173K01KZ1;;12.3819;12.3819;12.3819;10-Dec-2015
123162;Principal Pnb FMP Series B5 - Regular Plan Growth option;INF173K01KW8;;12.3673;12.3673;12.3673;10-Dec-2015

quant Mutual Fund
109070;Escorts Fixed Maturity Plan - Dividend Option;;;0;0;0;10-Dec-2015
109071;Escorts Fixed Maturity Plan - Growth Option;;;0;0;0;10-Dec-2015
109514;Escorts Fixed Maturity Plan - Institutional Dividend;;;0;0;0;10-Dec-2015
109515;Escorts Fixed Maturity Plan - Institutional Growth;;;0;0;0;10-Dec-2015
114875;Escorts Fixed Maturity Plan Series II - Dividend;INF966L01028;;0;0;0;10-Dec-2015
114876;Escorts Fixed Maturity Plan Series II - Growth;INF966L01010;;0;0;0;10-Dec-2015

SBI Mutual Fund
114781;SBI Capital Protection Oriented Fund - Series II -;INF200K01ED2;;14.859;N.A.;N.A.;10-Dec-2015
126205;SBI DEBT FUND SERIES - 16 MONTHS - 1 - DIRECT PLAN - GROWTH;INF200KA1CE8;;11.8512;N.A.;N.A.;10-Dec-2015
126206;SBI DEBT FUND SERIES - 16 MONTHS - 1 - REGULAR PLAN - DIVIDEND;INF200KA1CD0;;11.7982;N.A.;N.A.;10-Dec-2015
126207;SBI DEBT FUND SERIES - 16 MONTHS - 1 - REGULAR PLAN - GROWTH;INF200KA1CC2;;11.7981;N.A.;N.A.;10-Dec-2015
126208;SBI DEBT FUND SERIES - 16 MONTHS - 1- DIRECT PLAN - DIVIDEND;INF200KA1CF5;;11.843;N.A.;N.A.;10-Dec-2015
126209;SBI DEBT FUND SERIES - 16 MONTHS - 2 - DIRECT PLAN - GROWTH;INF200KA1DM9;;11.7967;N.A.;N.A.;10-Dec-2015
126210;SBI DEBT FUND SERIES - 16 MONTHS - 2 - REGULAR PLAN - DIVIDEND;INF200KA1DL1;;11.7522;N.A.;N.A.;10-Dec-2015
126211;SBI DEBT FUND SERIES - 16 MONTHS - 2 - REGULAR PLAN - GROWTH;INF200KA1DK3;;11.7516;N.A.;N.A.;10-Dec-2015
126212;SBI DEBT FUND SERIES - 16 MONTHS - 2- DIRECT PLAN - DIVIDEND;INF200KA1DN7;;11.7977;N.A.;N.A.;10-Dec-2015
125734;SBI DEBT FUND SERIES - 17 MONTHS - 1 - DIRECT PLAN - GROWTH;INF200KA1CQ2;;11.905;N.A.;N.A.;10-Dec-2015
125735;SBI DEBT FUND SERIES - 17 MONTHS - 1 - REGULAR PLAN - DIVIDEND;INF200KA1CP4;;11.8499;N.A.;N.A.;10-Dec-2015
125736;SBI DEBT FUND SERIES - 17 MONTHS - 1 - REGULAR PLAN - GROWTH;INF200KA1CO7;;11.8498;N.A.;N.A.;10-Dec-2015
125733;SBI DEBT FUND SERIES - 17 MONTHS - 1- DIRECT PLAN - DIVIDEND;INF200KA1CR0;;11.9046;N.A.;N.A.;10-Dec-2015
125008;SBI DEBT FUND SERIES - 18 MONTHS - 12 - DIRECT PLAN - DIVIDEND;INF200KA1BL5;;N.A.;N.A.;N.A.;10-Dec-2015
125005;SBI DEBT FUND SERIES - 18 MONTHS - 12 - DIRECT PLAN - GROWTH;INF200KA1BK7;;11.9815;N.A.;N.A.;10-Dec-2015
125006;SBI DEBT FUND SERIES - 18 MONTHS - 12 - REGULAR PLAN - DIVIDEND;INF200KA1BJ9;;11.9097;N.A.;N.A.;10-Dec-2015
125007;SBI DEBT FUND SERIES - 18 MONTHS - 12 - REGULAR PLAN - GROWTH;INF200KA1BI1;;11.9101;N.A.;N.A.;10-Dec-2015
125460;SBI DEBT FUND SERIES - 18 MONTHS - 13 - DIRECT PLAN - DIVIDEND;INF200KA1DZ1;;N.A.;N.A.;N.A.;10-Dec-2015
125461;SBI DEBT FUND SERIES - 18 MONTHS - 13 - DIRECT PLAN - GROWTH;INF200KA1DY4;;11.9777;N.A.;N.A.;10-Dec-2015
125462;SBI DEBT FUND SERIES - 18 MONTHS - 13 - REGULAR PLAN - DIVIDEND;INF200KA1DX6;;N.A.;N.A.;N.A.;10-Dec-2015
125463;SBI DEBT FUND SERIES - 18 MONTHS - 13 - REGULAR PLAN - GROWTH;INF200KA1DW8;;11.9236;N.A.;N.A.;10-Dec-2015
120908;SBI DEBT FUND SERIES - 36 MONTHS - 2 - DIRECT PLAN - DIVIDEND;INF200K01QM7;;12.7281;N.A.;N.A.;10-Dec-2015
120911;SBI DEBT FUND SERIES - 36 MONTHS - 2 - DIRECT PLAN - GROWTH;INF200K01QL9;;12.7281;N.A.;N.A.;10-Dec-2015
120909;SBI DEBT FUND SERIES - 36 MONTHS - 2 - REGULAR PLAN - DIVIDEND;INF200K01QH7;;12.5174;N.A.;N.A.;10-Dec-2015
120910;SBI DEBT FUND SERIES - 36 MONTHS - 2 - REGULAR PLAN - GROWTH;INF200K01QG9;;12.5174;N.A.;N.A.;10-Dec-2015
123647;SBI DEBT FUND SERIES - 36 MONTHS - 4 - DIRECT PLAN - DIVIDEND;INF200KA1KF8;;12.3913;N.A.;N.A.;10-Dec-2015
123649;SBI DEBT FUND SERIES - 36 MONTHS - 4 - DIRECT PLAN - GROWTH;INF200KA1KE1;;12.3913;N.A.;N.A.;10-Dec-2015
123648;SBI DEBT FUND SERIES - 36 MONTHS - 4 - REGULAR PLAN - DIVIDEND;INF200KA1KD3;;12.3458;N.A.;N.A.;10-Dec-2015
123650;SBI DEBT FUND SERIES - 36 MONTHS - 4 - REGULAR PLAN - GROWTH;INF200KA1KC5;;12.3458;N.A.;N.A.;10-Dec-2015
124000;SBI DEBT FUND SERIES - 36 MONTHS - 5 - DIRECT PLAN - DIVIDEND;INF200K01D91;;N.A.;N.A.;N.A.;10-Dec-2015
124001;SBI DEBT FUND SERIES - 36 MONTHS - 5 - DIRECT PLAN - GROWTH;INF200K01D83;;12.2668;N.A.;N.A.;10-Dec-2015
124003;SBI DEBT FUND SERIES - 36 MONTHS - 5 - REGULAR PLAN - DIVIDEND;INF200K01D75;;12.2251;N.A.;N.A.;10-Dec-2015
124002;SBI DEBT FUND SERIES - 36 MONTHS - 5 - REGULAR PLAN - GROWTH;INF200K01D67;;12.2251;N.A.;N.A.;10-Dec-2015
124373;SBI DEBT FUND SERIES - 36 MONTHS - 6 - DIRECT PLAN - DIVIDEND;INF200KA1KZ6;;12.3325;N.A.;N.A.;10-Dec-2015
124374;SBI DEBT FUND SERIES - 36 MONTHS - 6 - DIRECT PLAN - GROWTH;INF200KA1KY9;;12.3325;N.A.;N.A.;10-Dec-2015
124375;SBI DEBT FUND SERIES - 36 MONTHS - 6 - REGULAR PLAN - DIVIDEND;INF200KA1KX1;;12.2256;N.A.;N.A.;10-Dec-2015
124376;SBI DEBT FUND SERIES - 36 MONTHS - 6 - REGULAR PLAN - GROWTH;INF200KA1KW3;;12.2256;N.A.;N.A.;10-Dec-2015
125719;SBI DEBT FUND SERIES - 36 MONTHS - 7 - DIRECT PLAN - DIVIDEND;INF200K01E74;;12.0114;N.A.;N.A.;10-Dec-2015
125721;SBI DEBT FUND SERIES - 36 MONTHS - 7 - DIRECT PLAN - GROWTH;INF200K01E66;;12.0114;N.A.;N.A.;10-Dec-2015
125720;SBI DEBT FUND SERIES - 36 MONTHS - 7 - REGULAR PLAN - DIVIDEND;INF200K01E58;;11.9681;N.A.;N.A.;10-Dec-2015
125722;SBI DEBT FUND SERIES - 36 MONTHS - 7 - REGULAR PLAN - GROWTH;INF200K01E41;;11.9681;N.A.;N.A.;10-Dec-2015
123167;SBI DEBT FUND SERIES - 366 DAYS - 34 - DIRECT PLAN - DIVIDEND;INF200K015P1;;N.A.;N.A.;N.A.;10-Dec-2015
123169;SBI DEBT FUND SERIES - 366 DAYS - 34 - DIRECT PLAN - GROWTH;INF200K014P4;;12.4072;N.A.;N.A.;10-Dec-2015
123170;SBI DEBT FUND SERIES - 366 DAYS - 34 - REGULAR PLAN - DIVIDEND;INF200K013P6;;12.3662;N.A.;N.A.;10-Dec-2015
123168;SBI DEBT FUND SERIES - 366 DAYS - 34 - REGULAR PLAN - GROWTH;INF200K012P8;;12.3676;N.A.;N.A.;10-Dec-2015
123321;SBI DEBT FUND SERIES - 366 DAYS - 35 - DIRECT PLAN - DIVIDEND;INF200K017O0;;N.A.;N.A.;N.A.;10-Dec-2015
123324;SBI DEBT FUND SERIES - 366 DAYS - 35 - DIRECT PLAN - GROWTH;INF200K016O2;;12.3701;N.A.;N.A.;10-Dec-2015
123323;SBI DEBT FUND SERIES - 366 DAYS - 35 - REGULAR PLAN - DIVIDEND;INF200K015O4;;N.A.;N.A.;N.A.;10-Dec-2015
123322;SBI DEBT FUND SERIES - 366 DAYS - 35 - REGULAR PLAN - GROWTH;INF200K014O7;;12.3316;N.A.;N.A.;10-Dec-2015
123497;SBI DEBT FUND SERIES - 366 DAYS - 36 - DIRECT PLAN - DIVIDEND;INF200K019P3;;N.A.;N.A.;N.A.;10-Dec-2015
123494;SBI DEBT FUND SERIES - 366 DAYS - 36 - DIRECT PLAN - GROWTH;INF200K018P5;;12.4489;N.A.;N.A.;10-Dec-2015
123496;SBI DEBT FUND SERIES - 366 DAYS - 36 - REGULAR PLAN - DIVIDEND;INF200K017P7;;12.4105;N.A.;N.A.;10-Dec-2015
123495;SBI DEBT FUND SERIES - 366 DAYS - 36 - REGULAR PLAN - GROWTH;INF200K016P9;;12.4111;N.A.;N.A.;10-Dec-2015
123728;SBI DEBT FUND SERIES - 366 DAYS - 37 - DIRECT PLAN - DIVIDEND;INF200K011R6;;12.3846;N.A.;N.A.;10-Dec-2015
123729;SBI DEBT FUND SERIES - 366 DAYS - 37 - DIRECT PLAN - GROWTH;INF200K010R8;;12.3851;N.A.;N.A.;10-Dec-2015
123731;SBI DEBT FUND SERIES - 366 DAYS - 37 - REGULAR PLAN - DIVIDEND;INF200K019Q1;;12.3512;N.A.;N.A.;10-Dec-2015
123730;SBI DEBT FUND SERIES - 366 DAYS - 37 - REGULAR PLAN - GROWTH;INF200K018Q3;;12.3512;N.A.;N.A.;10-Dec-2015
123996;SBI DEBT FUND SERIES - 366 DAYS - 38 - DIRECT PLAN - DIVIDEND;INF200K015R7;;N.A.;N.A.;N.A.;10-Dec-2015
123997;SBI DEBT FUND SERIES - 366 DAYS - 38 - DIRECT PLAN - GROWTH;INF200K014R0;;12.4143;N.A.;N.A.;10-Dec-2015
123998;SBI DEBT FUND SERIES - 366 DAYS - 38 - REGULAR PLAN - DIVIDEND;INF200K013R2;;12.3805;N.A.;N.A.;10-Dec-2015
123999;SBI DEBT FUND SERIES - 366 DAYS - 38 - REGULAR PLAN - GROWTH;INF200K012R4;;12.3804;N.A.;N.A.;10-Dec-2015
124369;SBI DEBT FUND SERIES - 366 DAYS - 39 - DIRECT PLAN - DIVIDEND;INF200K013S0;;11.2367;N.A.;N.A.;10-Dec-2015
124370;SBI DEBT FUND SERIES - 366 DAYS - 39 - DIRECT PLAN - GROWTH;INF200K012S2;;12.3825;N.A.;N.A.;10-Dec-2015
124371;SBI DEBT FUND SERIES - 366 DAYS - 39 - REGULAR PLAN - DIVIDEND;INF200K011S4;;N.A.;N.A.;N.A.;10-Dec-2015
124372;SBI DEBT FUND SERIES - 366 DAYS - 39 - REGULAR PLAN - GROWTH;INF200K010S6;;12.3354;N.A.;N.A.;10-Dec-2015
124527;SBI DEBT FUND SERIES - 366 DAYS - 40 - DIRECT PLAN - DIVIDEND;INF200K015T3;;N.A.;N.A.;N.A.;10-Dec-2015
124525;SBI DEBT FUND SERIES - 366 DAYS - 40 - DIRECT PLAN - GROWTH;INF200K014T6;;12.3302;N.A.;N.A.;10-Dec-2015
124526;SBI DEBT FUND SERIES - 366 DAYS - 40 - REGULAR PLAN - DIVIDEND;INF200K013T8;;N.A.;N.A.;N.A.;10-Dec-2015
124528;SBI DEBT FUND SERIES - 366 DAYS - 40 - REGULAR PLAN - GROWTH;INF200K012T0;;12.273;N.A.;N.A.;10-Dec-2015
124726;SBI DEBT FUND SERIES - 366 DAYS - 41 - DIRECT PLAN - DIVIDEND;INF200K010U2;;N.A.;N.A.;N.A.;10-Dec-2015
124728;SBI DEBT FUND SERIES - 366 DAYS - 41 - DIRECT PLAN - GROWTH;INF200K019T5;;12.2326;N.A.;N.A.;10-Dec-2015
124727;SBI DEBT FUND SERIES - 366 DAYS - 41 - REGULAR PLAN - DIVIDEND;INF200K018T7;;N.A.;N.A.;N.A.;10-Dec-2015
124729;SBI DEBT FUND SERIES - 366 DAYS - 41 - REGULAR PLAN - GROWTH;INF200K016T1;;12.179;N.A.;N.A.;10-Dec-2015
124938;SBI DEBT FUND SERIES - 366 DAYS - 42 - DIRECT PLAN - DIVIDEND;INF200K012V6;;N.A.;N.A.;N.A.;10-Dec-2015
124940;SBI DEBT FUND SERIES - 366 DAYS - 42 - DIRECT PLAN - GROWTH;INF200K011V8;;12.1078;N.A.;N.A.;10-Dec-2015
124939;SBI DEBT FUND SERIES - 366 DAYS - 42 - REGULAR PLAN - DIVIDEND;INF200K010V0;;11.1286;N.A.;N.A.;10-Dec-2015
124941;SBI DEBT FUND SERIES - 366 DAYS - 42 - REGULAR PLAN - GROWTH;INF200K019U3;;12.0554;N.A.;N.A.;10-Dec-2015
125243;SBI DEBT FUND SERIES - 366 DAYS - 44 - DIRECT PLAN - DIVIDEND;INF200K011X4;;N.A.;N.A.;N.A.;10-Dec-2015
125244;SBI DEBT FUND SERIES - 366 DAYS - 44 - DIRECT PLAN - GROWTH;INF200K010X6;;11.9721;N.A.;N.A.;10-Dec-2015
125246;SBI DEBT FUND SERIES - 366 DAYS - 44 - REGULAR PLAN - DIVIDEND;INF200K019W9;;11.054;N.A.;N.A.;10-Dec-2015
125245;SBI DEBT FUND SERIES - 366 DAYS - 44 - REGULAR PLAN - GROWTH;INF200K018W1;;11.935;N.A.;N.A.;10-Dec-2015
125406;SBI DEBT FUND SERIES - 366 DAYS - 45 - DIRECT PLAN - DIVIDEND;INF200K014Y6;;N.A.;N.A.;N.A.;10-Dec-2015
125409;SBI DEBT FUND SERIES - 366 DAYS - 45 - DIRECT PLAN - GROWTH;INF200K015Y3;;11.9618;N.A.;N.A.;10-Dec-2015
125407;SBI DEBT FUND SERIES - 366 DAYS - 45 - REGULAR PLAN - DIVIDEND;INF200K016Y1;;11.0539;N.A.;N.A.;10-Dec-2015
125408;SBI DEBT FUND SERIES - 366 DAYS - 45 - REGULAR PLAN - GROWTH;INF200K017Y9;;11.9248;N.A.;N.A.;10-Dec-2015
125519;SBI DEBT FUND SERIES - 366 DAYS - 46 - DIRECT PLAN - DIVIDEND;INF200K012Z7;;N.A.;N.A.;N.A.;10-Dec-2015
125522;SBI DEBT FUND SERIES - 366 DAYS - 46 - DIRECT PLAN - GROWTH;INF200K013Z5;;11.9262;N.A.;N.A.;10-Dec-2015
125520;SBI DEBT FUND SERIES - 366 DAYS - 46 - REGULAR PLAN - DIVIDEND;INF200K014Z3;;11.041;N.A.;N.A.;10-Dec-2015
125521;SBI DEBT FUND SERIES - 366 DAYS - 46 - REGULAR PLAN - GROWTH;INF200K015Z0;;11.8897;N.A.;N.A.;10-Dec-2015
125657;SBI DEBT FUND SERIES - 366 DAYS - 47 - DIRECT PLAN - DIVIDEND;INF200KA1077;;11.0655;N.A.;N.A.;10-Dec-2015
125658;SBI DEBT FUND SERIES - 366 DAYS - 47 - DIRECT PLAN - GROWTH;INF200KA1085;;11.9328;N.A.;N.A.;10-Dec-2015
125659;SBI DEBT FUND SERIES - 366 DAYS - 47 - REGULAR PLAN - DIVIDEND;INF200KA1093;;11.0363;N.A.;N.A.;10-Dec-2015
125660;SBI DEBT FUND SERIES - 366 DAYS - 47 - REGULAR PLAN - GROWTH;INF200KA1101;;11.8796;N.A.;N.A.;10-Dec-2015
125793;SBI DEBT FUND SERIES - 366 DAYS - 48 - DIRECT PLAN - DIVIDEND;INF200KA1192;;11.0807;N.A.;N.A.;10-Dec-2015
125794;SBI DEBT FUND SERIES - 366 DAYS - 48 - DIRECT PLAN - GROWTH;INF200KA1200;;11.8997;N.A.;N.A.;10-Dec-2015
125795;SBI DEBT FUND SERIES - 366 DAYS - 48 - REGULAR PLAN - DIVIDEND;INF200KA1218;;11.0609;N.A.;N.A.;10-Dec-2015
125796;SBI DEBT FUND SERIES - 366 DAYS - 48 - REGULAR PLAN - GROWTH;INF200KA1226;;11.8642;N.A.;N.A.;10-Dec-2015
126093;SBI DEBT FUND SERIES - 366 DAYS - 49 - DIRECT PLAN - DIVIDEND;INF200KA1275;;11.0796;N.A.;N.A.;10-Dec-2015
126094;SBI DEBT FUND SERIES - 366 DAYS - 49 - DIRECT PLAN - GROWTH;INF200KA1283;;11.8838;N.A.;N.A.;10-Dec-2015
126096;SBI DEBT FUND SERIES - 366 DAYS - 49 - REGULAR PLAN - DIVIDEND;INF200KA1291;;11.0598;N.A.;N.A.;10-Dec-2015
126095;SBI DEBT FUND SERIES - 366 DAYS - 49 - REGULAR PLAN - GROWTH;INF200KA1309;;11.8489;N.A.;N.A.;10-Dec-2015
126750;SBI DEBT FUND SERIES - 366 DAYS - 51 DIRECT PLAN - DIVIDEND;INF200KA1358;;N.A.;N.A.;N.A.;10-Dec-2015
126748;SBI DEBT FUND SERIES - 366 DAYS - 51 DIRECT PLAN - GROWTH;INF200KA1366;;11.7683;N.A.;N.A.;10-Dec-2015
126747;SBI DEBT FUND SERIES - 366 DAYS - 51 REGULAR PLAN - DIVIDEND;INF200KA1374;;N.A.;N.A.;N.A.;10-Dec-2015
126749;SBI DEBT FUND SERIES - 366 DAYS - 51 REGULAR PLAN - GROWTH;INF200KA1382;;11.7353;N.A.;N.A.;10-Dec-2015
127343;SBI DEBT FUND SERIES - 366 DAYS - 52 - DIRECT PLAN - DIVIDEND;INF200KA1531;;11.7436;N.A.;N.A.;10-Dec-2015
127344;SBI DEBT FUND SERIES - 366 DAYS - 52 - DIRECT PLAN - GROWTH;INF200KA1549;;11.7435;N.A.;N.A.;10-Dec-2015
127341;SBI DEBT FUND SERIES - 366 DAYS - 52 - REGULAR PLAN - DIVIDEND;INF200KA1556;;N.A.;N.A.;N.A.;10-Dec-2015
127342;SBI DEBT FUND SERIES - 366 DAYS - 52 - REGULAR PLAN - GROWTH;INF200KA1564;;11.7224;N.A.;N.A.;10-Dec-2015
127810;SBI DEBT FUND SERIES - 366 DAYS - 53 - DIRECT PLAN - DIVIDEND;INF200KA1606;;11.7275;N.A.;N.A.;10-Dec-2015
127811;SBI DEBT FUND SERIES - 366 DAYS - 53 - DIRECT PLAN - GROWTH;INF200KA1614;;11.7278;N.A.;N.A.;10-Dec-2015
127812;SBI DEBT FUND SERIES - 366 DAYS - 53 - REGULAR PLAN - DIVIDEND;INF200KA1622;;N.A.;N.A.;N.A.;10-Dec-2015
127813;SBI DEBT FUND SERIES - 366 DAYS - 53 - REGULAR PLAN - GROWTH;INF200KA1630;;11.6964;N.A.;N.A.;10-Dec-2015
128165;SBI DEBT FUND SERIES - 366 DAYS - 54 - DIRECT PLAN - DIVIDEND;INF200KA1788;;11.6598;N.A.;N.A.;10-Dec-2015
128167;SBI DEBT FUND SERIES - 366 DAYS - 54 - REGULAR PLAN - DIVIDEND;INF200KA1804;;11.6083;N.A.;N.A.;10-Dec-2015
128168;SBI DEBT FUND SERIES - 366 DAYS - 54 - REGULAR PLAN - GROWTH;INF200KA1812;;11.6084;N.A.;N.A.;10-Dec-2015
128166;SBI DEBT FUND SERIES - 366 DAYS - 54- DIRECT PLAN - GROWTH;INF200KA1796;;11.6594;N.A.;N.A.;10-Dec-2015
118220;SBI DEBT FUND SERIES - 60 MONTHS - 2 - DIVIDEND;INF200K01QD6;;12.7818;N.A.;N.A.;10-Dec-2015
118221;SBI DEBT FUND SERIES - 60 MONTHS - 2 - GROWTH;INF200K01QC8;;12.7818;N.A.;N.A.;10-Dec-2015
120901;SBI DEBT FUND SERIES - 60 MONTHS - 3 - DIRECT PLAN - DIVIDEND;INF200K01QQ8;;12.8548;N.A.;N.A.;10-Dec-2015
120900;SBI DEBT FUND SERIES - 60 MONTHS - 3 - DIRECT PLAN - GROWTH;INF200K01QP0;;12.8548;N.A.;N.A.;10-Dec-2015
120899;SBI DEBT FUND SERIES - 60 MONTHS - 3 - REGULAR PLAN - DIVIDEND;INF200K01QF1;;12.6638;N.A.;N.A.;10-Dec-2015
120898;SBI DEBT FUND SERIES - 60 MONTHS - 3 - REGULAR PLAN - GROWTH;INF200K01QE4;;12.6639;N.A.;N.A.;10-Dec-2015
126581;SBI DEBT FUND SERIES A - 1 DIRECT - GROWTH;INF200KA1AY0;;11.7796;N.A.;N.A.;10-Dec-2015
126582;SBI DEBT FUND SERIES A - 1 DIRECT PLAN - DIVIDEND;INF200KA1AZ7;;11.7796;N.A.;N.A.;10-Dec-2015
126580;SBI DEBT FUND SERIES A - 1 REGULAR PLAN - GROWTH;INF200KA1AW4;;11.6849;N.A.;N.A.;10-Dec-2015
126583;SBI DEBT FUND SERIES A - 1 REGULAR PLAN DIVIDEND;INF200KA1AX2;;11.6861;N.A.;N.A.;10-Dec-2015
128325;SBI DEBT FUND SERIES A - 10 DIRECT - GROWTH;INF200KA1BC4;;11.6296;N.A.;N.A.;10-Dec-2015
128326;SBI DEBT FUND SERIES A - 10 DIRECT PLAN - DIVIDEND;INF200KA1BD2;;11.6296;N.A.;N.A.;10-Dec-2015
128327;SBI DEBT FUND SERIES A - 10 REGULAR PLAN - DIVIDEND;INF200KA1BB6;;11.5362;N.A.;N.A.;10-Dec-2015
128328;SBI DEBT FUND SERIES A - 10 REGULAR PLAN - GROWTH;INF200KA1BA8;;11.5365;N.A.;N.A.;10-Dec-2015
128389;SBI DEBT FUND SERIES A - 11 DIRECT PLAN - DIVIDEND;INF200KA1AF9;;N.A.;N.A.;N.A.;10-Dec-2015
128388;SBI DEBT FUND SERIES A - 11 DIRECT PLAN - GROWTH;INF200KA1AE2;;11.6141;N.A.;N.A.;10-Dec-2015
128391;SBI DEBT FUND SERIES A - 11 REGULAR PLAN - DIVIDEND;INF200KA1AD4;;N.A.;N.A.;N.A.;10-Dec-2015
128390;SBI DEBT FUND SERIES A - 11 REGULAR PLAN - GROWTH;INF200KA1AC6;;11.5128;N.A.;N.A.;10-Dec-2015
128672;SBI DEBT FUND SERIES A - 13 DIRECT PLAN - DIVIDEND;INF200KA1978;;N.A.;N.A.;N.A.;10-Dec-2015
128674;SBI DEBT FUND SERIES A - 13 DIRECT PLAN - GROWTH;INF200KA1960;;11.5927;N.A.;N.A.;10-Dec-2015
128673;SBI DEBT FUND SERIES A - 13 REGULAR PLAN - DIVIDEND;INF200KA1952;;11.536;N.A.;N.A.;10-Dec-2015
128671;SBI DEBT FUND SERIES A - 13 REGULAR PLAN - GROWTH;INF200KA1945;;11.5327;N.A.;N.A.;10-Dec-2015
128696;SBI DEBT FUND SERIES A - 14 DIRECT PLAN - DIVIDEND;INF200KA1AJ1;;N.A.;N.A.;N.A.;10-Dec-2015
128693;SBI DEBT FUND SERIES A - 14 DIRECT PLAN - GROWTH;INF200KA1AI3;;11.5626;N.A.;N.A.;10-Dec-2015
128694;SBI DEBT FUND SERIES A - 14 REGULAR PLAN - DIVIDEND;INF200KA1AH5;;11.4639;N.A.;N.A.;10-Dec-2015
128695;SBI DEBT FUND SERIES A - 14 REGULAR PLAN - GROWTH;INF200KA1AG7;;11.4639;N.A.;N.A.;10-Dec-2015
128701;SBI DEBT FUND SERIES A - 15 DIRECT PLAN - DIVIDEND;INF200K015D7;;11.6817;N.A.;N.A.;10-Dec-2015
128702;SBI DEBT FUND SERIES A - 15 DIRECT PLAN - GROWTH;INF200K014D0;;11.6817;N.A.;N.A.;10-Dec-2015
128703;SBI DEBT FUND SERIES A - 15 REGULAR PLAN - DIVIDEND;INF200K013D2;;11.5781;N.A.;N.A.;10-Dec-2015
128704;SBI DEBT FUND SERIES A - 15 REGULAR PLAN - GROWTH;INF200K012D4;;11.5781;N.A.;N.A.;10-Dec-2015
128930;SBI DEBT FUND SERIES A - 16 DIRECT PLAN - DIVIDEND;INF200KA1AB8;;N.A.;N.A.;N.A.;10-Dec-2015
128931;SBI DEBT FUND SERIES A - 16 DIRECT PLAN - GROWTH;INF200KA1AA0;;11.5058;N.A.;N.A.;10-Dec-2015
128932;SBI DEBT FUND SERIES A - 16 REGULAR PLAN - DIVIDEND;INF200KA1994;;N.A.;N.A.;N.A.;10-Dec-2015
128933;SBI DEBT FUND SERIES A - 16 REGULAR PLAN - GROWTH;INF200KA1986;;11.4957;N.A.;N.A.;10-Dec-2015
129120;SBI DEBT FUND SERIES A - 17 DIRECT PLAN - DIVIDEND;INF200KA1AV6;;11.4866;N.A.;N.A.;10-Dec-2015
129117;SBI DEBT FUND SERIES A - 17 DIRECT PLAN - GROWTH;INF200KA1AU8;;11.4866;N.A.;N.A.;10-Dec-2015
129119;SBI DEBT FUND SERIES A - 17 REGULAR PLAN - DIVIDEND;INF200KA1AT0;;11.4676;N.A.;N.A.;10-Dec-2015
129118;SBI DEBT FUND SERIES A - 17 REGULAR PLAN - GROWTH;INF200KA1AS2;;11.4676;N.A.;N.A.;10-Dec-2015
129297;SBI DEBT FUND SERIES A - 18 DIRECT PLAN - DIVIDEND;INF200KA1BH3;;11.4837;N.A.;N.A.;10-Dec-2015
129299;SBI DEBT FUND SERIES A - 18 DIRECT PLAN - GROWTH;INF200KA1BG5;;11.4837;N.A.;N.A.;10-Dec-2015
129300;SBI DEBT FUND SERIES A - 18 REGULAR PLAN - DIVIDEND;INF200KA1BF7;;11.4648;N.A.;N.A.;10-Dec-2015
129298;SBI DEBT FUND SERIES A - 18 REGULAR PLAN - GROWTH;INF200KA1BE0;;11.4647;N.A.;N.A.;10-Dec-2015
129366;SBI DEBT FUND SERIES A - 19 DIRECT PLAN - DIVIDEND;INF200KA1BP6;;N.A.;N.A.;N.A.;10-Dec-2015
129363;SBI DEBT FUND SERIES A - 19 DIRECT PLAN - GROWTH;INF200KA1BO9;;11.4999;N.A.;N.A.;10-Dec-2015
129364;SBI DEBT FUND SERIES A - 19 REGULAR PLAN - DIVIDEND;INF200KA1BN1;;11.4813;N.A.;N.A.;10-Dec-2015
129365;SBI DEBT FUND SERIES A - 19 REGULAR PLAN - GROWTH;INF200KA1BM3;;11.4812;N.A.;N.A.;10-Dec-2015
126912;SBI DEBT FUND SERIES A - 2 DIRECT - GROWTH;INF200KA1CI9;;11.7662;N.A.;N.A.;10-Dec-2015
126913;SBI DEBT FUND SERIES A - 2 DIRECT PLAN - DIVIDEND;INF200KA1CJ7;;N.A.;N.A.;N.A.;10-Dec-2015
126915;SBI DEBT FUND SERIES A - 2 REGULAR PLAN - DIVIDEND;INF200KA1CH1;;11.6838;N.A.;N.A.;10-Dec-2015
126914;SBI DEBT FUND SERIES A - 2 REGULAR PLAN - GROWTH;INF200KA1CG3;;11.6839;N.A.;N.A.;10-Dec-2015
129391;SBI DEBT FUND SERIES A - 20 DIRECT PLAN - DIVIDEND;INF200KA1BT8;;11.4939;N.A.;N.A.;10-Dec-2015
129392;SBI DEBT FUND SERIES A - 20 DIRECT PLAN - GROWTH;INF200KA1BS0;;11.4939;N.A.;N.A.;10-Dec-2015
129393;SBI DEBT FUND SERIES A - 20 REGULAR PLAN - DIVIDEND;INF200KA1BR2;;11.4757;N.A.;N.A.;10-Dec-2015
129394;SBI DEBT FUND SERIES A - 20 REGULAR PLAN - GROWTH;INF200KA1BQ4;;11.4752;N.A.;N.A.;10-Dec-2015
129442;SBI DEBT FUND SERIES A - 21 DIRECT PLAN - DIVIDEND;INF200KA1BX0;;N.A.;N.A.;N.A.;10-Dec-2015
129443;SBI DEBT FUND SERIES A - 21 DIRECT PLAN - GROWTH;INF200KA1BW2;;11.4727;N.A.;N.A.;10-Dec-2015
129445;SBI DEBT FUND SERIES A - 21 REGULAR PLAN - DIVIDEND;INF200KA1BV4;;11.454;N.A.;N.A.;10-Dec-2015
129444;SBI DEBT FUND SERIES A - 21 REGULAR PLAN - GROWTH;INF200KA1BU6;;11.4541;N.A.;N.A.;10-Dec-2015
129658;SBI DEBT FUND SERIES A - 22 DIRECT PLAN - DIVIDEND;INF200KA1CV2;;11.4719;N.A.;N.A.;10-Dec-2015
129661;SBI DEBT FUND SERIES A - 22 DIRECT PLAN - GROWTH;INF200KA1CU4;;11.4719;N.A.;N.A.;10-Dec-2015
129659;SBI DEBT FUND SERIES A - 22 REGULAR PLAN - DIVIDEND;INF200KA1CT6;;11.4445;N.A.;N.A.;10-Dec-2015
129660;SBI DEBT FUND SERIES A - 22 REGULAR PLAN - GROWTH;INF200KA1CS8;;11.4446;N.A.;N.A.;10-Dec-2015
129662;SBI DEBT FUND SERIES A - 23 DIRECT PLAN - DIVIDEND;INF200K011H7;;11.6232;N.A.;N.A.;10-Dec-2015
129663;SBI DEBT FUND SERIES A - 23 DIRECT PLAN - GROWTH;INF200K010H9;;11.6232;N.A.;N.A.;10-Dec-2015
129664;SBI DEBT FUND SERIES A - 23 REGULAR PLAN - DIVIDEND;INF200K019G2;;11.5594;N.A.;N.A.;10-Dec-2015
129665;SBI DEBT FUND SERIES A - 23 REGULAR PLAN - GROWTH;INF200K018G4;;11.5594;N.A.;N.A.;10-Dec-2015
129707;SBI DEBT FUND SERIES A - 24 DIRECT PLAN - DIVIDEND;INF200KA1DR8;;11.4721;N.A.;N.A.;10-Dec-2015
129708;SBI DEBT FUND SERIES A - 24 DIRECT PLAN - GROWTH;INF200KA1DQ0;;11.4719;N.A.;N.A.;10-Dec-2015
129709;SBI DEBT FUND SERIES A - 24 REGULAR PLAN - DIVIDEND;INF200KA1DP2;;11.445;N.A.;N.A.;10-Dec-2015
129710;SBI DEBT FUND SERIES A - 24 REGULAR PLAN - GROWTH;INF200KA1DO5;;11.4448;N.A.;N.A.;10-Dec-2015
129845;SBI DEBT FUND SERIES A - 25 DIRECT PLAN - DIVIDEND;INF200KA1DV0;;N.A.;N.A.;N.A.;10-Dec-2015
129848;SBI DEBT FUND SERIES A - 25 DIRECT PLAN - GROWTH;INF200KA1DU2;;11.4323;N.A.;N.A.;10-Dec-2015
129846;SBI DEBT FUND SERIES A - 25 REGULAR PLAN - DIVIDEND;INF200KA1DT4;;11.4113;N.A.;N.A.;10-Dec-2015
129847;SBI DEBT FUND SERIES A - 25 REGULAR PLAN - GROWTH;INF200KA1DS6;;11.4109;N.A.;N.A.;10-Dec-2015
129872;SBI DEBT FUND SERIES A - 26 (682 DAYS) DIRECT PLAN - DIVIDEND;INF200K013I1;;N.A.;N.A.;N.A.;10-Dec-2015
129869;SBI DEBT FUND SERIES A - 26 (682 DAYS) DIRECT PLAN - GROWTH;INF200K012I3;;11.4556;N.A.;N.A.;10-Dec-2015
129870;SBI DEBT FUND SERIES A - 26 (682 DAYS) REGULAR PLAN - DIVIDEND;INF200K011I5;;11.4062;N.A.;N.A.;10-Dec-2015
129871;SBI DEBT FUND SERIES A - 26 (682 DAYS) REGULAR PLAN - GROWTH;INF200K010I7;;11.4062;N.A.;N.A.;10-Dec-2015
129971;SBI DEBT FUND SERIES A - 27 (366 DAYS) DIRECT PLAN - DIVIDEND;INF200KA1EE4;;11.3876;N.A.;N.A.;10-Dec-2015
129972;SBI DEBT FUND SERIES A - 27 (366 DAYS) DIRECT PLAN - GROWTH;INF200KA1EF1;;11.3876;N.A.;N.A.;10-Dec-2015
129973;SBI DEBT FUND SERIES A - 27 (366 DAYS) REGULAR PLAN - DIVIDEND;INF200KA1EG9;;11.3681;N.A.;N.A.;10-Dec-2015
129974;SBI DEBT FUND SERIES A - 27 (366 DAYS) REGULAR PLAN - GROWTH;INF200KA1EH7;;11.3683;N.A.;N.A.;10-Dec-2015
130027;SBI DEBT FUND SERIES A - 28 (367 DAYS) - DIRECT PLAN - DIVIDEND;INF200KA1EP0;;N.A.;N.A.;N.A.;10-Dec-2015
130026;SBI DEBT FUND SERIES A - 28 (367 DAYS) - DIRECT PLAN - GROWTH;INF200KA1EO3;;11.3738;N.A.;N.A.;10-Dec-2015
130028;SBI DEBT FUND SERIES A - 28 (367 DAYS) - REGULAR PLAN - DIVIDEND;INF200KA1EN5;;11.3549;N.A.;N.A.;10-Dec-2015
130025;SBI DEBT FUND SERIES A - 28 (367 DAYS) - REGULAR PLAN - GROWTH;INF200KA1EM7;;11.3549;N.A.;N.A.;10-Dec-2015
127111;SBI DEBT FUND SERIES A - 3 DIRECT - GROWTH;INF200KA1AQ6;;11.7238;N.A.;N.A.;10-Dec-2015
127112;SBI DEBT FUND SERIES A - 3 DIRECT PLAN - DIVIDEND;INF200KA1AR4;;N.A.;N.A.;N.A.;10-Dec-2015
127113;SBI DEBT FUND SERIES A - 3 REGULAR PLAN - DIVIDEND;INF200KA1AP8;;11.666;N.A.;N.A.;10-Dec-2015
127114;SBI DEBT FUND SERIES A - 3 REGULAR PLAN - GROWTH;INF200KA1AO1;;11.6661;N.A.;N.A.;10-Dec-2015
130236;SBI DEBT FUND SERIES A - 31 (367 DAYS) DIRECT PLAN - DIVIDEND;INF200KA1EX4;;N.A.;N.A.;N.A.;10-Dec-2015
130238;SBI DEBT FUND SERIES A - 31 (367 DAYS) DIRECT PLAN - GROWTH;INF200KA1EW6;;11.3399;N.A.;N.A.;10-Dec-2015
130235;SBI DEBT FUND SERIES A - 31 (367 DAYS) REGULAR PLAN - DIVIDEND;INF200KA1EV8;;N.A.;N.A.;N.A.;10-Dec-2015
130237;SBI DEBT FUND SERIES A - 31 (367 DAYS) REGULAR PLAN - GROWTH;INF200KA1EU0;;11.3231;N.A.;N.A.;10-Dec-2015
130282;SBI DEBT FUND SERIES A - 32 (367 DAYS) DIRECT PLAN - DIVIDEND;INF200KA1FB7;;11.3207;N.A.;N.A.;10-Dec-2015
130283;SBI DEBT FUND SERIES A - 32 (367 DAYS) DIRECT PLAN - GROWTH;INF200KA1FA9;;11.3207;N.A.;N.A.;10-Dec-2015
130284;SBI DEBT FUND SERIES A - 32 (367 DAYS) REGULAR PLAN - DIVIDEND;INF200KA1EZ9;;11.304;N.A.;N.A.;10-Dec-2015
130281;SBI DEBT FUND SERIES A - 32 (367 DAYS) REGULAR PLAN - GROWTH;INF200KA1EY2;;11.3041;N.A.;N.A.;10-Dec-2015
130285;SBI DEBT FUND SERIES A - 33 (36 Months) DIRECT PLAN - DIVIDEND;INF200K015L0;;11.4551;N.A.;N.A.;10-Dec-2015
130286;SBI DEBT FUND SERIES A - 33 (36 Months) DIRECT PLAN - GROWTH;INF200K014L3;;11.4551;N.A.;N.A.;10-Dec-2015
130287;SBI DEBT FUND SERIES A - 33 (36 Months) REGULAR PLAN - DIVIDEND;INF200K013L5;;11.3968;N.A.;N.A.;10-Dec-2015
130288;SBI DEBT FUND SERIES A - 33 (36 Months) REGULAR PLAN - GROWTH;INF200K012L7;;11.3968;N.A.;N.A.;10-Dec-2015
130321;SBI DEBT FUND SERIES A - 34 (367 Days)  REGULAR PLAN - DIVIDEND;INF200KA1FD3;;N.A.;N.A.;N.A.;10-Dec-2015
130324;SBI DEBT FUND SERIES A - 34 (367 DAYS) DIRECT PLAN - DIVIDEND;INF200KA1FF8;;11.3134;N.A.;N.A.;10-Dec-2015
130322;SBI DEBT FUND SERIES A - 34 (367 DAYS) DIRECT PLAN - GROWTH;INF200KA1FE1;;11.3134;N.A.;N.A.;10-Dec-2015
130323;SBI DEBT FUND SERIES A - 34 (367 DAYS) REGULAR PLAN - GROWTH;INF200KA1FC5;;11.2969;N.A.;N.A.;10-Dec-2015
130444;SBI DEBT FUND SERIES A - 35 (369 DAYS) DIRECT PLAN - DIVIDEND;INF200KA1FN2;;N.A.;N.A.;N.A.;10-Dec-2015
130445;SBI DEBT FUND SERIES A - 35 (369 DAYS) DIRECT PLAN - GROWTH;INF200KA1FM4;;11.2781;N.A.;N.A.;10-Dec-2015
130443;SBI DEBT FUND SERIES A - 35 (369 Days) REGULAR PLAN - DIVIDEND;INF200KA1FL6;;11.2654;N.A.;N.A.;10-Dec-2015
130442;SBI DEBT FUND SERIES A - 35 (369 DAYS) REGULAR PLAN - GROWTH;INF200KA1FK8;;11.2618;N.A.;N.A.;10-Dec-2015
130599;SBI DEBT FUND SERIES A - 36 (36 Months) DIRECT PLAN - DIVIDEND;INF200K017M4;;11.4612;N.A.;N.A.;10-Dec-2015
130601;SBI DEBT FUND SERIES A - 36 (36 Months) DIRECT PLAN - GROWTH;INF200K016M6;;11.4612;N.A.;N.A.;10-Dec-2015
130600;SBI DEBT FUND SERIES A - 36 (36 Months) REGULAR PLAN - DIVIDEND;INF200K015M8;;11.4044;N.A.;N.A.;10-Dec-2015
130602;SBI DEBT FUND SERIES A - 36 (36 Months) REGULAR PLAN - GROWTH;INF200K014M1;;11.4044;N.A.;N.A.;10-Dec-2015
130830;SBI DEBT FUND SERIES A - 38 (1100 DAYS) DIRECT PLAN - DIVIDEND;INF200K019N8;;11.4007;N.A.;N.A.;10-Dec-2015
130831;SBI DEBT FUND SERIES A - 38 (1100 DAYS) DIRECT PLAN - GROWTH;INF200K018N0;;11.4007;N.A.;N.A.;10-Dec-2015
130832;SBI DEBT FUND SERIES A - 38 (1100 Days) REGULAR PLAN - DIVIDEND;INF200K017N2;;11.3465;N.A.;N.A.;10-Dec-2015
130833;SBI DEBT FUND SERIES A - 38 (1100 DAYS) REGULAR PLAN - GROWTH;INF200K016N4;;11.3465;N.A.;N.A.;10-Dec-2015
130984;SBI DEBT FUND SERIES A - 39 (1100 DAYS) - DIRECT PLAN - DIVIDEND;INF200K011P0;;11.3504;N.A.;N.A.;10-Dec-2015
130982;SBI DEBT FUND SERIES A - 39 (1100 DAYS) - REGULAR PLAN - DIVIDEND;INF200K019O6;;11.2979;N.A.;N.A.;10-Dec-2015
130981;SBI DEBT FUND SERIES A - 39 (1100 DAYS) - REGULAR PLAN - GROWTH;INF200K018O8;;11.2977;N.A.;N.A.;10-Dec-2015
130983;SBI DEBT FUNDS SERIES A - 39 (1100 DAYS) - DIRECT PLAN - GROWTH;INF200K010P2;;11.3503;N.A.;N.A.;10-Dec-2015
127337;SBI DEBT FUND SERIES A - 4 DIRECT - GROWTH;INF200K01Z04;;11.8455;N.A.;N.A.;10-Dec-2015
127340;SBI DEBT FUND SERIES A - 4 DIRECT PLAN - DIVIDEND;INF200K01Z12;;11.8455;N.A.;N.A.;10-Dec-2015
127338;SBI DEBT FUND SERIES A - 4 REGULAR PLAN - DIVIDEND;INF200K01Y96;;11.7647;N.A.;N.A.;10-Dec-2015
127339;SBI DEBT FUND SERIES A - 4 REGULAR PLAN - GROWTH;INF200K01Y88;;11.7647;N.A.;N.A.;10-Dec-2015
131129;SBI DEBT FUND SERIES A - 40 (1100 DAYS) - DIRECT PLAN - DIVIDEND;INF200K017Q5;;N.A.;N.A.;N.A.;10-Dec-2015
131128;SBI DEBT FUND SERIES A - 40 (1100 DAYS) - DIRECT PLAN - GROWTH;INF200K016Q7;;11.2921;N.A.;N.A.;10-Dec-2015
131127;SBI DEBT FUND SERIES A - 40 (1100 DAYS) - REGULAR PLAN - DIVIDEND;INF200K015Q9;;11.2432;N.A.;N.A.;10-Dec-2015
131130;SBI DEBT FUND SERIES A - 40 (1100 DAYS) - REGULAR PLAN - GROWTH;INF200K014Q2;;11.2413;N.A.;N.A.;10-Dec-2015
131275;SBI DEBT FUND SERIES A - 42 (1111 DAYS) - DIRECT PLAN - DIVIDEND;INF200K019R9;;N.A.;N.A.;N.A.;10-Dec-2015
131276;SBI DEBT FUND SERIES A - 42 (1111 DAYS) - DIRECT PLAN - GROWTH;INF200K018R1;;11.2944;N.A.;N.A.;10-Dec-2015
131274;SBI DEBT FUND SERIES A - 42 (1111 DAYS) - REGULAR PLAN - DIVIDEND;INF200K017R3;;11.2451;N.A.;N.A.;10-Dec-2015
131273;SBI DEBT FUND SERIES A - 42 (1111 DAYS) - REGULAR PLAN - GROWTH;INF200K016R5;;11.2451;N.A.;N.A.;10-Dec-2015
131403;SBI DEBT FUND SERIES A - 43 (1111 DAYS) - DIRECT PLAN - DIVIDEND;INF200K011T2;;11.2208;N.A.;N.A.;10-Dec-2015
131401;SBI DEBT FUND SERIES A - 43 (1111 DAYS) - DIRECT PLAN - GROWTH;INF200K010T4;;11.2208;N.A.;N.A.;10-Dec-2015
131400;SBI DEBT FUND SERIES A - 43 (1111 DAYS) - REGULAR PLAN - DIVIDEND;INF200K019S7;;11.1736;N.A.;N.A.;10-Dec-2015
131402;SBI DEBT FUND SERIES A - 43 (1111 DAYS) - REGULAR PLAN - GROWTH;INF200K018S9;;11.1736;N.A.;N.A.;10-Dec-2015
131468;SBI DEBT FUND SERIES A - 44 (1111 DAYS) - DIRECT PLAN - DIVIDEND;INF200K014U4;;11.1414;N.A.;N.A.;10-Dec-2015
131469;SBI DEBT FUND SERIES A - 44 (1111 DAYS) - DIRECT PLAN - GROWTH;INF200K013U6;;11.1421;N.A.;N.A.;10-Dec-2015
131467;SBI DEBT FUND SERIES A - 44 (1111 DAYS) - REGULAR PLAN - DIVIDEND;INF200K012U8;;11.0964;N.A.;N.A.;10-Dec-2015
131466;SBI DEBT FUND SERIES A - 44 (1111 DAYS) - REGULAR PLAN - GROWTH;INF200K011U0;;11.0964;N.A.;N.A.;10-Dec-2015
127516;SBI DEBT FUND SERIES A - 5 DIRECT - GROWTH;INF200KA1AM5;;11.7118;N.A.;N.A.;10-Dec-2015
127517;SBI DEBT FUND SERIES A - 5 DIRECT PLAN - DIVIDEND;INF200KA1AN3;;N.A.;N.A.;N.A.;10-Dec-2015
127514;SBI DEBT FUND SERIES A - 5 REGULAR PLAN - DIVIDEND;INF200KA1AL7;;11.6634;N.A.;N.A.;10-Dec-2015
127515;SBI DEBT FUND SERIES A - 5 REGULAR PLAN - GROWTH;INF200KA1AK9;;11.6634;N.A.;N.A.;10-Dec-2015
128158;SBI DEBT FUND SERIES A - 6 DIRECT - GROWTH;INF200K01Z87;;11.8285;N.A.;N.A.;10-Dec-2015
128159;SBI DEBT FUND SERIES A - 6 DIRECT PLAN - DIVIDEND;INF200K01Z95;;N.A.;N.A.;N.A.;10-Dec-2015
128160;SBI DEBT FUND SERIES A - 6 REGULAR PLAN - DIVIDEND;INF200K01Z79;;11.7246;N.A.;N.A.;10-Dec-2015
128157;SBI DEBT FUND SERIES A - 6 REGULAR PLAN - GROWTH;INF200K01Z61;;11.7246;N.A.;N.A.;10-Dec-2015
128161;SBI DEBT FUND SERIES A - 7 DIRECT - GROWTH;INF200K012A0;;11.863;N.A.;N.A.;10-Dec-2015
128162;SBI DEBT FUND SERIES A - 7 DIRECT PLAN - DIVIDEND;INF200K013A8;;11.863;N.A.;N.A.;10-Dec-2015
128163;SBI DEBT FUND SERIES A - 7 REGULAR PLAN - DIVIDEND;INF200K011A2;;11.7721;N.A.;N.A.;10-Dec-2015
128164;SBI DEBT FUND SERIES A - 7 REGULAR PLAN - GROWTH;INF200K010A4;;11.7721;N.A.;N.A.;10-Dec-2015
128321;SBI DEBT FUND SERIES A - 9 DIRECT - GROWTH;INF200KA1713;;11.6472;N.A.;N.A.;10-Dec-2015
128322;SBI DEBT FUND SERIES A - 9 DIRECT PLAN - DIVIDEND;INF200KA1721;;N.A.;N.A.;N.A.;10-Dec-2015
128324;SBI DEBT FUND SERIES A - 9 REGULAR PLAN - DIVIDEND;INF200KA1739;;N.A.;N.A.;N.A.;10-Dec-2015
128323;SBI DEBT FUND SERIES A - 9 REGULAR PLAN - GROWTH;INF200KA1705;;11.5945;N.A.;N.A.;10-Dec-2015
131594;SBI DEBT FUND SERIES B - 1 (1111 DAYS) - DIRECT PLAN - DIVIDEND;INF200K018U5;;11.123;N.A.;N.A.;10-Dec-2015
131596;SBI DEBT FUND SERIES B - 1 (1111 DAYS) - DIRECT PLAN - GROWTH;INF200K017U7;;11.123;N.A.;N.A.;10-Dec-2015
131597;SBI DEBT FUND SERIES B - 1 (1111 DAYS) - REGULAR PLAN - DIVIDEND;INF200K016U9;;11.0797;N.A.;N.A.;10-Dec-2015
131595;SBI DEBT FUND SERIES B - 1 (1111 DAYS) - REGULAR PLAN - GROWTH;INF200K015U1;;11.0797;N.A.;N.A.;10-Dec-2015
134626;SBI Debt Fund Series B - 16 (1100 Days) - Direct Plan - Dividend;INF200KA1CN9;;10.5009;N.A.;N.A.;10-Dec-2015
134623;SBI Debt Fund Series B - 16 (1100 Days) - Regular Plan - Growth;INF200KA1CK5;;10.4802;N.A.;N.A.;10-Dec-2015
134624;SBI Debt Fund Series B -16 (1100 Days) - Direct Plan - Growth;INF200KA1CM1;;10.5009;N.A.;N.A.;10-Dec-2015
134625;SBI Debt Fund Series B -16 (1100 Days) - Regular Plan - Dividend;INF200KA1CL3;;10.4802;N.A.;N.A.;10-Dec-2015
134671;SBI DEBT FUND SERIES B - 17 (1100 DAYS) - DIRECT PLAN - DIVIDEND;INF200KA1CZ3;;10.4822;N.A.;N.A.;10-Dec-2015
134670;SBI DEBT FUND SERIES B - 17 (1100 DAYS) - DIRECT PLAN - GROWTH;INF200KA1CY6;;10.4812;N.A.;N.A.;10-Dec-2015
134669;SBI DEBT FUND SERIES B - 17 (1100 DAYS) - REGULAR PLAN - DIVIDEND;INF200KA1CX8;;10.4611;N.A.;N.A.;10-Dec-2015
134672;SBI DEBT FUND SERIES B - 17 (1100 DAYS) - REGULAR PLAN - GROWTH;INF200KA1CW0;;10.4611;N.A.;N.A.;10-Dec-2015
134688;SBI DEBT FUND SERIES B - 18 (1100 DAYS) - DIRECT PLAN - DIVIDEND;INF200KA1ED6;;10.4601;N.A.;N.A.;10-Dec-2015
134689;SBI DEBT FUND SERIES B - 18 (1100 DAYS) - DIRECT PLAN - GROWTH;INF200KA1EC8;;10.4591;N.A.;N.A.;10-Dec-2015
134687;SBI DEBT FUND SERIES B - 18 (1100 DAYS) - REGULAR PLAN - DIVIDEND;INF200KA1EB0;;10.4398;N.A.;N.A.;10-Dec-2015
134690;SBI DEBT FUND SERIES B - 18 (1100 DAYS) - REGULAR PLAN - GROWTH;INF200KA1EA2;;10.4398;N.A.;N.A.;10-Dec-2015
134771;SBI DEBT FUND SERIES B - 19 (1100 Days) - DIRECT PLAN - DIVIDEND;INF200KA1EI5;;10.4407;N.A.;N.A.;10-Dec-2015
134770;SBI DEBT FUND SERIES B - 19 (1100 Days) - DIRECT PLAN - GROWTH;INF200KA1EJ3;;10.4407;N.A.;N.A.;10-Dec-2015
134769;SBI DEBT FUND SERIES B - 19 (1100 Days) - REGULAR PLAN - DIVIDEND;INF200KA1EK1;;10.4228;N.A.;N.A.;10-Dec-2015
134768;SBI DEBT FUND SERIES B - 19 (1100 Days) - REGULAR PLAN - GROWTH;INF200KA1EL9;;10.4228;N.A.;N.A.;10-Dec-2015
132858;SBI DEBT FUND SERIES B - 2 (1111 DAYS) - DIRECT PLAN - DIVIDEND;INF200K010W8;;11.0554;N.A.;N.A.;10-Dec-2015
132856;SBI DEBT FUND SERIES B - 2 (1111 DAYS) - DIRECT PLAN - GROWTH;INF200K013W2;;11.0554;N.A.;N.A.;10-Dec-2015
132855;SBI DEBT FUND SERIES B - 2 (1111 DAYS) - REGULAR PLAN - DIVIDEND;INF200K012W4;;11.0136;N.A.;N.A.;10-Dec-2015
132857;SBI DEBT FUND SERIES B - 2 (1111 DAYS) - REGULAR PLAN - GROWTH;INF200K011W6;;11.0136;N.A.;N.A.;10-Dec-2015
134810;SBI DEBT FUND SERIES B - 20 (1100 DAYS) - DIRECT PLAN - DIVIDEND;INF200KA1ET2;;10.4313;N.A.;N.A.;10-Dec-2015
134809;SBI DEBT FUND SERIES B - 20 (1100 DAYS) - DIRECT PLAN - GROWTH;INF200KA1ES4;;10.4313;N.A.;N.A.;10-Dec-2015
134811;SBI DEBT FUND SERIES B - 20 (1100 DAYS) - REGULAR PLAN - DIVIDEND;INF200KA1ER6;;10.4141;N.A.;N.A.;10-Dec-2015
134808;SBI DEBT FUND SERIES B - 20 (1100 DAYS) - REGULAR PLAN - GROWTH;INF200KA1EQ8;;10.4141;N.A.;N.A.;10-Dec-2015
135065;SBI DEBT FUND SERIES B - 22 (1100 DAYS) - DIRECT PLAN - DIVIDEND;INF200KA1FR3;;10.3369;N.A.;N.A.;10-Dec-2015
135063;SBI DEBT FUND SERIES B - 22 (1100 DAYS) - DIRECT PLAN - GROWTH;INF200KA1FQ5;;10.3369;N.A.;N.A.;10-Dec-2015
135062;SBI DEBT FUND SERIES B - 22 (1100 DAYS) - REGULAR PLAN - DIVIDEND;INF200KA1FP7;;10.3227;N.A.;N.A.;10-Dec-2015
135064;SBI DEBT FUND SERIES B - 22 (1100 DAYS) - REGULAR PLAN - GROWTH;INF200KA1FO0;;10.3227;N.A.;N.A.;10-Dec-2015
135104;SBI DEBT FUND SERIES B - 23 (1100 DAYS) - DIRECT PLAN - GROWTH;INF200KA1FV5;;10.3059;N.A.;N.A.;10-Dec-2015
135103;SBI DEBT FUND SERIES B - 23 (1100 DAYS) - DIRECT PLAN -DIVIDEND;INF200KA1FW3;;10.3071;N.A.;N.A.;10-Dec-2015
135102;SBI DEBT FUND SERIES B - 23 (1100 DAYS) - REGULAR PLAN - DIVIDEND;INF200KA1FU7;;10.2928;N.A.;N.A.;10-Dec-2015
135105;SBI DEBT FUND SERIES B - 23 (1100 DAYS) - REGULAR PLAN - GROWTH;INF200KA1FT9;;10.2928;N.A.;N.A.;10-Dec-2015
135326;SBI DEBT FUND SERIES B - 25 (1100 DAYS) - DIRECT PLAN - DIVIDEND;INF200KA1GI0;;10.2487;N.A.;N.A.;10-Dec-2015
135324;SBI DEBT FUND SERIES B - 25 (1100 DAYS) - DIRECT PLAN - GROWTH;INF200KA1GH2;;10.2487;N.A.;N.A.;10-Dec-2015
135327;SBI DEBT FUND SERIES B - 25 (1100 DAYS) - REGULAR PLAN - DIVIDEND;INF200KA1GG4;;10.2387;N.A.;N.A.;10-Dec-2015
135325;SBI DEBT FUND SERIES B - 25 (1100 DAYS) - REGULAR PLAN - GROWTH;INF200KA1GF6;;10.2387;N.A.;N.A.;10-Dec-2015
135565;SBI DEBT FUND SERIES B - 26 (1100 DAYS) - DIRECT PLAN - DIVIDEND;INF200KA1GU5;;10.0559;N.A.;N.A.;10-Dec-2015
135564;SBI DEBT FUND SERIES B - 26 (1100 DAYS) - DIRECT PLAN - GROWTH;INF200KA1GT7;;10.0559;N.A.;N.A.;10-Dec-2015
135563;SBI DEBT FUND SERIES B - 26 (1100 DAYS) - REGULAR PLAN - DIVIDEND;INF200KA1GS9;;10.0511;N.A.;N.A.;10-Dec-2015
135566;SBI DEBT FUND SERIES B - 26 (1100 DAYS) - REGULAR PLAN - GROWTH;INF200KA1GR1;;10.0511;N.A.;N.A.;10-Dec-2015
135708;SBI DEBT FUND SERIES B - 27 (1100 DAYS) - DIRECT PLAN - DIVIDEND;INF200KA1GY7;;10.0138;N.A.;N.A.;10-Dec-2015
135710;SBI DEBT FUND SERIES B - 27 (1100 DAYS) - DIRECT PLAN - GROWTH;INF200KA1GX9;;10.0138;N.A.;N.A.;10-Dec-2015
135707;SBI DEBT FUND SERIES B - 27 (1100 DAYS) - REGULAR PLAN - DIVIDEND;INF200KA1GW1;;10.0116;N.A.;N.A.;10-Dec-2015
135709;SBI DEBT FUND SERIES B - 27 (1100 DAYS) - REGULAR PLAN - GROWTH;INF200KA1GV3;;10.0116;N.A.;N.A.;10-Dec-2015
135788;SBI DEBT FUND SERIES B - 28 (1100 DAYS) - DIRECT PLAN - DIVIDEND;INF200KA1HG2;;10.0041;N.A.;N.A.;10-Dec-2015
135786;SBI DEBT FUND SERIES B - 28 (1100 DAYS) - DIRECT PLAN - GROWTH;INF200KA1HF4;;10.0042;N.A.;N.A.;10-Dec-2015
135785;SBI DEBT FUND SERIES B - 28 (1100 DAYS) - REGULAR PLAN - DIVIDEND;INF200KA1HE7;;10.0029;N.A.;N.A.;10-Dec-2015
135787;SBI DEBT FUND SERIES B - 28 (1100 DAYS) - REGULAR PLAN - GROWTH;INF200KA1HD9;;10.0029;N.A.;N.A.;10-Dec-2015
132991;SBI DEBT FUND SERIES B - 3 (1111 DAYS) - DIRECT PLAN - DIVIDEND;INF200K013Y8;;10.9992;N.A.;N.A.;10-Dec-2015
132994;SBI DEBT FUND SERIES B - 3 (1111 DAYS) - DIRECT PLAN - GROWTH;INF200K012Y0;;10.9992;N.A.;N.A.;10-Dec-2015
132993;SBI DEBT FUND SERIES B - 3 (1111 DAYS) - REGULAR PLAN - DIVIDEND;INF200K011Y2;;10.9588;N.A.;N.A.;10-Dec-2015
132992;SBI DEBT FUND SERIES B - 3 (1111 DAYS) - REGULAR PLAN - GROWTH;INF200K010Y4;;10.9588;N.A.;N.A.;10-Dec-2015
133196;SBI DEBT FUND SERIES B - 4 (1111 DAYS) - DIRECT PLAN - DIVIDEND;INF200K019Z2;;10.9186;N.A.;N.A.;10-Dec-2015
133198;SBI DEBT FUND SERIES B - 4 (1111 DAYS) - DIRECT PLAN - GROWTH;INF200K018Z4;;10.9187;N.A.;N.A.;10-Dec-2015
133197;SBI DEBT FUND SERIES B - 4 (1111 DAYS) - REGULAR PLAN - DIVIDEND;INF200K017Z6;;10.8809;N.A.;N.A.;10-Dec-2015
133195;SBI DEBT FUND SERIES B - 4 (1111 DAYS) - REGULAR PLAN - GROWTH;INF200K016Z8;;10.8809;N.A.;N.A.;10-Dec-2015
133333;SBI DEBT FUND SERIES B - 6 (1111 DAYS) - DIRECT PLAN - DIVIDEND;INF200KA1267;;10.8511;N.A.;N.A.;10-Dec-2015
133332;SBI DEBT FUND SERIES B - 6 (1111 DAYS) - DIRECT PLAN - GROWTH;INF200KA1259;;10.851;N.A.;N.A.;10-Dec-2015
133331;SBI DEBT FUND SERIES B - 6 (1111 DAYS) - REGULAR PLAN - DIVIDEND;INF200KA1242;;10.8153;N.A.;N.A.;10-Dec-2015
133330;SBI DEBT FUND SERIES B - 6 (1111 DAYS) - REGULAR PLAN - GROWTH;INF200KA1234;;10.8153;N.A.;N.A.;10-Dec-2015
133853;SBI DEBT FUND SERIES B - 7 (38 MONTHS) - DIRECT PLAN - DIVIDEND;INF200KA1465;;N.A.;N.A.;N.A.;10-Dec-2015
133856;SBI DEBT FUND SERIES B - 7 (38 MONTHS) - DIRECT PLAN - GROWTH;INF200KA1457;;10.6677;N.A.;N.A.;10-Dec-2015
133854;SBI DEBT FUND SERIES B - 7 (38 MONTHS) - REGUALR PLAN - DIVIDEND;INF200KA1440;;10.6386;N.A.;N.A.;10-Dec-2015
133855;SBI DEBT FUNS SERIES B - 7 (38 MONTHS) - REGULAR PLAN - GROWTH;INF200KA1432;;10.6394;N.A.;N.A.;10-Dec-2015
134316;SBI DEBT FUND SERIES B - 8 (1105 DAYS) - DIRECT PLAN - DIVIDEND;INF200KA1895;;10.6039;N.A.;N.A.;10-Dec-2015
134313;SBI DEBT FUND SERIES B - 8 (1105 DAYS) - DIRECT PLAN - GROWTH;INF200KA1887;;10.6027;N.A.;N.A.;10-Dec-2015
134314;SBI DEBT FUND SERIES B - 8 (1105 DAYS) - REGULAR PLAN - DIVIDEND;INF200KA1879;;10.5771;N.A.;N.A.;10-Dec-2015
134315;SBI DEBT FUND SERIES B - 8 (1105 DAYS) - REGULAR PLAN - GROWTH;INF200KA1861;;10.5771;N.A.;N.A.;10-Dec-2015
134319;SBI DEBT FUND SERIES B - 9 (1105 DAYS) - DIRECT PLAN - DIVIDEND;INF200KA1937;;10.5611;N.A.;N.A.;10-Dec-2015
134320;SBI DEBT FUND SERIES B - 9 (1105 DAYS) - DIRECT PLAN - GROWTH;INF200KA1929;;10.5599;N.A.;N.A.;10-Dec-2015
134318;SBI DEBT FUND SERIES B - 9 (1105 DAYS) - REGULAR PLAN - DIVIDEND;INF200KA1911;;10.5349;N.A.;N.A.;10-Dec-2015
134317;SBI DEBT FUND SERIES B - 9 (1105 DAYS) - REGULAR PLAN - GROWTH;INF200KA1903;;10.5349;N.A.;N.A.;10-Dec-2015
126466;SBI Dual Advantage Fund Series - I - Direct Plan - Dividend;INF200K01X55;;12.2644;N.A.;N.A.;10-Dec-2015
126465;SBI Dual Advantage Fund Series - I - Direct Plan - Growth;INF200K01X48;;12.282;N.A.;N.A.;10-Dec-2015
126464;SBI Dual Advantage Fund Series - I - Regular Plan - Dividend;INF200K01X30;;12.1941;N.A.;N.A.;10-Dec-2015
126463;SBI Dual Advantage Fund Series - I - Regular Plan - Growth;INF200K01X22;;12.1939;N.A.;N.A.;10-Dec-2015
129423;SBI Dual Advantage Fund Series - II Direct Plan - Dividend;INF200K015F2;;11.4549;N.A.;N.A.;10-Dec-2015
129421;SBI Dual Advantage Fund Series - II Direct Plan - Growth;INF200K014F5;;11.4554;N.A.;N.A.;10-Dec-2015
129422;SBI Dual Advantage Fund Series - II Regular Plan - Dividend;INF200K013F7;;11.4321;N.A.;N.A.;10-Dec-2015
129424;SBI Dual Advantage Fund Series - II Regular Plan - Growth;INF200K012F9;;11.4321;N.A.;N.A.;10-Dec-2015
130023;SBI Dual Advantage Fund - Series III - Direct Plan - Dividend;INF200K015J4;;11.2;N.A.;N.A.;10-Dec-2015
130024;SBI Dual Advantage Fund - Series III - Direct Plan - Growth;INF200K014J7;;11.2;N.A.;N.A.;10-Dec-2015
130022;SBI Dual Advantage Fund - Series III - Regular Plan - Dividend;INF200K013J9;;11.1824;N.A.;N.A.;10-Dec-2015
130021;SBI Dual Advantage Fund - Series III - Regular Plan - Growth;INF200K012J1;;11.1824;N.A.;N.A.;10-Dec-2015
131132;SBI DUAL ADVANTAGE FUND - SERIES IV - DIRECT PLAN - DIVIDEND;INF200K013Q4;;11.0632;N.A.;N.A.;10-Dec-2015
131131;SBI DUAL ADVANTAGE FUND - SERIES IV - DIRECT PLAN - GROWTH;INF200K012Q6;;11.0682;N.A.;N.A.;10-Dec-2015
131134;SBI DUAL ADVANTAGE FUND - SERIES IV - REGULAR PLAN - DIVIDEND;INF200K011Q8;;11.0563;N.A.;N.A.;10-Dec-2015
131133;SBI DUAL ADVANTAGE FUND - SERIES IV - REGULAR PLAN - GROWTH;INF200K010Q0;;11.0562;N.A.;N.A.;10-Dec-2015
134613;SBI DUAL ADVANTAGE FUND - SERIES IX - DIRECT PLAN - DIVIDEND;INF200KA1CB4;;10.2772;N.A.;N.A.;10-Dec-2015
134614;SBI DUAL ADVANTAGE FUND - SERIES IX - DIRECT PLAN - GROWTH;INF200KA1CA6;;10.2771;N.A.;N.A.;10-Dec-2015
134612;SBI DUAL ADVANTAGE FUND - SERIES IX - REGULAR PLAN - DIVIDEND;INF200KA1BZ5;;10.2025;N.A.;N.A.;10-Dec-2015
134611;SBI DUAL ADVANTAGE FUND - SERIES IX - REGULAR PLAN - GROWTH;INF200KA1BY8;;10.2025;N.A.;N.A.;10-Dec-2015
132920;SBI DUAL ADVANTAGE FUND - SERIES V - DIRECT PLAN - DIVIDEND;INF200K015X5;;10.6127;N.A.;N.A.;10-Dec-2015
132919;SBI DUAL ADVANTAGE FUND - SERIES V - DIRECT PLAN - GROWTH;INF200K014X8;;10.6124;N.A.;N.A.;10-Dec-2015
132922;SBI DUAL ADVANTAGE FUND - SERIES V - REGULAR PLAN - DIVIDEND;INF200K013X0;;10.5775;N.A.;N.A.;10-Dec-2015
132921;SBI DUAL ADVANTAGE FUND - SERIES V - REGULAR PLAN - GROWTH;INF200K012X2;;10.5775;N.A.;N.A.;10-Dec-2015
133283;SBI DUAL ADVANTAGE FUND - SERIES VI - DIRECT PLAN - DIVIDEND;INF200KA1184;;10.5916;N.A.;N.A.;10-Dec-2015
133282;SBI DUAL ADVANTAGE FUND - SERIES VI - DIRECT PLAN - GROWTH;INF200KA1176;;10.5916;N.A.;N.A.;10-Dec-2015
133284;SBI DUAL ADVANTAGE FUND - SERIES VI - REGULAR PLAN - DIVIDEND;INF200KA1168;;10.5611;N.A.;N.A.;10-Dec-2015
133281;SBI DUAL ADVANTAGE FUND - SERIES VI - REGULAR PLAN - GROWTH;INF200KA1150;;10.561;N.A.;N.A.;10-Dec-2015
133717;SBI DUAL ADVANTAGE FUND - SERIES VII - DIRECT PLAN - DIVIDEND;INF200KA1424;;10.3428;N.A.;N.A.;10-Dec-2015
133716;SBI DUAL ADVANTAGE FUND - SERIES VII - DIRECT PLAN - GROWTH;INF200KA1416;;10.3429;N.A.;N.A.;10-Dec-2015
133715;SBI DUAL ADVANTAGE FUND - SERIES VII - REGULAR PLAN - DIVIDEND;INF200KA1408;;10.3155;N.A.;N.A.;10-Dec-2015
133718;SBI DUAL ADVANTAGE FUND - SERIES VII - REGULAR PLAN - GROWTH;INF200KA1390;;10.3153;N.A.;N.A.;10-Dec-2015
134193;SBI DUAL ADVANTAGE FUND - SERIES VIII - DIRECT PLAN - DIVIDEND;INF200KA1770;;10.1792;N.A.;N.A.;10-Dec-2015
134196;SBI DUAL ADVANTAGE FUND - SERIES VIII - DIRECT PLAN - GROWTH;INF200KA1762;;10.1792;N.A.;N.A.;10-Dec-2015
134194;SBI DUAL ADVANTAGE FUND - SERIES VIII - REGULAR PLAN - DIVIDEND;INF200KA1754;;10.1562;N.A.;N.A.;10-Dec-2015
134195;SBI DUAL ADVANTAGE FUND - SERIES VIII - REGULAR PLAN - GROWTH;INF200KA1747;;10.1559;N.A.;N.A.;10-Dec-2015
135155;SBI DUAL ADVANTAGE FUND - SERIES X - DIRECT PLAN - DIVIDEND;INF200KA1GE9;;10.1102;N.A.;N.A.;10-Dec-2015
135154;SBI DUAL ADVANTAGE FUND - SERIES X - DIRECT PLAN - GROWTH;INF200KA1GD1;;10.1102;N.A.;N.A.;10-Dec-2015
135156;SBI DUAL ADVANTAGE FUND - SERIES X - REGULAR PLAN - DIVIDEND;INF200KA1GC3;;10.0696;N.A.;N.A.;10-Dec-2015
135153;SBI DUAL ADVANTAGE FUND - SERIES X - REGULAR PLAN - GROWTH;INF200KA1GB5;;10.0697;N.A.;N.A.;10-Dec-2015
135377;SBI DUAL ADVANTAGE FUND - SERIES XI - DIRECT PLAN - DIVIDEND;INF200KA1GM2;;10.0405;N.A.;N.A.;10-Dec-2015
135376;SBI DUAL ADVANTAGE FUND - SERIES XI - DIRECT PLAN - GROWTH;INF200KA1GL4;;10.0405;N.A.;N.A.;10-Dec-2015
135379;SBI DUAL ADVANTAGE FUND - SERIES XI - REGULAR PLAN - DIVIDEND;INF200KA1GK6;;10.019;N.A.;N.A.;10-Dec-2015
135378;SBI DUAL ADVANTAGE FUND - SERIES XI - REGULAR PLAN - GROWTH;INF200KA1GJ8;;10.0189;N.A.;N.A.;10-Dec-2015
125386;SBI FIXED INTERVAL DEBT SERIES - 90 DAYS  1 - DIRECT PLAN - DIVIDEND;INF200K01P14;;10.0244;N.A.;N.A.;10-Dec-2015
125389;SBI FIXED INTERVAL DEBT SERIES - 90 DAYS  1 - REGULAR PLAN - GROWTH;INF200K01O80;;11.817;N.A.;N.A.;10-Dec-2015
125388;SBI FIXED INTERVAL DEBT SERIES - 90 DAYS - 1 - DIRECT PLAN - GROWTH;INF200K01P06;;11.8524;N.A.;N.A.;10-Dec-2015
125387;SBI FIXED INTERVAL DEBT SERIES - 90 DAYS - 1 - REGULAR PLAN - DIVIDEND;INF200K01O98;;10.024;N.A.;N.A.;10-Dec-2015

Sundaram Mutual Fund
116008;Sundaram Capital Protection Oriented Fund 5 Years (Series 3) - Dividend Payout Option;INF903J01JH3;;13.8101;13.8101;13.8101;10-Dec-2015
116009;Sundaram Capital Protection Oriented Fund 5 Years (Series 3) - Growth Option;INF903J01JG5;;13.8095;13.8095;13.8095;10-Dec-2015
116141;Sundaram Capital Protection Oriented Fund 5 Years (Series 4) - Dividend Payout Option;INF903J01JY8;;13.6557;13.6557;13.6557;10-Dec-2015
116142;Sundaram Capital Protection Oriented Fund 5 Years (Series 4) - Growth Option;INF903J01JX0;;13.6557;13.6557;13.6557;10-Dec-2015
115014;Sundaram Capital Protection Oriented Fund Series 2-5 years - Dividend Payout Option;INF903J01BD9;;13.6108;13.6108;13.6108;10-Dec-2015
115015;Sundaram Capital Protection Oriented Fund Series 2-5 years - Growth Option;INF903J01BC1;;13.6110;13.6110;13.6110;10-Dec-2015
125769;Sundaram Fixed Term Plan ES Direct Plan Growth;INF903J013B9;;11.8502;11.8502;11.8502;10-Dec-2015
125771;Sundaram Fixed Term Plan ES Regular Plan Growth;INF903J010B5;;11.7600;11.7600;11.7600;10-Dec-2015
125773;Sundaram Fixed Term Plan ES Regular Plan Quarterly Dividend Payout;INF903J011B3;;11.7600;11.7600;11.7600;10-Dec-2015
129554;Sundaram Fixed Term Plan FM Direct Plan Growth;INF903J015O7;;11.4890;11.4890;11.4890;10-Dec-2015
129558;Sundaram Fixed Term Plan FM Direct Plan Quarterly Dividend Payout;INF903J01K38;;11.4891;11.4891;11.4891;10-Dec-2015
129559;Sundaram Fixed Term Plan FM Regular Growth;INF903J012O4;;11.4283;11.4283;11.4283;10-Dec-2015
129557;Sundaram Fixed Term Plan FM Regular Plan Quarterly Dividend Payout;INF903J013O2;;11.4292;11.4292;11.4292;10-Dec-2015
135836;SUNDARAM FIXED TERM PLAN - HB - DIRECT PLAN - GROWTH;INF903J016X6;;9.9829;9.9829;9.9829;10-Dec-2015
135833;SUNDARAM FIXED TERM PLAN - HB - REGULAR PLAN - GROWTH;INF903J013X3;;9.9827;9.9827;9.9827;10-Dec-2015
121185;Sundaram Fixed Term Plan DD - Direct -  Growth;INF903J012F2;;12.7055;12.7055;12.7055;10-Dec-2015
121186;Sundaram Fixed Term Plan DD - Regular - Growth;INF903J010F6;;12.3919;12.3919;12.3919;10-Dec-2015
123473;Sundaram Fixed Term Plan DO Direct Plan Growth;INF903J01Q73;;12.4227;12.4227;12.4227;10-Dec-2015
123471;Sundaram Fixed Term Plan DO Regular Plan Growth;INF903J01Q40;;12.3874;12.3874;12.3874;10-Dec-2015
123463;Sundaram Fixed Term Plan DP Direct Plan Growth;INF903J019T8;;12.2765;12.2765;12.2765;10-Dec-2015
123464;Sundaram Fixed Term Plan DP Regular Plan Growth;INF903J016T4;;12.1922;12.1922;12.1922;10-Dec-2015
123465;Sundaram Fixed Term Plan DP Regular Plan Half Yearly Dividend Payout;INF903J018T0;;12.1932;12.1932;12.1932;10-Dec-2015
123757;Sundaram Fixed Term Plan DS Direct Plan Growth;INF903J01S30;;12.3404;12.3404;12.3404;10-Dec-2015
123759;Sundaram Fixed Term Plan DS Regular Plan Growth;INF903J01S06;;12.2639;12.2639;12.2639;10-Dec-2015
123756;Sundaram Fixed Term Plan DS Regular Plan Quarterly Dividend Payout;INF903J01S14;;12.2639;12.2639;12.2639;10-Dec-2015
123760;Sundaram Fixed Term Plan DT Direct Plan Growth;INF903J013U9;;12.4398;12.4398;12.4398;10-Dec-2015
123761;Sundaram Fixed Term Plan DT Direct Plan Half Yearly Dividend Payout;INF903J014U7;;12.4414;12.4414;12.4414;10-Dec-2015
123763;Sundaram Fixed Term Plan DT Regular Plan Growth;INF903J010U5;;12.3022;12.3022;12.3022;10-Dec-2015
123764;Sundaram Fixed Term Plan DT Regular Plan Half Yearly Dividend Payout;INF903J012U1;;12.3022;12.3022;12.3022;10-Dec-2015
123765;Sundaram Fixed Term Plan DT Regular Plan Quarterly Dividend Payout;INF903J011U3;;12.3022;12.3022;12.3022;10-Dec-2015
124125;Sundaram Fixed Term Plan DU Direct Plan Growth;INF903J01S97;;12.4133;12.4133;12.4133;10-Dec-2015
124123;Sundaram Fixed Term Plan DU Regular Plan Growth;INF903J01S63;;12.2776;12.2776;12.2776;10-Dec-2015
124122;Sundaram Fixed Term Plan DU Regular Plan Quarterly Dividend Payout;INF903J01S71;;12.2626;12.2626;12.2626;10-Dec-2015
124130;Sundaram Fixed Term Plan DV Direct Plan Growth;INF903J01T54;;12.3710;12.3710;12.3710;10-Dec-2015
124126;Sundaram Fixed Term Plan DV Regular Plan Growth;INF903J01T21;;12.3298;12.3298;12.3298;10-Dec-2015
124136;Sundaram Fixed Term Plan DW Direct Plan Growth;INF903J01V19;;12.3110;12.3110;12.3110;10-Dec-2015
124133;Sundaram Fixed Term Plan DW Regular Plan Growth;INF903J01U85;;12.2655;12.2655;12.2655;10-Dec-2015
124291;Sundaram Fixed Term Plan DY Direct Plan Growth;INF903J01V76;;12.2215;12.2215;12.2215;10-Dec-2015
124293;Sundaram Fixed Term Plan DY Direct Plan Quarterly Dividend Payout;INF903J01V84;;12.2676;12.2676;12.2676;10-Dec-2015
124294;Sundaram Fixed Term Plan DY Regular Plan Growth;INF903J01V43;;12.1046;12.1046;12.1046;10-Dec-2015
124296;Sundaram Fixed Term Plan DY Regular Plan Quarterly Dividend Payout;INF903J01V50;;12.1720;12.1720;12.1720;10-Dec-2015
124297;Sundaram Fixed Term Plan DZ Direct Plan Growth;INF903J018U8;;12.1957;12.1957;12.1957;10-Dec-2015
124298;Sundaram Fixed Term Plan DZ Direct Plan Half Yearly Dividend Payout;INF903J010V3;;12.1961;12.1961;12.1961;10-Dec-2015
124300;Sundaram Fixed Term Plan DZ Regular Plan Growth;INF903J015U4;;12.0666;12.0666;12.0666;10-Dec-2015
124301;Sundaram Fixed Term Plan DZ Regular Plan Half Yearly Dividend Payout;INF903J017U0;;12.0664;12.0664;12.0664;10-Dec-2015
124302;Sundaram Fixed Term Plan DZ Regular Plan Quarterly Dividend Payout;INF903J016U2;;12.0662;12.0662;12.0662;10-Dec-2015
125417;Sundaram Fixed Term Plan ER Direct Plan Growth;INF903J014R3;;11.9715;11.9715;11.9715;10-Dec-2015
125420;Sundaram Fixed Term Plan ER Regular Plan Growth;INF903J017R6;;11.8905;11.8905;11.8905;10-Dec-2015
125421;Sundaram Fixed Term Plan ER Regular Plan Half Yearly Dividend Payout;INF903J018R4;;11.8911;11.8911;11.8911;10-Dec-2015
126416;Sundaram Fixed Term Plan EU Direct Plan Growth;INF903J019M3;;11.7742;11.7742;11.7742;10-Dec-2015
126413;Sundaram Fixed Term Plan EU Regular Plan Growth;INF903J016M9;;11.7166;11.7166;11.7166;10-Dec-2015
126414;Sundaram Fixed Term Plan EU Regular Plan Half Yearly Dividend Payout;INF903J018M5;;11.7164;11.7164;11.7164;10-Dec-2015
126415;Sundaram Fixed Term Plan EU Regular Plan Quarterly Dividend Payout;INF903J017M7;;11.7164;11.7164;11.7164;10-Dec-2015
127692;Sundaram Fixed Term Plan FA Direct Plan Growth;INF903J013M6;;11.6733;11.6733;11.6733;10-Dec-2015
127690;Sundaram Fixed Term Plan FA Regular Plan Growth;INF903J010M2;;11.5725;11.5725;11.5725;10-Dec-2015
127711;Sundaram Fixed Term Plan FD Direct Plan Growth;INF903J017L9;;11.6852;11.6852;11.6852;10-Dec-2015
127708;Sundaram Fixed Term Plan FD Regular Plan Growth;INF903J014L6;;11.6277;11.6277;11.6277;10-Dec-2015
127710;Sundaram Fixed Term Plan FD Regular Plan Quarterly Dividend Payout;INF903J015L3;;11.6276;11.6276;11.6276;10-Dec-2015
129102;Sundaram Fixed Term Plan FL Direct Plan Growth;INF903J01J56;;11.6265;11.6265;11.6265;10-Dec-2015
129104;Sundaram Fixed Term Plan FL Regular Plan Growth;INF903J01J23;;11.5579;11.5579;11.5579;10-Dec-2015
129105;Sundaram Fixed Term Plan FL Regular Plan Half Yearly Dividend Payout;INF903J01J31;;11.5579;11.5579;11.5579;10-Dec-2015
129106;Sundaram Fixed Term Plan FL Regular Plan Quarterly Dividend Payout;INF903J01J49;;11.5578;11.5578;11.5578;10-Dec-2015
129317;Sundaram Fixed Term Plan GE Direct Plan Growth;INF903J01L37;;11.4534;11.4534;11.4534;10-Dec-2015
129318;Sundaram Fixed Term Plan GE Regular Plan Growth;INF903J01L03;;11.3939;11.3939;11.3939;10-Dec-2015
129320;Sundaram Fixed Term Plan GE Regular Plan Quarterly Dividend Payout;INF903J01L29;;11.3938;11.3938;11.3938;10-Dec-2015
129892;Sundaram Fixed Term Plan GG Direct Plan Growth;INF903J010S9;;11.3671;11.3671;11.3671;10-Dec-2015
129891;Sundaram Fixed Term Plan GG Regular Plan Growth;INF903J011S7;;11.3085;11.3085;11.3085;10-Dec-2015
129895;Sundaram Fixed Term Plan GG Regular Plan Half Yearly Dividend Payout;INF903J012S5;;11.3084;11.3084;11.3084;10-Dec-2015
130895;Sundaram Fixed Term Plan GJ Direct Plan Growth;INF903J01Q16;;11.3817;11.3817;11.3817;10-Dec-2015
130890;Sundaram Fixed Term Plan GJ Direct Plan Half Yearly Dividend Payout;INF903J01Q24;;11.3806;11.3806;11.3806;10-Dec-2015
130891;Sundaram Fixed Term Plan GJ Direct Plan Quarterly Dividend Payout;INF903J01Q32;;11.3812;11.3812;11.3812;10-Dec-2015
130892;Sundaram Fixed Term Plan GJ Regular Plan Growth;INF903J01P82;;11.3402;11.3402;11.3402;10-Dec-2015
130893;Sundaram Fixed Term Plan GJ Regular Plan Half Yearly Dividend Payout;INF903J01P90;;11.3407;11.3407;11.3407;10-Dec-2015
130894;Sundaram Fixed Term Plan GJ Regular Plan Quarterly Dividend Payout;INF903J01Q08;;11.3402;11.3402;11.3402;10-Dec-2015
131200;Sundaram Fixed Term Plan GK Direct Plan Growth;INF903J01U10;;11.2167;11.2167;11.2167;10-Dec-2015
131201;Sundaram Fixed Term Plan GK Direct Plan Half Yearlly Divinded Payout;INF903J01U28;;11.2169;11.2169;11.2169;10-Dec-2015
131203;Sundaram Fixed Term Plan GK Regular Plan Growth;INF903J01T88;;11.1770;11.1770;11.1770;10-Dec-2015
131205;Sundaram Fixed Term Plan GK Regular Plan Quaterly Dividend Payout;INF903J01U02;;11.1769;11.1769;11.1769;10-Dec-2015
133552;Sundaram Fixed Term Plan GU Direct Plan Growth;INF903J011C1;;10.7687;10.7687;10.7687;10-Dec-2015
133555;Sundaram Fixed Term Plan GU Regular Plan Growth;INF903J018B8;;10.7605;10.7605;10.7605;10-Dec-2015
133556;Sundaram Fixed Term Plan GU Regular Plan Half Yearly Dividend Payout;INF903J019B6;;10.7604;10.7604;10.7604;10-Dec-2015
134507;Sundaram Fixed Term Plan GW Direct Plan Growth;INF903J013N4;;10.4740;10.4740;10.4740;10-Dec-2015
134509;Sundaram Fixed Term Plan GW Direct Plan Quarterly Dividend Payout;INF903J015N9;;10.4728;10.4728;10.4728;10-Dec-2015
134510;Sundaram Fixed Term Plan GW Regular Plan Growth;INF903J010N0;;10.4709;10.4709;10.4709;10-Dec-2015
134511;Sundaram Fixed Term Plan GW Regular Plan Quarterly Dividend Payout;INF903J012N6;;10.4694;10.4694;10.4694;10-Dec-2015
135711;SUNDARAM FIXED TERM PLAN HA - DIRECT PLAN - GROWTH;INF903J016W8;;10.0018;10.0018;10.0018;10-Dec-2015
135714;SUNDARAM FIXED TERM PLAN HA - REGULAR PLAN - GROWTH;INF903J013W5;;10.0015;10.0015;10.0015;10-Dec-2015
135715;SUNDARAM FIXED TERM PLAN HA - REGULAR PLAN - HALF YEARLY DIVIDEND PAYOUT;INF903J014W3;;10.0015;10.0015;10.0015;10-Dec-2015
135716;SUNDARAM FIXED TERM PLAN HA - REGULAR PLAN - QUARTERLY DIVIDEND PAYOUT;INF903J015W0;;10.0015;10.0015;10.0015;10-Dec-2015
123218;Sundaram Hybrid Fund Series A Direct Plan Growth;INF903J01TB5;;12.6778;12.6778;12.6778;10-Dec-2015
123220;Sundaram Hybrid Fund Series A Direct Plan Yearly Dividend Payout;INF903J01TD1;;12.6777;12.6777;12.6777;10-Dec-2015
123215;Sundaram Hybrid Fund Series A Regular Plan Growth;INF903J01SY9;;12.3096;12.3096;12.3096;10-Dec-2015
123216;Sundaram Hybrid Fund Series A Regular Plan Half Yearly Dividend Payout;INF903J01SZ6;;12.3096;12.3096;12.3096;10-Dec-2015
123217;Sundaram Hybrid Fund Series A Regular Plan Yearly Dividend Payout;INF903J01TA7;;12.3096;12.3096;12.3096;10-Dec-2015
125058;Sundaram Hybrid Fund Series C Direct Plan Growth;INF903J01XD3;;12.3662;12.3662;12.3662;10-Dec-2015
125061;Sundaram Hybrid Fund Series C Regular Plan Growth;INF903J01XA9;;11.7587;11.7587;11.7587;10-Dec-2015
125062;Sundaram Hybrid Fund Series C Regular Plan Half Yearly Dividend Payout;INF903J01XB7;;11.7587;11.7587;11.7587;10-Dec-2015
125063;Sundaram Hybrid Fund Series C Regular Plan Yearly Dividend Payout;INF903J01XC5;;11.7586;11.7586;11.7586;10-Dec-2015
125651;Sundaram Hybrid Fund Series D Direct Plan Growth;INF903J01XV5;;12.0058;12.0058;12.0058;10-Dec-2015
125652;Sundaram Hybrid Fund Series D Direct Plan Half Yearly Dividend Payout;INF903J01XW3;;11.9894;11.9894;11.9894;10-Dec-2015
125653;Sundaram Hybrid Fund Series D Direct Plan Yearly Dividend Payout;INF903J01XX1;;11.9911;11.9911;11.9911;10-Dec-2015
125654;Sundaram Hybrid Fund Series D Regular Plan Growth;INF903J01XS1;;11.6600;11.6600;11.6600;10-Dec-2015
125655;Sundaram Hybrid Fund Series D Regular Plan Half Yearly Dividend Payout;INF903J01XT9;;11.6601;11.6601;11.6601;10-Dec-2015
125656;Sundaram Hybrid Fund Series D Regular Plan Yearly Dividend Payout;INF903J01XU7;;11.6601;11.6601;11.6601;10-Dec-2015
128424;Sundaram Hybrid Fund Series F Direct Plan Growth;INF903J01I32;;11.7586;11.7586;11.7586;10-Dec-2015
128425;Sundaram Hybrid Fund Series F Direct Plan Half Yearly Dividend Payout;INF903J01I40;;11.7586;11.7586;11.7586;10-Dec-2015
128426;Sundaram Hybrid Fund Series F Direct Plan Yearly Dividend Payout;INF903J01I57;;11.7586;11.7586;11.7586;10-Dec-2015
128427;Sundaram Hybrid Fund Series F Regular Plan Growth;INF903J01I08;;11.5104;11.5104;11.5104;10-Dec-2015
128428;Sundaram Hybrid Fund Series F Regular Plan Half Yearly Dividend Payout;INF903J01I16;;11.5104;11.5104;11.5104;10-Dec-2015
128429;Sundaram Hybrid Fund Series F Regular Plan Yearly Dividend Payout;INF903J01I24;;11.5104;11.5104;11.5104;10-Dec-2015
134673;Sundaram Hybrid Fund Series M Direct Plan Growth;INF903J019O9;;10.1530;10.1530;10.1530;10-Dec-2015
134675;Sundaram Hybrid Fund Series M Direct Plan half Yearly Dividend;INF903J010P5;;10.1531;10.1531;10.1531;10-Dec-2015
134674;Sundaram Hybrid Fund Series M Direct plan Yearly Dividend;INF903J011P3;;10.1527;10.1527;10.1527;10-Dec-2015
134677;Sundaram Hybrid Fund Series M Regular Plan  Half yearly Dividend;INF903J017O3;;10.1345;10.1345;10.1345;10-Dec-2015
134676;Sundaram Hybrid Fund Series M Regular Plan Growth;INF903J016O5;;10.1345;10.1345;10.1345;10-Dec-2015
134678;Sundaram Hybrid Fund Series M Regular Plan Yearly Dividend;INF903J018O1;;10.1345;10.1345;10.1345;10-Dec-2015
129787;Sundaram Hybrid Fund Series H Direct Plan Growth;INF903J01K79;;11.5946;11.5946;11.5946;10-Dec-2015
129788;Sundaram Hybrid Fund Series H Direct Plan Half yearly Dividend Payout;INF903J01K87;;11.5946;11.5946;11.5946;10-Dec-2015
129790;Sundaram Hybrid Fund Series H Regular Plan Growth;INF903J01K46;;11.3619;11.3619;11.3619;10-Dec-2015
129791;Sundaram Hybrid Fund Series H Regular Plan Half Yearly Dividend Payout;INF903J01K53;;11.3619;11.3619;11.3619;10-Dec-2015
129792;Sundaram Hybrid Fund Series H Regular Plan Yearly Dividend Payout;INF903J01K61;;11.3619;11.3619;11.3619;10-Dec-2015
130307;Sundaram Hybrid Fund Series K Direct Growth;INF903J01N92;;10.9572;10.9572;10.9572;10-Dec-2015
130305;Sundaram Hybrid Fund Series K Direct Half yearly Dividend;INF903J01O00;;10.9563;10.9563;10.9563;10-Dec-2015
130306;Sundaram Hybrid Fund Series K Direct Yearly Dividend;INF903J01O18;;10.9589;10.9589;10.9589;10-Dec-2015
130303;Sundaram Hybrid Fund Series K Regular Growth;INF903J01N68;;10.7719;10.7719;10.7719;10-Dec-2015
130304;Sundaram Hybrid Fund Series K Regular half yearly Dividend;INF903J01N76;;10.7719;10.7719;10.7719;10-Dec-2015
130308;Sundaram Hybrid Fund Series K Regular Yearly Dividend;INF903J01N84;;10.7719;10.7719;10.7719;10-Dec-2015
134710;SUNDARAM hYBRID SERIES N DIRECT PLAN GROWTH;INF903J010R1;;10.1674;10.1674;10.1674;10-Dec-2015
134711;SUNDARAM HYBRID SERIES N DIRECT PLAN HALF YEARLY DIVIDEND PAYOUT;INF903J018Q6;;10.1674;10.1674;10.1674;10-Dec-2015
134712;SUNDARAM HYBRID SERIES N DIRECT PLAN YEARLY DIVIDEND PAYOUT;INF903J019Q4;;10.1674;10.1674;10.1674;10-Dec-2015
134713;SUNDARAM HYBRID SERIES N REGULAR PLAN GROWTH;INF903J013R5;;10.1501;10.1501;10.1501;10-Dec-2015
134714;SUNDARAM HYBRID SERIES N REGULAR PLAN HALF YEARLY DIVIDEND PAYOUT;INF903J011R9;;10.1501;10.1501;10.1501;10-Dec-2015
134715;SUNDARAM HYBRID SERIES N REGULAR PLAN YEARLY DIVIDEND;INF903J012R7;;10.1501;10.1501;10.1501;10-Dec-2015
135056;Sundaram Fixed Term Plan GY Direct Plan Growth;INF903J017S4;;10.3572;10.3572;10.3572;10-Dec-2015
135059;Sundaram Fixed Term Plan GY Regular Plan growth;INF903J014S1;;10.3444;10.3444;10.3444;10-Dec-2015
135058;Sundaram Fixed Term Plan GY Regular Plan Half Yearly Dividned Payout;INF903J015S8;;10.3468;10.3468;10.3468;10-Dec-2015
135060;Sundaram Fixed Term Plan GY Regular Plan Quarterly  Dividned Payout;INF903J016S6;;10.3468;10.3468;10.3468;10-Dec-2015

Tata Mutual Fund
127405;Tata Dual Advantage Fund -Scheme B Direct Plan Dividend(Payout);INF277K01TA4;;12.2310;0.0000;0.0000;10-Dec-2015
127407;Tata Dual Advantage Fund -Scheme B Direct Plan Growth;INF277K01SZ3;;12.2310;0.0000;0.0000;10-Dec-2015
127406;Tata Dual Advantage Fund -Scheme B Plan A Dividend(Payout);INF277K01SY6;;11.9110;0.0000;0.0000;10-Dec-2015
127404;Tata Dual Advantage Fund -Scheme B Plan A Growth;INF277K01SX8;;11.9111;0.0000;0.0000;10-Dec-2015
122747;Tata Dual Advantage Fund Scheme A-Direct Plan :Dividend;INF277K01SW0;;12.9606;0.0000;0.0000;10-Dec-2015
122746;Tata Dual Advantage Fund Scheme A-Direct Plan:Growth;INF277K01SV2;;12.9666;0.0000;0.0000;10-Dec-2015
122745;Tata Dual Advantage Fund Scheme A-Plan A:Dividend;INF277K01SU4;;12.5411;0.0000;0.0000;10-Dec-2015
122744;Tata Dual Advantage Fund Scheme A-Plan A:Growth;INF277K01ST6;;12.5411;0.0000;0.0000;10-Dec-2015
130201;Tata Dual Advantage Fund Scheme C -Direct Plan-Dividend(Payout);INF277K01TE6;;11.4776;0.0000;0.0000;10-Dec-2015
130202;Tata Dual Advantage Fund Scheme C-Direct Plan-Growth;INF277K01TD8;;11.4793;0.0000;0.0000;10-Dec-2015
130203;Tata Dual Advantage Fund Scheme C-Plan A-Dividend(Payout);INF277K01TC0;;11.2310;0.0000;0.0000;10-Dec-2015
130204;Tata Dual Advantage Fund Scheme C-Plan A-Growth;INF277K01TB2;;11.2310;0.0000;0.0000;10-Dec-2015
131046;Tata Dual Advantage Fund Series 2 Scheme A -Direct Plan Growth Option;INF277K01F30;;11.3223;0.0000;0.0000;10-Dec-2015
131044;Tata Dual Advantage Fund Series 2 Scheme A-Direct Plan Dividend(Payout) Option;INF277K01F48;;11.3223;0.0000;0.0000;10-Dec-2015
131045;Tata Dual Advantage Fund Series 2 Scheme A-Plan A Dividend(Payout) Option;INF277K01F22;;11.1127;0.0000;0.0000;10-Dec-2015
131043;Tata Dual Advantage Fund Series 2 Scheme A-Plan A Growth Option;INF277K01F14;;11.1127;0.0000;0.0000;10-Dec-2015
133018;Tata Dual Advantage Fund Series 2 Scheme B Direct Plan Dividend Payout;INF277K01J85;;10.7723;0.0000;0.0000;10-Dec-2015
133017;Tata Dual Advantage Fund Series 2 Scheme B Direct Plan Growth;INF277K01J77;;10.7722;0.0000;0.0000;10-Dec-2015
133016;Tata Dual Advantage Fund Series 2 Scheme B Plan A Dividend Payout;INF277K01J69;;10.6091;0.0000;0.0000;10-Dec-2015
133007;Tata Dual Advantage Fund Series 2 Scheme B Plan A Growth;INF277K01J51;;10.6091;0.0000;0.0000;10-Dec-2015
133511;Tata Dual Advantage Fund Series 2 Scheme C Direct Plan Dividend Payout;INF277K01M49;;10.5824;0.0000;0.0000;10-Dec-2015
133512;Tata Dual Advantage Fund Series 2 Scheme C Direct Plan Growth;INF277K01M31;;10.5824;0.0000;0.0000;10-Dec-2015
133510;Tata Dual Advantage Fund Series 2 Scheme C Plan A Dividend Payout;INF277K01M23;;10.5197;0.0000;0.0000;10-Dec-2015
133509;Tata Dual Advantage Fund Series 2 Scheme C Plan A Growth;INF277K01M15;;10.5197;0.0000;0.0000;10-Dec-2015
134011;Tata Dual Advantage Fund Series 3 Scheme A Direct Plan Dividend Payout;INF277K01P04;;10.4438;0.0000;0.0000;10-Dec-2015
134009;Tata Dual Advantage Fund Series 3 Scheme A Direct Plan Growth;INF277K01O96;;10.4438;0.0000;0.0000;10-Dec-2015
134010;Tata Dual Advantage Fund Series 3 Scheme A Plan A Dividend Payout;INF277K01O88;;10.3328;0.0000;0.0000;10-Dec-2015
134012;Tata Dual Advantage Fund Series 3 Scheme A Plan A Growth;INF277K01O70;;10.3328;0.0000;0.0000;10-Dec-2015
123155;Tata FMP Series 43 Scheme A - Direct Plan - Dividend Option ( Payout);INF277K01F89;;11.7791;0.0000;0.0000;10-Dec-2015
123156;Tata FMP Series 43 Scheme A - Direct Plan -Growth Option;INF277K01F71;;12.4475;0.0000;0.0000;10-Dec-2015
123157;Tata FMP Series 43 Scheme A- Plan A -Growth Option;INF277K01F55;;12.4183;0.0000;0.0000;10-Dec-2015
123160;Tata FMP Series 43 Scheme B - Direct Plan - Dividend Option ( Payout);INF277K01TP2;;12.6254;0.0000;0.0000;10-Dec-2015
123159;Tata FMP Series 43 Scheme B - Direct Plan -Growth Option;INF277K01TQ0;;12.6254;0.0000;0.0000;10-Dec-2015
123161;Tata FMP Series 43 Scheme B - Plan A -Dividend Option ( Payout);INF277K01TN7;;12.5497;0.0000;0.0000;10-Dec-2015
123158;Tata FMP Series 43 Scheme B- Plan A -Growth Option;INF277K01TO5;;12.5497;0.0000;0.0000;10-Dec-2015
123550;Tata FMP Series 43 Scheme C - Direct Plan - Dividend Option ( Payout);INF277K01G13;;11.2660;0.0000;0.0000;10-Dec-2015
123549;Tata FMP Series 43 Scheme C - Direct Plan -Growth Option;INF277K01G21;;12.4912;0.0000;0.0000;10-Dec-2015
123547;Tata FMP Series 43 Scheme C- Plan A -Growth Option;INF277K01G05;;12.4475;0.0000;0.0000;10-Dec-2015
123553;Tata FMP Series 43 Scheme D - Direct Plan -Growth Option;INF277K01H04;;12.4380;0.0000;0.0000;10-Dec-2015
123554;Tata FMP Series 43 Scheme D - Plan A -Dividend Option ( Payout);INF277K01G70;;11.2213;0.0000;0.0000;10-Dec-2015
123551;Tata FMP Series 43 Scheme D- Plan A -Growth Option;INF277K01G88;;12.3974;0.0000;0.0000;10-Dec-2015
124020;Tata FMP Series 44 Scheme A - Direct Plan -Growth Option;INF277K01I03;;12.3607;0.0000;0.0000;10-Dec-2015
124018;Tata FMP Series 44 Scheme A- Plan A -Growth Option;INF277K01H87;;12.3197;0.0000;0.0000;10-Dec-2015
124024;Tata FMP Series 44 Scheme B - Direct Plan - Dividend Option ( Payout);INF277K01H53;;11.1881;0.0000;0.0000;10-Dec-2015
124025;Tata FMP Series 44 Scheme B - Direct Plan -Growth Option;INF277K01H61;;12.2827;0.0000;0.0000;10-Dec-2015
124023;Tata FMP Series 44 Scheme B - Plan A -Dividend Option ( Payout);INF277K01H38;;11.1745;0.0000;0.0000;10-Dec-2015
124022;Tata FMP Series 44 Scheme B- Plan A -Growth Option;INF277K01H46;;12.2429;0.0000;0.0000;10-Dec-2015
124616;Tata FMP Series 44 Scheme D - Direct Plan -Growth Option;INF277K01S50;;12.0629;0.0000;0.0000;10-Dec-2015
124615;Tata FMP Series 44 Scheme D- Plan A -Growth Option;INF277K01S43;;11.9709;0.0000;0.0000;10-Dec-2015
124805;Tata FMP Series 45 Scheme A - Direct Plan -Growth Option;INF277K01I45;;12.0624;0.0000;0.0000;10-Dec-2015
124806;Tata FMP Series 45 Scheme A - Plan A -Dividend Option ( Payout);INF277K01I11;;11.0306;0.0000;0.0000;10-Dec-2015
124804;Tata FMP Series 45 Scheme A- Plan A -Growth Option;INF277K01I29;;12.0275;0.0000;0.0000;10-Dec-2015
124812;Tata FMP Series 45 Scheme C - Direct Plan -Growth Option;INF277K01K66;;11.9654;0.0000;0.0000;10-Dec-2015
124815;Tata FMP Series 45 Scheme C - Plan A -Dividend Option ( Payout);INF277K01K33;;10.9206;0.0000;0.0000;10-Dec-2015
124814;Tata FMP Series 45 Scheme C- Plan A -Growth Option;INF277K01K41;;11.9290;0.0000;0.0000;10-Dec-2015
126261;Tata FMP Series 45 Scheme D - Direct Plan -Growth Option;INF277K01M07;;11.8222;0.0000;0.0000;10-Dec-2015
126260;Tata FMP Series 45 Scheme D- Plan A -Growth Option;INF277K01L99;;11.7698;0.0000;0.0000;10-Dec-2015
126961;Tata FMP Series 45 Scheme E - Direct Plan - Dividend Option ( Payout);INF277K01N48;;10.6896;0.0000;0.0000;10-Dec-2015
126960;Tata FMP Series 45 Scheme E - Direct Plan -Growth Option;INF277K01N55;;11.7361;0.0000;0.0000;10-Dec-2015
126962;Tata FMP Series 45 Scheme E- Plan A -Growth Option;INF277K01N30;;11.7011;0.0000;0.0000;10-Dec-2015
125525;Tata FMP Series 46 Scheme A-Direct Plan-Dividend Option(Payout);INF277K01K90;;10.6188;0.0000;0.0000;10-Dec-2015
125523;Tata FMP Series 46 Scheme A-Direct Plan-Growth Option;INF277K01L08;;11.9145;0.0000;0.0000;10-Dec-2015
125524;Tata FMP Series 46 Scheme A-Plan A -Growth Option;INF277K01K82;;11.8697;0.0000;0.0000;10-Dec-2015
125526;Tata FMP Series 46 Scheme A-Plan A-Dividend Option(Payout);INF277K01K74;;10.8712;0.0000;0.0000;10-Dec-2015
125566;Tata FMP Series 46 Scheme B - Direct Plan -Growth Option;INF277K01L40;;11.8849;0.0000;0.0000;10-Dec-2015
125565;Tata FMP Series 46 Scheme B - Plan A -Dividend Option ( Payout);INF277K01L16;;10.8444;0.0000;0.0000;10-Dec-2015
125567;Tata FMP Series 46 Scheme B- Plan A -Growth Option;INF277K01L24;;11.8867;0.0000;0.0000;10-Dec-2015
125837;Tata FMP Series 46 Scheme C - Direct Plan -Growth Option;INF277K01WC4;;11.8618;0.0000;0.0000;10-Dec-2015
125836;Tata FMP Series 46 Scheme C - Plan A -Dividend Option ( Payout);INF277K01VZ7;;10.8335;0.0000;0.0000;10-Dec-2015
125835;Tata FMP Series 46 Scheme C- Plan A -Growth Option;INF277K01WA8;;11.8301;0.0000;0.0000;10-Dec-2015
125840;Tata FMP Series 46 Scheme D - Direct Plan -Growth Option;INF277K01S92;;11.8073;0.0000;0.0000;10-Dec-2015
125842;Tata FMP Series 46 Scheme D- Plan A -Growth Option;INF277K01S76;;11.7281;0.0000;0.0000;10-Dec-2015
125845;Tata FMP Series 46 Scheme E - Direct Plan -Growth Option;INF277K01WK7;;12.0984;0.0000;0.0000;10-Dec-2015
125844;Tata FMP Series 46 Scheme E - Plan A -Dividend Option ( Payout);INF277K01WH3;;11.9803;0.0000;0.0000;10-Dec-2015
125843;Tata FMP Series 46 Scheme E- Plan A -Growth Option;INF277K01WI1;;11.9803;0.0000;0.0000;10-Dec-2015
126269;Tata FMP Series 46 Scheme H - Direct Plan - Dividend Option ( Payout);IINF277K01Y4;;11.7846;0.0000;0.0000;10-Dec-2015
126268;Tata FMP Series 46 Scheme H - Direct Plan -Growth Option;INF277K01Y52;;11.7849;0.0000;0.0000;10-Dec-2015
126267;Tata FMP Series 46 Scheme H - Plan A -Dividend Option ( Payout);INF277K01Y29;;11.7462;0.0000;0.0000;10-Dec-2015
126266;Tata FMP Series 46 Scheme H- Plan A -Growth Option;INF277K01Y37;;11.7463;0.0000;0.0000;10-Dec-2015
126272;Tata FMP Series 46 Scheme I - Direct Plan -Growth Option;INF277K01M72;;11.7790;0.0000;0.0000;10-Dec-2015
126270;Tata FMP Series 46 Scheme I- Plan A -Growth Option;INF277K01M64;;11.7463;0.0000;0.0000;10-Dec-2015
126699;Tata FMP Series 46 Scheme K - Direct Plan -Growth Option;INF277K01T26;;11.8452;0.0000;0.0000;10-Dec-2015
126698;Tata FMP Series 46 Scheme K - Plan A -Dividend Option ( Payout);INF277K01T00;;10.5018;0.0000;0.0000;10-Dec-2015
126697;Tata FMP Series 46 Scheme K- Plan A -Growth Option;INF277K01T18;;11.6356;0.0000;0.0000;10-Dec-2015
126965;Tata FMP Series 46 Scheme L - Direct Plan -Growth Option;INF277K01N89;;11.7244;0.0000;0.0000;10-Dec-2015
126964;Tata FMP Series 46 Scheme L - Plan A -Dividend Option ( Payout);INF277K01N63;;10.6759;0.0000;0.0000;10-Dec-2015
126963;Tata FMP Series 46 Scheme L - Plan A -Growth Option;INF277K01N71;;11.6890;0.0000;0.0000;10-Dec-2015
126967;Tata FMP Series 46 Scheme M - Direct Plan - Dividend Option ( Payout);INF277K01T59;;10.5322;0.0000;0.0000;10-Dec-2015
126970;Tata FMP Series 46 Scheme M - Direct Plan -Growth Option;INF277K01T67;;11.6984;0.0000;0.0000;10-Dec-2015
126969;Tata FMP Series 46 Scheme M - Plan A -Dividend Option ( Payout);INF277K01T34;;10.5215;0.0000;0.0000;10-Dec-2015
126968;Tata FMP Series 46 Scheme M - Plan A -Growth Option;INF277K01T42;;11.6209;0.0000;0.0000;10-Dec-2015
126973;Tata FMP Series 46 Scheme N - Direct Plan -Growth Option;INF277K01U07;;11.6491;0.0000;0.0000;10-Dec-2015
126972;Tata FMP Series 46 Scheme N - Plan A -Dividend Option ( Payout);INF277K01T75;;10.5177;0.0000;0.0000;10-Dec-2015
126971;Tata FMP Series 46 Scheme N - Plan A -Growth Option;INF277K01T83;;11.5739;0.0000;0.0000;10-Dec-2015
127302;Tata FMP Series 46 Scheme O - Direct Plan -Growth Option;INF277K01O21;;11.7131;0.0000;0.0000;10-Dec-2015
127301;Tata FMP Series 46 Scheme O - Plan A -Dividend Option ( Payout);INF277K01N97;;10.6481;0.0000;0.0000;10-Dec-2015
127300;Tata FMP Series 46 Scheme O - Plan A -Growth Option;INF277K01O05;;11.6453;0.0000;0.0000;10-Dec-2015
127500;Tata FMP Series 46 Scheme P - Direct Plan -Growth Option;INF277K01O62;;11.7266;0.0000;0.0000;10-Dec-2015
127499;Tata FMP Series 46 Scheme P - Plan A -Dividend Option ( Payout);INF277K01O39;;10.6413;0.0000;0.0000;10-Dec-2015
127498;Tata FMP Series 46 Scheme P - Plan A -Growth Option;INF277K01O47;;11.6781;0.0000;0.0000;10-Dec-2015
127874;Tata FMP Series 46 Scheme Q - Direct Plan - Dividend Option ( Payout);INF277K01U31;;10.5303;0.0000;0.0000;10-Dec-2015
127872;Tata FMP Series 46 Scheme Q - Direct Plan -Growth Option;INF277K01U49;;11.6131;0.0000;0.0000;10-Dec-2015
127873;Tata FMP Series 46 Scheme Q - Plan A -Dividend Option ( Payout);INF277K01U15;;10.5191;0.0000;0.0000;10-Dec-2015
127871;Tata FMP Series 46 Scheme Q - Plan A -Growth Option;INF277K01U23;;11.5380;0.0000;0.0000;10-Dec-2015
128301;Tata FMP Series 46 Scheme R - Direct Plan - Dividend Option ( Payout);INF277K01U72;;10.5350;0.0000;0.0000;10-Dec-2015
128300;Tata FMP Series 46 Scheme R - Direct Plan -Growth Option;INF277K01U80;;11.5817;0.0000;0.0000;10-Dec-2015
128299;Tata FMP Series 46 Scheme R - Plan A -Dividend Option ( Payout);INF277K01U56;;10.5254;0.0000;0.0000;10-Dec-2015
128302;Tata FMP Series 46 Scheme R - Plan A -Growth Option;INF277K01U64;;11.5190;0.0000;0.0000;10-Dec-2015
128312;Tata FMP Series 46 Scheme S - Direct Plan - Dividend Option ( Payout);INF277K01Q52;;10.6325;0.0000;0.0000;10-Dec-2015
128311;Tata FMP Series 46 Scheme S - Direct Plan -Growth Option;INF277K01Q60;;11.6651;0.0000;0.0000;10-Dec-2015
128309;Tata FMP Series 46 Scheme S - Plan A -Growth Option;INF277K01Q45;;11.6285;0.0000;0.0000;10-Dec-2015
127299;Tata FMP Series 46 Scheme T - Direct Plan -Growth Option;INF277K01U98;;11.6875;0.0000;0.0000;10-Dec-2015
127296;Tata FMP Series 46 Scheme T - Plan A -Growth Option;INF277K01V06;;11.6119;0.0000;0.0000;10-Dec-2015
128392;Tata Fixed Maturity Plan Series 47 Scheme A -Direct Plan-Growth;INF277K01P87;;11.5962;0.0000;0.0000;10-Dec-2015
128394;Tata Fixed Maturity Plan Series 47 Scheme A -Plan A -Dividend Payout;INF277K01P53;;10.5897;0.0000;0.0000;10-Dec-2015
128395;Tata Fixed Maturity Plan Series 47 Scheme A -Plan A -Growth;INF277K01P61;;11.5574;0.0000;0.0000;10-Dec-2015
128398;Tata Fixed Maturity Plan Series 47 Scheme C-Direct Plan-Dividend Payout;INF277K01R36;;10.5332;0.0000;0.0000;10-Dec-2015
128396;Tata Fixed Maturity Plan Series 47 Scheme C-Direct Plan-Growth;INF277K01R44;;11.5294;0.0000;0.0000;10-Dec-2015
128399;Tata Fixed Maturity Plan Series 47 Scheme C-Plan A -Dividend Payout;INF277K01R10;;10.5245;0.0000;0.0000;10-Dec-2015
128397;Tata Fixed Maturity Plan Series 47 Scheme C-Plan A -Growth;INF277K01R28;;11.4997;0.0000;0.0000;10-Dec-2015
128400;Tata Fixed Maturity Plan Series 47 Scheme D-Direct Plan-Dividend Payout;INF277K01R77;;10.5337;0.0000;0.0000;10-Dec-2015
128402;Tata Fixed Maturity Plan Series 47 Scheme D-Direct Plan-Growth;INF277K01R85;;11.5978;0.0000;0.0000;10-Dec-2015
128403;Tata Fixed Maturity Plan Series 47 Scheme D-Plan A -Dividend Payout;INF277K01R51;;10.5173;0.0000;0.0000;10-Dec-2015
128401;Tata Fixed Maturity Plan Series 47 Scheme D-Plan A -Growth;INF277K01R69;;11.4945;0.0000;0.0000;10-Dec-2015
128829;Tata Fixed Maturity Plan Series 47 Scheme E Direct Plan Growth;INF277K01V97;;11.5015;0.0000;0.0000;10-Dec-2015
128828;Tata Fixed Maturity Plan Series 47 Scheme E Plan A Dividend Payout;INF277K01V63;;10.4998;0.0000;0.0000;10-Dec-2015
128830;Tata Fixed Maturity Plan Series 47 Scheme E Plan A Growth;INF277K01V71;;11.4728;0.0000;0.0000;10-Dec-2015
129703;Tata FMP Series 47 Scheme M- Plan A -Dividend Option(Payout);INF277K01X20;;10.4492;0.0000;0.0000;10-Dec-2015
129701;Tata FMP Series 47 Scheme M-Direct Plan-Growth;INF277K01X53;;11.4296;0.0000;0.0000;10-Dec-2015
129704;Tata FMP Series 47 Scheme M-Plan A-Growth;INF277K01X38;;11.4091;0.0000;0.0000;10-Dec-2015
129843;Tata FMP Series 47 Scheme N-Direct Plan-Growth Option;INF277K01X79;;11.4029;0.0000;0.0000;10-Dec-2015
129842;Tata FMP Series 47 Scheme N-Plan A -Dividend Option;INF277K01X87;;10.4290;0.0000;0.0000;10-Dec-2015
129841;Tata FMP Series 47 Scheme N-Plan A -Growth Option;INF277K01X95;;11.3770;0.0000;0.0000;10-Dec-2015
129044;Tata FMP Series 47 Scheme F - Direct Plan -Growth Option;INF277K01W39;;11.4943;0.0000;0.0000;10-Dec-2015
129043;Tata FMP Series 47 Scheme F - Plan A -Dividend Option ( Payout);INF277K01W05;;10.4977;0.0000;0.0000;10-Dec-2015
129042;Tata FMP Series 47 Scheme F - Plan A -Growth Option;INF277K01W13;;11.4663;0.0000;0.0000;10-Dec-2015
129218;Tata FMP Series 47 Scheme H - Direct Plan -Growth Option;INF277K01W70;;11.4947;0.0000;0.0000;10-Dec-2015
129217;Tata FMP Series 47 Scheme H - Plan A -Dividend Option ( Payout);INF277K01W47;;10.5203;0.0000;0.0000;10-Dec-2015
129216;Tata FMP Series 47 Scheme H - Plan A -Growth Option;INF277K01W54;;11.4578;0.0000;0.0000;10-Dec-2015
128980;Tata FMP Series 47 Scheme J - Direct Plan - Dividend Option ( Payout);INF277K01S19;;10.5386;0.0000;0.0000;10-Dec-2015
128983;Tata FMP Series 47 Scheme J - Direct Plan -Growth Option;INF277K01S27;;11.5186;0.0000;0.0000;10-Dec-2015
128982;Tata FMP Series 47 Scheme J - Plan A -Dividend Option ( Payout);INF277K01R93;;10.5280;0.0000;0.0000;10-Dec-2015
128981;Tata FMP Series 47 Scheme J - Plan A -Growth Option;INF277K01S01;;11.4848;0.0000;0.0000;10-Dec-2015
129378;Tata FMP Series 47 Scheme I-Direct Plan-Growth;INF277K01X12;;11.4993;0.0000;0.0000;10-Dec-2015
129379;Tata FMP Series 47 Scheme I-Plan A -Dividend Option(Payout);INF277K01W88;;10.5016;0.0000;0.0000;10-Dec-2015
129380;Tata FMP Series 47 Scheme I-Plan A -Growth;INF277K01W96;;11.4777;0.0000;0.0000;10-Dec-2015
129377;Tata FMP Series 47Scheme I-Direct Plan-Dividend Plan-Dividend Option(Payout);INF277K01X04;;10.5104;0.0000;0.0000;10-Dec-2015

Union Mutual Fund
126347;Union Capital Protection Oriented Fund - Series 5 - Direct Plan - Dividend Option;INF582M01BK0;;11.7568;N.A.;N.A.;10-Dec-2015
126346;Union Capital Protection Oriented Fund - Series 5 - Direct Plan - Growth Option;INF582M01BJ2;;11.7568;N.A.;N.A.;10-Dec-2015
126349;Union Capital Protection Oriented Fund - Series 5 - Regular Plan - Dividend Option;INF582M01BH6;;11.6591;N.A.;N.A.;10-Dec-2015
126348;Union Capital Protection Oriented Fund - Series 5 - Regular Plan - Growth Option;INF582M01BG8;;11.6591;N.A.;N.A.;10-Dec-2015
134170;Union Capital Protection Oriented Fund - Series 6 - Direct Plan - Dividend Option;INF582M01CF8;;9.6252;N.A.;N.A.;10-Dec-2015
134171;Union Capital Protection Oriented Fund - Series 6 - Direct Plan - Growth Option;INF582M01CE1;;9.6252;N.A.;N.A.;10-Dec-2015
134169;Union Capital Protection Oriented Fund - Series 6 - Regular Plan - Growth Option;INF582M01CH4;;9.6221;N.A.;N.A.;10-Dec-2015
120797;Union KBC Capital Protection Oriented Fund - Series 2 - Direct Plan - Growth Option;INF582M01609;;12.2081;N.A.;N.A.;10-Dec-2015
120809;Union KBC Capital Protection Oriented Fund - Series 2 - Regular Plan - Dividend Option;INF582M01583;;11.9913;N.A.;N.A.;10-Dec-2015
120808;Union KBC Capital Protection Oriented Fund - Series 2 - Regular Plan - Growth Option;INF582M01575;;11.9913;N.A.;N.A.;10-Dec-2015
122818;Union KBC Capital Protection Oriented Fund - Series 3 - Direct Plan - Dividend Option;INF582M01AM8;;12.0599;N.A.;N.A.;10-Dec-2015
122819;Union KBC Capital Protection Oriented Fund - Series 3 - Direct Plan - Growth Option;INF582M01AL0;;12.0599;N.A.;N.A.;10-Dec-2015
122817;Union KBC Capital Protection Oriented Fund - Series 3 - Regular Plan - Dividend Option;INF582M01AJ4;;11.8810;N.A.;N.A.;10-Dec-2015
122816;Union KBC Capital Protection Oriented Fund - Series 3 - Regular Plan - Growth Option;INF582M01AI6;;11.8810;N.A.;N.A.;10-Dec-2015
125533;Union KBC Capital Protection Oriented Fund - Series 4 - Direct Plan - Dividend Option;INF582M01BB9;;11.6035;N.A.;N.A.;10-Dec-2015
125532;Union KBC Capital Protection Oriented Fund - Series 4 - Direct Plan - Growth Option;INF582M01BA1;;11.6035;N.A.;N.A.;10-Dec-2015
125531;Union KBC Capital Protection Oriented Fund - Series 4 - Regular Plan - Dividend Option;INF582M01BE3;;11.4591;N.A.;N.A.;10-Dec-2015
125534;Union KBC Capital Protection Oriented Fund - Series 4 - Regular Plan - Growth Option;INF582M01BD5;;11.4591;N.A.;N.A.;10-Dec-2015

UTI Mutual Fund
132973;UTI - Capital Protection Oriented Scheme - Series - IV - III (1105 Days) - Growth Option;INF789FA19H5;;10.5887;0;0;10-Dec-2015
132976;UTI - Capital Protection Oriented Scheme - Series IV - III (1105 Days) - Dividend Option - Direct;INF789FA10I2;;10.7607;0;0;10-Dec-2015
132974;UTI - Capital Protection Oriented Scheme - Series IV - III (1105 Days) - Growth Option - Direct;INF789FA11I0;;10.7607;0;0;10-Dec-2015
132975;UTI - Capital Protection Oriented Scheme - Series IV -III (1105 Days) - Dividend Option;INF789FA18H7;;10.5887;0;0;10-Dec-2015
135462;UTI Capital Protection Oriented Scheme Series VI-II ( 1100 Days) - Regular Plan - Growth Option;INF789FB17C8;;10.0487;0;0;10-Dec-2015
135465;UTI Capital Protection Oriented Scheme Series VI-II (1100 DAys ) - Direct Plan - Growth Option;INF789FB19C4;;10.0808;0;0;10-Dec-2015
135464;UTI Capital Protection Oriented Scheme Series VI-II (1100 Days) - Direct Plan - Dividend Option;INF789FB18C6;;10.0808;0;0;10-Dec-2015
135463;UTI Capital Protection Oriented Scheme Series VI-II (1100 Days) - Regular Plan - Dividend Option;INF789FB16C0;;10.0487;0;0;10-Dec-2015
135605;UTI Capital Protection Oriented Scheme Series VI-III (1098 Days) - Direct Plan - Dividend Option;INF789FB16F3;;10.0428;0;0;10-Dec-2015
135604;UTI Capital Protection Oriented Scheme Series VI-III (1098 Days) - Direct Plan - Growth Option;INF789FB17F1;;10.0428;0;0;10-Dec-2015
135603;UTI Capital Protection Oriented Scheme Series VI-III (1098 Days) - Regular Plan - Dividend Option;INF789FB14F8;;10.0244;0;0;10-Dec-2015
135602;UTI Capital Protection Oriented Scheme Series VI-III (1098 Days) - Regular Plan - Growth Option;INF789FB15F5;;10.0244;0;0;10-Dec-2015
135304;UTI Dual Advantage Fixed Term Fund Series II-I (1998 Days) - Direct Plan - Dividend Option;INF789FB1W26;;10.2161;0;0;10-Dec-2015
135302;UTI Dual Advantage Fixed Term Fund Series II-I (1998 Days) - Direct Plan - Growth Option;INF789FB1W34;;10.2162;0;0;10-Dec-2015
135303;UTI Dual Advantage Fixed Term Fund Series II-I (1998 Days) - Regular Plan - Dividend Option;INF789FB1W00;;10.1655;0;0;10-Dec-2015
135301;UTI Dual Advantage Fixed Term Fund Series II-I (1998 Days) - Regular Plan - Growth Option;INF789FB1W18;;10.1655;0;0;10-Dec-2015
135358;UTI Dual Advantage Fixed Term Fund Series II-II (1997 Days) - Direct Plan - Dividend Option;INF789FB1Z49;;10.0941;0;0;10-Dec-2015
135359;UTI Dual Advantage Fixed Term Fund Series II-II (1997 Days) - Direct Plan- Growth Option;INF789FB1Z56;;10.0941;0;0;10-Dec-2015
135357;UTI Dual Advantage Fixed Term Fund Series II-II (1997 days) - Regular Plan - Dividend Option;INF789FB1Z23;;10.0616;0;0;10-Dec-2015
135360;UTI Dual Advantage Fixed Term Fund Series II-II (1997 Days) - Regular Plan - Growth Option;INF789FB1Z31;;10.0616;0;0;10-Dec-2015
135513;UTI Dual Advantage Fixed Term Fund Series II-III (1998 Days) - Direct Plan - Growth Option;INF789FB13E3;;10.0603;0;0;10-Dec-2015
135512;UTI Dual Advantage Fixed Term Fund Series II-III (1998 Days) - Direct Plan - IDCW;INF789FB12E5;;10.0603;0;0;10-Dec-2015
135511;UTI Dual Advantage Fixed Term Fund Series II-III (1998 Days) - Regular Plan - Growth Option;INF789FB11E7;;10.0406;0;0;10-Dec-2015
135510;UTI Dual Advantage Fixed Term Fund Series II-III (1998 Days) - Regular Plan - IDCW;INF789FB10E9;;10.0406;0;0;10-Dec-2015
124596;UTI F I I F-Annual Interval Plan Series - II - Direct Plan - Growth Option;INF789F01VZ1;;20.162;0;0;10-Dec-2015
106339;UTI F I I F-Annual Interval Plan Series - II - Institutional  Growth Option;INF789F01FP5;;16.8677;0;0;10-Dec-2015
106338;UTI F I I F-Annual Interval Plan Series - II - Regular Plan - Growth Option;INF789F01FM2;;20.0863;0;0;10-Dec-2015
124595;UTI FIIF Annual Interval Plan II - Direct Plan - IDCW;INF789F01VX6;INF789F01VY4;10.1306;0;0;10-Dec-2015
106337;UTI FIIF Annual Interval Plan II - Regular Plan - IDCW;INF789F01FK6;INF789F01FL4;10.1212;0;0;10-Dec-2015
126030;UTI FIIF Annual Interval Plan IV - Direct Plan - IDCW;INF789F01WD6;INF789F01WE4;10.179;0;0;10-Dec-2015
107070;UTI FIIF Annual Interval Plan IV - Regular Plan - IDCW;INF789F01FW1;INF789F01FX9;10.1798;0;0;10-Dec-2015
126031;UTI Fixed Interval Income Fund (Annual Interval Plan) Series IV - Direct Plan - Growth Option;INF789F01WF1;;19.2709;0;0;10-Dec-2015
111467;UTI Fixed Interval Income Fund (Annual Interval Plan) Series IV - Instn Growth Option;INF789F01GB3;;15.4334;0;0;10-Dec-2015
107071;UTI Fixed Interval Income Fund (Annual Interval Plan) Series IV - Regular Plan - Growth Option;INF789F01FY7;;19.2031;0;0;10-Dec-2015
107089;UTI FIIF Half Yearly Plan I - Regular Plan - IDCW;INF789F01EY0;INF789F01EZ7;10.0335;0;0;10-Dec-2015
122642;UTI Fixed  Income Interval Fund ( Half Yearly Plan - I) - Direct Plan - Growth Option;INF789F01VT4;;19.2326;0;0;10-Dec-2015
107088;UTI Fixed  Income Interval Fund ( Half Yearly Plan - I) - Regular Plan - Growth Option;INF789F01FA7;;19.1351;0;0;10-Dec-2015
107226;UTI FIIF Half Yearly Plan II - Regular Plan - IDCW;INF789F01HG0;INF789F01HH8;10.3694;0;0;10-Dec-2015
125953;UTI Fixed Income Interval Fund ( Half Yearly Plan-II)- Direct Plan - Growth Option;INF789F01WX4;;18.8898;0;0;10-Dec-2015
107228;UTI Fixed Income Interval Fund ( Half Yearly Plan-II)- Regular Plan - Growth Option;INF789F01HI6;;18.8147;0;0;10-Dec-2015
120970;UTI - Fixed Income Interval Fund - Monthly Interval Plan  - Direct Plan - Growth Option;INF789F01VQ0;;19.8653;0;0;10-Dec-2015
106145;UTI - Fixed Income Interval Fund - Monthly Interval Plan  - Regular Plan - Growth Option;INF789F01EU8;;19.7513;0;0;10-Dec-2015
106549;UTI - Fixed Income Interval Fund - Monthly Interval Plan - Institutional Dividend Option;INF789F01EV6;INF789F01EW4;10.0812;0;0;10-Dec-2015
120975;UTI FIIF Monthly Interval Plan I - Direct Plan - Monthly IDCW;INF789F01VO5;INF789F01VP2;10.0486;0;0;10-Dec-2015
106146;UTI FIIF Monthly Interval Plan I - Regular Plan - Monthly IDCW;INF789F01ES2;INF789F01ET0;10.0521;0;0;10-Dec-2015
120902;UTI FIIF Monthly Interval Plan II - Direct Plan - Monthly IDCW;INF789F01VL1;INF789F01VM9;10.0179;0;0;10-Dec-2015
107195;UTI FIIF Monthly Interval Plan II - Regular Plan - Monthly IDCW;INF789F01EM5;INF789F01EN3;10.0195;0;0;10-Dec-2015
120903;UTI Fixed Income Interval Fund - Monthly Interval Plan II-Direct Plan - Growth Option;INF789F01VN7;;19.0574;0;0;10-Dec-2015
107193;UTI Fixed Income Interval Fund - Monthly Interval Plan II-Regular Plan - Growth Option;INF789F01EO1;;18.9467;0;0;10-Dec-2015
121412;UTI FIIF Quarterly Interval Plan III - Direct Plan - IDCW;INF789F01WJ3;INF789F01WK1;10.0486;0;0;10-Dec-2015
106365;UTI FIIF Quarterly Interval Plan III - Regular Plan - IDCW;INF789F01GI8;INF789F01GJ6;10.0473;0;0;10-Dec-2015
121413;UTI Fixed  Income Interval Fund ( Quarterly Interval Plan - III) - Direct Plan - Growth Option;INF789F01WL9;;19.8552;0;0;10-Dec-2015
106368;UTI Fixed  Income Interval Fund ( Quarterly Interval Plan - III) - Inst Growth Plan;INF789F01GN8;;19.9286;0;0;10-Dec-2015
106366;UTI Fixed  Income Interval Fund ( Quarterly Interval Plan - III) -Regular Plan - Growth Option;INF789F01GK4;;19.7443;0;0;10-Dec-2015
106367;UTI Fixed  Income Interval Fund ( Quarterly Interval Plan -III) - Inst Dividend Plan;INF789F01GL2;INF789F01GM0;10.0473;0;0;10-Dec-2015
121034;UTI F I I F Series II -Quarterly Interval Plan - IV -Direct Plan - Growth Option;INF789F01WO3;;18.3177;0;0;10-Dec-2015
109466;UTI F I I F Series II -Quarterly Interval Plan - IV -Instn. Growth  Option;INF789F01GT5;;15.8219;0;0;10-Dec-2015
109465;UTI F I I F Series II -Quarterly Interval Plan - IV -Regular Plan - Growth Option;INF789F01GQ1;;18.213;0;0;10-Dec-2015
121033;UTI FIIF Sr-2 Quarterly Interval Plan IV - Direct Plan - IDCW;INF789F01WM7;INF789F01WN5;10.1068;0;0;10-Dec-2015
109464;UTI FIIF Sr-2 Quarterly Interval Plan IV - Regular Plan - IDCW;INF789F01GO6;INF789F01GP3;10.1039;0;0;10-Dec-2015
120877;UTI F I I F Series II -Quarterly Interval Plan - VII - Direct Plan - Growth Option;INF789F01VK3;;18.2057;0;0;10-Dec-2015
110468;UTI F I I F Series II -Quarterly Interval Plan - VII - Regular Plan - Growth Option;INF789F01EI3;;18.0997;0;0;10-Dec-2015
120876;UTI FIIF Sr-2 Quarterly Interval Plan VII - Direct Plan - IDCW;INF789F01VI7;INF789F01VJ5;10.1443;0;0;10-Dec-2015
110469;UTI FIIF Sr-2 Quarterly Interval Plan VII - Regular Plan - IDCW;INF789F01EG7;INF789F01EH5;10.1321;0;0;10-Dec-2015
127642;UTI FTIF Series XVII -XV (1825 DAYS)- Annual Div Option;INF789FA1909;INF789FA1917;11.0637;0;0;10-Dec-2015
127648;UTI FTIF Series XVII -XV (1825 DAYS)-Flexi Div Option;INF789FA1941;INF789FA1958;11.5022;0;0;10-Dec-2015
127640;UTI FTIF Series XVII -XV (1825 DAYS)-Growth Option;INF789FA1933;;12.0588;0;0;10-Dec-2015
127641;UTI FTIF Series XVII -XV (1825 DAYS)-Growth Option - Direct;INF789FA1859;;12.2322;0;0;10-Dec-2015
127646;UTI FTIF Series XVII -XV (1825 DAYS)-Maturity Div Option;INF789FA1925;;12.0588;0;0;10-Dec-2015
127644;UTI FTIF Series XVII -XV (1825 DAYS)-Quarterly Div Option;INF789FA1883;INF789FA1891;10.6141;0;0;10-Dec-2015
127645;UTI FTIF Series XVII -XV (1825 DAYS)-Quarterly Div Option - Direct;INF789FA1800;INF789FA1818;10.6329;0;0;10-Dec-2015
128567;UTI FTIF Series XVIII -II (1825 DAYS) - Growth Option - Direct;INF789FA1DV6;;12.0898;0;0;10-Dec-2015
128573;UTI FTIF Series XVIII -II (1825 DAYS)- Growth Option;INF789FA1ED2;;11.9238;0;0;10-Dec-2015
128564;UTI FTIF Series XVIII -II (1825 DAYS)-Annual Div Option;INF789FA1EA8;INF789FA1EB6;10.9934;0;0;10-Dec-2015
128568;UTI FTIF Series XVIII -II (1825 DAYS)-Annual Div Option - Direct;INF789FA1DS2;INF789FA1DT0;11.0582;0;0;10-Dec-2015
128565;UTI FTIF Series XVIII -II (1825 DAYS)-Flexi Div Option;INF789FA1EE0;INF789FA1EF7;11.4249;0;0;10-Dec-2015
128571;UTI FTIF Series XVIII -II (1825 DAYS)-Maturity Div Option;INF789FA1EC4;;11.9242;0;0;10-Dec-2015
128569;UTI FTIF Series XVIII -II (1825 DAYS)-Quarterly Div Option;INF789FA1DY0;INF789FA1DZ7;10.538;0;0;10-Dec-2015
128570;UTI FTIF Series XVIII -II (1825 DAYS)-Quarterly Div Option - Direct;INF789FA1DQ6;INF789FA1DR4;10.5667;0;0;10-Dec-2015
134897;UTI - FTIF Series XXII - V (1099 Days) - Direct Plan - Growth Option;INF789FB1D45;;10.4353;0;0;10-Dec-2015
134896;UTI - FTIF Series XXII-V (1099 Days) -  Regular Plan - Growth Option;INF789FB1D94;;10.3831;0;0;10-Dec-2015
134899;UTI - FTIF Series XXII-V (1099 Days) - Direct Plan - Annual Div Option;INF789FB1D29;;10.4353;0;0;10-Dec-2015
134898;UTI - FTIF Series XXII-V (1099 Days) - Direct Plan - Quarterly Div Option;INF789FB1D60;;10.2055;0;0;10-Dec-2015
134892;UTI - FTIF Series XXII-V (1099 Days) - Regular Plan - Annual Div Option;INF789FB1D78;;10.3831;0;0;10-Dec-2015
134894;UTI - FTIF Series XXII-V (1099 Days) - Regular Plan - Flexi Div Option;INF789FB1D86;;10.3831;0;0;10-Dec-2015
134895;UTI - FTIF Series XXII-V (1099 Days) - Regular Plan - Quarterly Div Option;INF789FB1E10;;10.1837;0;0;10-Dec-2015
135315;UTI FTIF Series XXII-XV (1098 Days) - Direct Plan - Growth Option;INF789FB1X17;;10.2441;0;0;10-Dec-2015
135313;UTI FTIF Series XXII-XV (1098 Days) - Direct Plan - Maturity Div Option;INF789FB1X09;;10.2441;0;0;10-Dec-2015
135310;UTI FTIF Series XXII-XV (1098 Days) - Regular Plan - Annual Div Option;INF789FB1Q81;;10.2073;0;0;10-Dec-2015
135308;UTi FTIF Series XXII-XV (1098 Days) - Regular Plan - Flexi Div Option;INF789FB1W75;;10.2076;0;0;10-Dec-2015
135307;UTI FTIF Series XXII-XV (1098 Days) - Regular Plan - Maturity Div Option;INF789FB1X25;;10.2073;0;0;10-Dec-2015
135309;UTI FTIF Series XXII-XV (1098 Days) - Regular Plan - Quarterly Div Otion;INF789FB1W83;;10.1842;0;0;10-Dec-2015
135306;UTI FTIF Series XXII-XV (1098Days) - Regular Plan - Growth Option;INF789FB1X33;;10.2073;0;0;10-Dec-2015
135364;UTI FTIF Series XXIII-I (1098 Days) - Direct Plan - Annual Div Option;INF789FB1Z72;;10.1793;0;0;10-Dec-2015
135366;UTI FTIF Series XXIII-I (1098 Days) - Direct Plan - Flexi Div Option;INF789FB1Z80;;10.1792;0;0;10-Dec-2015
135363;UTI FTIF Series XXIII-I (1098 Days) - Direct Plan - Growth Option;INF789FB13A1;;10.1791;0;0;10-Dec-2015
135365;UTI FTIF Series XXIII-I (1098 Days) - Direct Plan - Maturity Div Option;INF789FB12A3;;10.1791;0;0;10-Dec-2015
135367;UTI FTIF Series XXIII-I (1098 Days) - Direct Plan - Quarterly Div Option;INF789FB1Z64;;10.1791;0;0;10-Dec-2015
135361;UTI FTIF Series XXIII-I (1098 Days) - Regular Plan - Annual Div Option;INF789FB11A5;;10.1475;0;0;10-Dec-2015
135368;UTI FTIF Series XXIII-I (1098 Days) - Regular Plan - Flexi Div Option;INF789FB1Z98;;10.1474;0;0;10-Dec-2015
135370;UTI FTIF Series XXIII-I (1098 Days) - Regular Plan - Growth Option;INF789FB15A6;;10.1475;0;0;10-Dec-2015
135362;UTI FTIF Series XXIII-I (1098 Days) - Regular Plan - Maturity Div Option;INF789FB14A9;;10.1474;0;0;10-Dec-2015
135369;UTI FTIF Series XXIII-I (1098 Days) - Regular Plan - Quarterly Div Option;INF789FB10A7;;10.1475;0;0;10-Dec-2015
135461;UTI FTIF Series XXIII-II (1100 Days) - Direct Plan - Annual Div Option;INF789FB17A2;;10.1005;0;0;10-Dec-2015
135459;UTI FTIF Series XXIII-II (1100 Days) - Direct Plan - Growth Option;INF789FB13B9;;10.1009;0;0;10-Dec-2015
135457;UTI FTIF Series XXIII-II (1100 Days) - Direct Plan - Maturity Div Option;INF789FB12B1;;10.1009;0;0;10-Dec-2015
135460;UTI FTIF Series XXIII-II (1100 Days) - Direct Plan - Quarterly Div Option;INF789FB16A4;;10.1009;0;0;10-Dec-2015
135453;UTI FTIF Series XXIII-II (1100 Days) - Regular Plan - Annual Div Option;INF789FB11B3;;10.0757;0;0;10-Dec-2015
135456;UTI FTIF Series XXIII-II (1100 Days) - Regular Plan - Flexi Div Option;INF789FB19A8;;10.0755;0;0;10-Dec-2015
135455;UTI FTIF Series XXIII-II (1100 Days) - Regular Plan - Maturity Div Option;INF789FB14B7;;10.0756;0;0;10-Dec-2015
135454;UTI FTIF Series XXIII-II (1100 Days) - Regular Plan - Quarterly Div Option;INF789FB10B5;;10.0757;0;0;10-Dec-2015
135452;UTI FTIF Series XXIII-II (1100 Days)- Regular Plan - Growth Option;INF789FB15B4;;10.0757;0;0;10-Dec-2015
135385;UTI FTIF Series XXIII-III (1098 Days) - Direct Plan - Growth Option;INF789FB13C7;;10.2319;0;0;10-Dec-2015
135384;UTI FTIF Series XXIII-III (1098 Days) - Regular Plan - Growth Option;INF789FB15C2;;10.2293;0;0;10-Dec-2015
135522;UTI FTIF Series XXIII-IV (1100 Days) - Direct Plan - Annual Div Option;INF789FB11D9;;10.072;0;0;10-Dec-2015
135523;UTI FTIF Series XXIII-IV (1100 Days) - Direct Plan - Growth Option;INF789FB17D6;;10.072;0;0;10-Dec-2015
135520;UTI FTIF Series XXIII-IV (1100 Days) - Direct Plan - Maturity Div Option;INF789FB16D8;;10.072;0;0;10-Dec-2015
135519;UTI FTIF Series XXIII-IV (1100 Days) - Direct Plan - Quarterly Div Option;INF789FB10D1;;10.072;0;0;10-Dec-2015
135517;UTI FTIF Series XXIII-IV (1100 Days) - Regular Plan - Annual Div Option;INF789FB15D0;;10.0516;0;0;10-Dec-2015
135514;UTI FTIF Series XXIII-IV (1100 Days) - Regular Plan - Growth Option;INF789FB19D2;;10.0516;0;0;10-Dec-2015
135518;UTI FTIF Series XXIII-IV (1100 Days) - Regular Plan - Maturity Div Option;INF789FB18D4;;10.0516;0;0;10-Dec-2015
135516;UTI FTIF Series XXIII-IV (1100 Days) - Regular Plan - Quarterly Div Option;INF789FB14D3;;10.0516;0;0;10-Dec-2015
135577;UTI FTIF Series XXIII-V (1100 Days) - Direct Plan - Annual Div Option;INF789FB15E8;;10.0361;0;0;10-Dec-2015
135580;UTI FTIF Series XXIII-V (1100 Days) - Direct Plan - Growth Option;INF789FB11F4;;10.036;0;0;10-Dec-2015
135576;UTI FTIF Series XXIII-V (1100 Days) - Direct Plan - Quarterly Div Option;INF789FB14E1;;10.036;0;0;10-Dec-2015
135573;UTI FTIF Series XXIII-V (1100 Days) - Regular Plan - Annual Div Option;INF789FB19E0;;10.0185;0;0;10-Dec-2015
135572;UTI FTIF Series XXIII-V (1100 Days) - Regular Plan - Growth Option;INF789FB13F0;;10.0185;0;0;10-Dec-2015
135574;UTI FTIF Series XXIII-V (1100 Days) - Regular Plan - Maturity Div Option;INF789FB12F2;;10.0185;0;0;10-Dec-2015
135571;UTI FTIF Series XXIII-V (1100 Days) - Regular Plan - Quarterly Div Option;INF789FB18E2;;10.0185;0;0;10-Dec-2015
135647;UTI FTIF Series XXIII-VI (1100 Days)- Direct Plan - Growth Option;INF789FB15G3;;10.025;0;0;10-Dec-2015
135643;UTI FTIF Series XXIII-VI (1100 Days)- Direct Plan - Maturity Div Option;INF789FB14G6;;10.0249;0;0;10-Dec-2015
135645;UTI FTIF Series XXIII-VI (1100 Days)- Direct Plan - Quarterly Div Option;INF789FB18F9;;10.025;0;0;10-Dec-2015
135642;UTI FTIF Series XXIII-VI (1100 Days)- Regular Plan - Annual Div Option;INF789FB13G8;;10.0123;0;0;10-Dec-2015
135641;UTI FTIF Series XXIII-VI (1100 Days)- Regular Plan - Flexi Div Option;INF789FB11G2;;10.0124;0;0;10-Dec-2015
135638;UTI FTIF Series XXIII-VI (1100 Days)- Regular Plan - Growth Option;INF789FB17G9;;10.0123;0;0;10-Dec-2015
135639;UTI FTIF Series XXIII-VI (1100 Days)- Regular Plan - Quarterly Div Option;INF789FB12G0;;10.0123;0;0;10-Dec-2015
135670;UTI FTIF Series XXIII-VII (1098 Days) - Direct Plan - Growth Option;INF789FB15H1;;10.0479;0;0;10-Dec-2015
135668;UTI FTIF Series XXIII-VII (1098 Days) - Regular Plan - Growth Option;INF789FB17H7;;10.0473;0;0;10-Dec-2015
135703;UTI FTIF Series XXIII-VIII (1100 Days)- Direct Plan - Annual Div Option;INF789FB19H3;;9.984;0;0;10-Dec-2015
135698;UTI FTIF Series XXIII-VIII (1100 Days)- Direct Plan - Growth Option;INF789FB15I9;;9.984;0;0;10-Dec-2015
135700;UTI FTIF Series XXIII-VIII (1100 Days)- Direct Plan - Maturity Div Option;INF789FB14I2;;9.984;0;0;10-Dec-2015
135699;UTI FTIF Series XXIII-VIII (1100 Days)- Direct Plan - Quarterly Div Option;INF789FB18H5;;9.984;0;0;10-Dec-2015
135702;UTI FTIF Series XXIII-VIII (1100 Days)- Regular Plan - Annual Div Option;INF789FB13I4;;9.9791;0;0;10-Dec-2015
135704;UTI FTIF Series XXIII-VIII (1100 Days)- Regular Plan - Flexi Div Option;INF789FB11I8;;9.9791;0;0;10-Dec-2015
135697;UTI FTIF Series XXIII-VIII (1100 Days)- Regular Plan - Growth Option;INF789FB17I5;;9.9791;0;0;10-Dec-2015
135701;UTI FTIF Series XXIII-VIII (1100 Days)- Regular Plan - Maturity Div Option;INF789FB16I7;;9.9791;0;0;10-Dec-2015
135705;UTI FTIF Series XXIII-VIII (1100 Days)- Regular Plan - Quarterly Div Option;INF789FB12I6;;9.9791;0;0;10-Dec-2015
106185;UTI Annual Interval Fund - I - ( Instn Growth Option );INF789F01FJ8;;20.6854;0;0;10-Dec-2015
123663;UTI Annual Interval Fund - I - Direct Plan - Dividend Option;INF789F01VU2;INF789F01VV0;10.1835;0;0;10-Dec-2015
123646;UTI Annual Interval Fund - I - Direct Plan - Growth Option;INF789F01VW8;;20.2369;0;0;10-Dec-2015
106183;UTI Annual Interval Fund - I - Regular Plan - Growth Option;INF789F01FG4;;20.1873;0;0;10-Dec-2015
106186;UTI Annual Interval Fund - I - Regular Plan - IDCW;INF789F01FE9;INF789F01FF6;10.177;0;0;10-Dec-2015
125077;UTI Annual Interval Fund - II - Direct Plan - Growth Option;INF789F01WC8;;19.7771;0;0;10-Dec-2015
125078;UTI Annual Interval Fund - II - Direct Plan - IDCW;INF789F01WA2;INF789F01WB0;10.0893;0;0;10-Dec-2015
106707;UTI Annual Interval Fund - II - Regular Plan - Growth Option;INF789F01FS9;;19.7243;0;0;10-Dec-2015
106706;UTI Annual Interval Fund - II - Regular Plan - IDCW;INF789F01FQ3;INF789F01FR1;10.0843;0;0;10-Dec-2015
106709;UTI Fixed Interval Income Fund (Annual Interval Fund)  Series III - Instn Growth Option;INF789F01FV3;;20.2144;0;0;10-Dec-2015
130646;UTI Capital Protection Oriented Scheme - Series IV - I (1103 Days) - Growth Option;INF789FA1TX8;;10.9718;0;0;10-Dec-2015
130647;UTI Capital Protection Oriented Scheme - Series IV - I (1103 Days) - Growth Option - Direct;INF789FA1TZ3;;11.2005;0;0;10-Dec-2015
130649;UTI Capital Protection Oriented Scheme - Series IV -I (1103 Days) - Dividend Option - Direct;INF789FA1TY6;;11.2005;0;0;10-Dec-2015
130648;UTI Capital Protection Oriented Scheme Series IV - I (1103 Days) - Dividend Option;INF789FA1TW0;;10.9718;0;0;10-Dec-2015
131559;UTI Capital Protection Oriented Scheme - Series IV-II (1104 Days) - Dividend Option - Direct;INF789FA1F60;;10.9988;0;0;10-Dec-2015
131560;UTI Capital Protection Oriented Scheme - Series IV-II (1104 Days) - Growth Option - Direct;INF789FA1F78;;10.9988;0;0;10-Dec-2015
131341;UTI Capital Protection Oriented Scheme - Series IV-II (1104 Days)- Dividend Option;INF789FA1F45;;10.8018;0;0;10-Dec-2015
131340;UTI Capital Protection Oriented Scheme - Series IV-II (1104 Days)- Growth Option;INF789FA1F52;;10.8018;0;0;10-Dec-2015
133573;UTI Capital Protection Oriented Scheme - Series V-I (1163 Days) - Dividend Option;INF789FB1916;;10.3755;0;0;10-Dec-2015
133574;UTI Capital Protection Oriented Scheme - Series V-I (1163 Days) - Dividend Option - Direct;INF789FB1932;;10.5252;0;0;10-Dec-2015
133575;UTI Capital Protection Oriented Scheme - Series V-I (1163 Days) - Growth Option;INF789FB1924;;10.3755;0;0;10-Dec-2015
133576;UTI Capital Protection Oriented Scheme - Series V-I (1163 Days) - Growth Option - Direct;INF789FB1940;;10.5252;0;0;10-Dec-2015
135257;UTI Capital Protection Oriented Scheme - Series VI-I (1098 Days) - Direct Plan - Dividend Option;INF789FB1U85;;10.2216;0;0;10-Dec-2015
135254;UTI Capital Protection Oriented Scheme - Series VI-I (1098 Days) - Regular Plan - Dividend Option;INF789FB1U69;;10.1806;0;0;10-Dec-2015
135255;UTI Capital Protection Oriented Scheme - Series VI-I (1098 Days) - Regular Plan - Growth Option;INF789FB1U77;;10.1806;0;0;10-Dec-2015
135256;UTI Capital Protection Oriented Scheme Series - VI-I (1098 Days) - Direct Plan - Growth Option;INF789FB1U93;;10.2216;0;0;10-Dec-2015
134166;UTI Capital Protection Oriented Scheme Series V-II (1135 Days) - Dividend Option;INF789FB1CJ2;;10.3871;0;0;10-Dec-2015
134164;UTI Capital Protection Oriented Scheme Series V-II (1135 Days) - Dividend Option - Direct;INF789FB1CL8;;10.5204;0;0;10-Dec-2015
134167;UTI Capital Protection Oriented Scheme Series V-II (1135 Days) - Growth Option;INF789FB1CK0;;10.3871;0;0;10-Dec-2015
134165;UTI Capital Protection Oriented Scheme Series V-II (1135 Days) - Growth Option - Direct;INF789FB1CM6;;10.5204;0;0;10-Dec-2015
133424;UTI Dual Advantage Fixed Term Fund Series I - I (1100 Days) - Growth Option - Direct;INF789FB1866;;10.5411;0;0;10-Dec-2015
133421;UTI Dual Advantage Fixed Term Fund Series I -I (1100 Days) - Dividend Option;INF789FB1833;;10.3969;0;0;10-Dec-2015
133422;UTI Dual Advantage Fixed Term Fund Series I- I (1100 Days) - Dividend Option - Direct;INF789FB1858;;10.5411;0;0;10-Dec-2015
133423;UTI Dual Advantage Fixed Term Fund Series I-I (1100 Days) - Growth Option;INF789FB1841;;10.3969;0;0;10-Dec-2015
133735;UTI Dual Advantage Fixed Term Fund Series I - II (1145 Days) - Dividend Option - Direct;INF789FB1BB1;;10.5182;0;0;10-Dec-2015
133737;UTI Dual Advantage Fixed Term Fund Series I -II (1145 Days) - Growth Option - Direct;INF789FB1BC9;;10.5182;0;0;10-Dec-2015
133734;UTI Dual Advantage Fixed Term Fund Series I- II (1145 Days) - Dividend Option;INF789FB1AZ2;;10.3889;0;0;10-Dec-2015
133736;UTI Dual Advantage Fixed Term Fund Series I-II (1145 Days) - Growth Option;INF789FB1BA3;;10.3889;0;0;10-Dec-2015
134214;UTI Dual Advantage Fixed Term Fund Series I-III (1111 Days) - Dividend Option;INF789FB1EH2;;10.3636;0;0;10-Dec-2015
134213;UTI Dual Advantage Fixed Term Fund Series I-III (1111 Days) - Dividend Option - Direct;INF789FB1EJ8;;10.485;0;0;10-Dec-2015
134211;UTI Dual Advantage Fixed Term Fund Series I-III (1111 Days) - Growth Option;INF789FB1EI0;;10.3636;0;0;10-Dec-2015
134212;UTI Dual Advantage Fixed Term Fund Series I-III (1111 Days) - Growth Option - Direct;INF789FB1EK6;;10.485;0;0;10-Dec-2015
134217;UTI Dual Advantage Fixed Term Fund Series I-IV (1099 Days) - Direct Plan - Dividend Option;INF789FB1FR8;;10.4951;0;0;10-Dec-2015
134215;UTI Dual Advantage Fixed Term Fund Series I-IV (1099 Days) - Direct Plan - Growth Option;INF789FB1FS6;;10.4951;0;0;10-Dec-2015
134216;UTI Dual Advantage Fixed Term Fund Series I-IV (1099 Days) - Regular Plan - Dividend Option;INF789FB1FP2;;10.3722;0;0;10-Dec-2015
134218;UTI Dual Advantage Fixed Term Fund Series I-IV (1099 Days) - Regular Plan -Growth Option;INF789FB1FQ0;;10.3722;0;0;10-Dec-2015
134519;UTI Dual Advantage Fixed Term Fund Series I-V (1099 Days) - Direct Plan - Dividend Option;INF789FB1QQ7;;10.3573;0;0;10-Dec-2015
134518;UTI Dual Advantage Fixed Term Fund Series I-V (1099 Days) - Direct Plan - Growth Option;INF789FB1QR5;;10.3573;0;0;10-Dec-2015
134521;UTI Dual Advantage Fixed Term Fund Series I-V (1099 Days) - Regular Plan - Dividend Option;INF789FB1QO2;;10.2582;0;0;10-Dec-2015
134520;UTI Dual Advantage Fixed Term Fund Series I-V (1099 Days) - Regular Plan - Growth Option;INF789FB1QP9;;10.2582;0;0;10-Dec-2015
130249;UTI FTIF Series XIX - III (368 Days) - Growth Option - Direct;INF789FB1B54;;11.3706;0;0;10-Dec-2015
130241;UTI FTIF Series XIX - III (368 Days)- Annual Div Option;INF789FB1ZN5;INF789FB1ZQ8;10.4132;0;0;10-Dec-2015
130240;UTI FTIF Series XIX - III (368 Days)- Growth  Option;INF789FB1ZY2;;11.3479;0;0;10-Dec-2015
130259;UTI FTIF Series XIX - IV (366 Days) - Flexi Div Option;INF789FB1C46;INF789FB1C53;10.4107;0;0;10-Dec-2015
130253;UTI FTIF Series XIX - IV (366 Days) - Growth Option - Direct;INF789FB1YS7;;11.3609;0;0;10-Dec-2015
130251;UTI FTIF Series XIX - IV (366 Days) - Quarterly Div Option;INF789FB1B70;INF789FB1B96;10.1971;0;0;10-Dec-2015
130254;UTI FTIF Series XIX - IV (366 Days)- Annual Div Option;INF789FB1C12;INF789FB1C20;10.411;0;0;10-Dec-2015
130250;UTI FTIF Series XIX - IV (366 Days)- Growth Option;INF789FB1C61;;11.3383;0;0;10-Dec-2015
130257;UTI FTIF Series XIX - IV (366 Days)- Maturity Div Option - Direct;INF789FB1D11;;10.4209;0;0;10-Dec-2015
130464;UTI FTIF Series XIX - IX (369 Days) - Annual Div Option - Direct;INF789FA1RM5;INF789FA1RN3;10.3775;0;0;10-Dec-2015
130458;UTI FTIF Series XIX - IX (369 Days) - Growth Option;INF789FA1RX2;;11.3005;0;0;10-Dec-2015
130462;UTI FTIF Series XIX - IX (369 Days) - Growth Option - Direct;INF789FA1RP8;;11.3217;0;0;10-Dec-2015
130468;UTI FTIF Series XIX - IX (369 Days) - Maturity Div Option;INF789FA1RW4;;10.3686;0;0;10-Dec-2015
130463;UTI FTIF Series XIX - IX (369 Days)- Annual Div Option;INF789FA1RU8;INF789FA1RV6;10.3686;0;0;10-Dec-2015
130357;UTI FTIF Series XIX - V (1095 Days) - Growth Option;INF789FA1PL1;;11.4509;0;0;10-Dec-2015
130375;UTI FTIF Series XIX - V (1095 Days) - Growth Option - Direct;INF789FA1PD8;;11.5778;0;0;10-Dec-2015
130380;UTI FTIF Series XIX - V (1095 Days) - Maturity Div Option - Direct;INF789FA1PC0;;11.5778;0;0;10-Dec-2015
130377;UTI FTIF Series XIX - V (1095 Days) - Quarterly Div Option;INF789FA1PG1;INF789FA1PH9;10.2798;0;0;10-Dec-2015
130376;UTI FTIF Series XIX - V (1095 Days)- Annual Div Option;INF789FA1PI7;INF789FA1PJ5;10.7323;0;0;10-Dec-2015
130383;UTI FTIF Series XIX - V (1095 Days)- Annual Div Option - Direct;INF789FA1PA4;INF789FA1PB2;10.7903;0;0;10-Dec-2015
130381;UTI FTIF Series XIX - V (1095 Days)- Flexi Div Option;INF789FA1PM9;INF789FA1PN7;11.1939;0;0;10-Dec-2015
130379;UTI FTIF Series XIX - V (1095 Days)- Maturity Div Option;INF789FA1PK3;;11.451;0;0;10-Dec-2015
130378;UTI FTIF Series XIX - V (1095 Days)- Quarterly Div Option - Direct;;;10.2968;0;0;10-Dec-2015
130360;UTI FTIF Series XIX - VI (366 Days) - Growth Option;INF789FB1ZE4;;11.322;0;0;10-Dec-2015
130385;UTI FTIF Series XIX - VI (366 Days) - Maturity Div Option;INF789FB1ZB0;;10.396;0;0;10-Dec-2015
130390;UTI FTIF Series XIX - VI (366 Days) - Maturity Div Option - Direct;INF789FB1ZK1;;10.4062;0;0;10-Dec-2015
130387;UTI FTIF Series XIX - VI (366 Days)- Growth Option - Direct;INF789FB1ZP0;;11.3441;0;0;10-Dec-2015
130362;UTI FTIF Series XIX - VII (1095 Days ) - Growth Option - Direct;INF789FA1QJ3;;11.5627;0;0;10-Dec-2015
130361;UTI FTIF Series XIX - VII (1095 Days) - Growth Option;INF789FA1QR6;;11.4798;0;0;10-Dec-2015
130397;UTI FTIF Series XIX - VII (1095 Days) - Maturity Div Option;INF789FA1QQ8;;11.4795;0;0;10-Dec-2015
130398;UTI FTIF Series XIX - VII (1095 Days) - Maturity Div Option - Direct;INF789FA1QI5;;11.5624;0;0;10-Dec-2015
130396;UTI FTIF Series XIX - VII (1095 Days) - Quarterly Div Option - Direct;INF789FA1QE4;INF789FA1QF1;10.3125;0;0;10-Dec-2015
130393;UTI FTIF Series XIX - VII (1095 Days)- Annual Div Option;INF789FA1QO3;INF789FA1QP0;10.7662;0;0;10-Dec-2015
130395;UTI FTIF Series XIX - VII (1095 Days)- Quarterly Div Option;INF789FA1QM7;INF789FA1QN5;10.322;0;0;10-Dec-2015
130363;UTI FTIF Series XIX - VIII ( 368 Days )- Growth Option;INF789FA1RH5;;11.3182;0;0;10-Dec-2015
130370;UTI FTIF Series XIX - VIII (368 Days) - Growth Option - Direct;INF789FA1QZ9;;11.3402;0;0;10-Dec-2015
130367;UTI FTIF Series XIX - VIII (368 Days) - Maturity Div Option;INF789FA1RG7;;10.3878;0;0;10-Dec-2015
130693;UTI FTIF Series XIX - X (367 Days) - Annual Div Option;INF789FA1SK7;INF789FA1SL5;10.3691;0;0;10-Dec-2015
130582;UTI FTIF Series XIX - X (367 Days) - Growth Option;INF789FA1SN1;;11.2884;0;0;10-Dec-2015
130692;UTI FTIF Series XIX - X (367 Days) - Growth Option - Direct;INF789FA1SF7;;11.3095;0;0;10-Dec-2015
130698;UTI FTIF Series XIX - X (367 Days) - Quarterly Div Option;INF789FA1SI1;INF789FA1SJ9;10.205;0;0;10-Dec-2015
130670;UTI FTIF Series XIX - XI (366 Days) - Annual Div Option;INF789FA1TA6;INF789FA1TB4;10.3584;0;0;10-Dec-2015
130668;UTI FTIF Series XIX - XI (366 Days) - Growth Option;INF789FA1TD0;;11.2751;0;0;10-Dec-2015
130669;UTI FTIF Series XIX - XI (366 Days) - Growth Option - Direct;INF789FA1SV4;;11.2961;0;0;10-Dec-2015
130674;UTI FTIF Series XIX - XI (366 Days) - Maturity Div Option - Direct;INF789FA1SU6;;10.3673;0;0;10-Dec-2015
130679;UTI FTIF Series XIX - XII (366 Days) - Annual Div Option;INF789FA1TQ2;INF789FA1TR0;10.3386;0;0;10-Dec-2015
130678;UTI FTIF Series XIX - XII (366 Days) - Growth Option;INF789FA1TT6;;11.2666;0;0;10-Dec-2015
130685;UTI FTIF Series XIX - XII (366 Days) - Growth Option - Direct;INF789FA1TL3;;11.2874;0;0;10-Dec-2015
131206;UTI FTIF Series XIX - XIX (1101 Days) - Annual Div Option;INF789FA1YY6;INF789FA1YZ3;10.7308;0;0;10-Dec-2015
131207;UTI FTIF Series XIX - XIX (1101 Days) - Annual Div Option - Direct;INF789FA1YQ2;INF789FA1YR0;10.769;0;0;10-Dec-2015
131211;UTI FTIF Series XIX - XIX (1101 Days) - Flexi Div Option;INF789FA1ZC9;INF789FA1ZD7;11.2001;0;0;10-Dec-2015
131080;UTI FTIF Series XIX - XIX (1101 Days) - Growth Option;INF789FA1ZB1;;11.2834;0;0;10-Dec-2015
131213;UTI FTIF Series XIX - XIX (1101 Days) - Growth Option - Direct;INF789FA1YT6;;11.3566;0;0;10-Dec-2015
131210;UTI FTIF Series XIX - XIX (1101 Days) - Maturity Div Option;INF789FA1ZA3;;11.2834;0;0;10-Dec-2015
131208;UTI FTIF Series XIX - XIX (1101 Days) - Quarterly Div Option;INF789FA1YW0;INF789FA1YX8;10.2858;0;0;10-Dec-2015
131209;UTI FTIF Series XIX - XIX (1101 Days) - Quarterly Div Option - Direct;INF789FA1YO7;INF789FA1YP4;10.2969;0;0;10-Dec-2015
131072;UTI FTIF Series XIX - XV (1101 Days) - Annual Div Option;INF789FA1VQ8;INF789FA1VR6;10.7333;0;0;10-Dec-2015
131073;UTI FTIF Series XIX - XV (1101 Days) - Annual Div Option - Direct;INF789FA1VI5;INF789FA1VJ3;10.7719;0;0;10-Dec-2015
131074;UTI FTIF Series XIX - XV (1101 Days) - Flexi Div Option;INF789FA1VU0;INF789FA1VV8;11.1989;0;0;10-Dec-2015
130808;UTI FTIF Series XIX - XV (1101 Days) - Growth Option;INF789FA1VT2;;11.3265;0;0;10-Dec-2015
131071;UTI FTIF Series XIX - XV (1101 Days) - Growth Option - Direct;INF789FA1VL9;;11.4023;0;0;10-Dec-2015
131068;UTI FTIF Series XIX - XV (1101 Days) - Maturity Div Option;INF789FA1VS4;;11.3265;0;0;10-Dec-2015
131070;UTI FTIF Series XIX - XV (1101 Days) - Quarterly Div Option;INF789FA1VO3;INF789FA1VP0;10.2874;0;0;10-Dec-2015
131067;UTI FTIF Series XIX - XV (1101 Days) - Quarterly Div Option - Direct;INF789FA1VG9;INF789FA1VH7;10.2987;0;0;10-Dec-2015
131154;UTI FTIF Series XIX - XVIII (1105 Days) - Annual Div Option;INF789FA1XM3;INF789FA1XN1;10.7517;0;0;10-Dec-2015
131155;UTI FTIF Series XIX - XVIII (1105 Days) - Annual Div Option - Direct;INF789FA1XE0;INF789FA1XF7;10.7903;0;0;10-Dec-2015
131157;UTI FTIF Series XIX - XVIII (1105 Days) - Flexi Div Option;INF789FA1XQ4;INF789FA1XR2;11.212;0;0;10-Dec-2015
130979;UTI FTIF Series XIX - XVIII (1105 Days) - Growth Option - Direct;INF789FA1XH3;;11.3992;0;0;10-Dec-2015
131153;UTI FTIF Series XIX - XVIII (1105 Days) - Maturity Div Option;INF789FA1XO9;;11.3238;0;0;10-Dec-2015
131159;UTI FTIF Series XIX - XVIII (1105 Days) - Quarterly Div Option;INF789FA1XK7;INF789FA1XL5;10.3109;0;0;10-Dec-2015
131156;UTI FTIF Series XIX - XVIII (1105 Days) - Quarterly Div Option  -Direct;INF789FA1XC4;INF789FA1XD2;10.3222;0;0;10-Dec-2015
130980;UTI FTIF Series XIX -XVIII (1105 Days) - Growth Option;INF789FA1XP6;;11.3238;0;0;10-Dec-2015
131100;UTI FTIF Series XIX - XX (1099 Days) - Annual Div Option;INF789FA1A08;INF789FA1A16;10.7366;0;0;10-Dec-2015
131081;UTI FTIF Series XIX - XX (1099 Days) - Growth Option;INF789FA1A32;;11.2622;0;0;10-Dec-2015
131107;UTI FTIF Series XIX - XX (1099 Days) - Growth Option - Direct;INF789FA1ZV9;;11.348;0;0;10-Dec-2015
131105;UTI FTIF Series XIX - XX (1099 Days) - Maturity Div Option;INF789FA1A24;;11.2622;0;0;10-Dec-2015
131108;UTI FTIF Series XIX - XX (1099 Days) - Quarterly Div Option;INF789FA1ZY3;INF789FA1ZZ0;10.2967;0;0;10-Dec-2015
130128;UTI FTIF Series XIX- I (369 Days) - Annual Div Option - Direct;INF789FB1XX9;INF789FB1XY7;10.4263;0;0;10-Dec-2015
130131;UTI FTIF Series XIX- I (369 Days) - Growth Option;INF789FB1XU5;;11.3553;0;0;10-Dec-2015
130129;UTI FTIF Series XIX- I (369 Days) - Maturity Div Option;INF789FB1XR1;;10.4157;0;0;10-Dec-2015
130125;UTI FTIF Series XIX- I (369 Days)- Growth Option - Direct;INF789FB1YC1;;11.3783;0;0;10-Dec-2015
130135;UTI FTIF Series XIX- II (368 Days) - Growth Option;INF789FB1YL2;;11.3632;0;0;10-Dec-2015
130136;UTI FTIF Series XIX- II (368 Days) - Growth Option -Direct;INF789FB1ZA2;;11.3861;0;0;10-Dec-2015
123123;UTI FTIF Series XV -VIII (368 DAYS) - Annual Div Option;INF789FA1YA6;INF789FA1YB4;10.6852;0;0;10-Dec-2015
123121;UTI FTIF Series XV -VIII (368 DAYS) - Growth Option;INF789FA1YD0;;12.4067;0;0;10-Dec-2015
123122;UTI FTIF Series XV -VIII (368 DAYS) - Growth Option - Direct;INF789FA1YJ7;;12.4299;0;0;10-Dec-2015
123128;UTI FTIF Series XV -VIII (368 DAYS) - Quarterly Div Option;INF789FA1XY8;INF789FA1XZ5;10.2468;0;0;10-Dec-2015
123124;UTI FTIF Series XV -VIII (368 DAYS) - Quarterly Div Option - Direct;INF789FA1YE8;INF789FA1YF5;10.2491;0;0;10-Dec-2015
123665;UTI FTIF Series XV -X (368 DAYS) - Annual Div Option- Direct;INF789FA1ZM8;INF789FA1ZN6;10.7031;0;0;10-Dec-2015
123666;UTI FTIF Series XV -X (368 DAYS) - Growth Option;INF789FA1ZJ4;;12.3748;0;0;10-Dec-2015
123667;UTI FTIF Series XV -X (368 DAYS) - Growth Option -Direct;INF789FA1ZP1;;12.4037;0;0;10-Dec-2015
123671;UTI FTIF Series XV -X (368 DAYS) - Maturity Div Option - Direct;INF789FA1ZO4;;11.2828;0;0;10-Dec-2015
123888;UTI FTIF Series XVI - I (366 DAYS) - Growth Option;INF789FA1B31;;12.4313;0;0;10-Dec-2015
123896;UTI FTIF Series XVI - I (366 DAYS) - Growth Option - Direct;INF789FA1C14;;12.4537;0;0;10-Dec-2015
123916;UTI FTIF Series XVI - II (1100 DAYS) - Annual Div Option;INF789F01V04;INF789F01V12;10.9467;0;0;10-Dec-2015
123917;UTI FTIF Series XVI - II (1100 DAYS) - Annual Div Option - Direct;INF789F01V87;INF789F01V95;10.9796;0;0;10-Dec-2015
123924;UTI FTIF Series XVI - II (1100 DAYS) - Flexi Div Option;INF789F01V38;INF789F01V46;11.4028;0;0;10-Dec-2015
123922;UTI FTIF Series XVI - II (1100 DAYS) - Growth Option;INF789F01V53;;12.4585;0;0;10-Dec-2015
123923;UTI FTIF Series XVI - II (1100 DAYS) - Growth Option - Direct;INF789F01W37;;12.5789;0;0;10-Dec-2015
123918;UTI FTIF Series XVI - II (1100 DAYS) - Quarterly Div Option;INF789F01U88;INF789F01U96;10.5204;0;0;10-Dec-2015
123919;UTI FTIF Series XVI - II (1100 DAYS) - Quarterly Div Option - Direct;INF789F01V61;INF789F01V79;10.5302;0;0;10-Dec-2015
123935;UTI FTIF Series XVI - III (368 DAYS) - Annual Div Option;INF789FA1C48;INF789FA1C55;10.6796;0;0;10-Dec-2015
123931;UTI FTIF Series XVI - III (368 DAYS) - Annual Div Option - Direct;INF789FA1D05;INF789FA1D13;10.6875;0;0;10-Dec-2015
123928;UTI FTIF Series XVI - III (368 DAYS) - Flexi Div Option;INF789FA1B15;INF789FA1B23;11.2249;0;0;10-Dec-2015
123934;UTI FTIF Series XVI - III (368 DAYS) - Growth Option;INF789FA1C71;;12.3943;0;0;10-Dec-2015
123930;UTI FTIF Series XVI - III (368 DAYS) - Growth Option - Direct;INF789FA1D39;;12.4353;0;0;10-Dec-2015
123927;UTI FTIF Series XVI - III (368 DAYS) - Maturity Div Option - Direct;INF789FA1D21;;11.2391;0;0;10-Dec-2015
123932;UTI FTIF Series XVI - III (368 DAYS) - Quarterly Div Option;INF789FA1C22;INF789FA1C30;10.2324;0;0;10-Dec-2015
124563;UTI FTIF Series XVI - IV (369 DAYS) - Annual Div Option - Direct;INF789FA1G85;INF789FA1G93;10.7075;0;0;10-Dec-2015
124560;UTI FTIF Series XVI - IV (369 DAYS) - Growth Option;INF789FA1G51;;12.2995;0;0;10-Dec-2015
124555;UTI FTIF Series XVI - IV (369 DAYS) - Growth Option - Direct;INF789FA1H35;;12.346;0;0;10-Dec-2015
124564;UTI FTIF Series XVI - IV (369 DAYS) - Maturity Div Option;INF789FA1G28;;11.1977;0;0;10-Dec-2015
124558;UTI FTIF Series XVI - IV (369 DAYS) - Quarterly Div Option - Direct;INF789FA1G69;INF789FA1G77;10.2552;0;0;10-Dec-2015
125089;UTI FTIF Series XVI - IX (368 DAYS) - Growth Option;INF789FA19I3;;12.0298;0;0;10-Dec-2015
125090;UTI FTIF Series XVI - IX (368 DAYS) - Growth Option - Direct;INF789FA17J5;;12.0555;0;0;10-Dec-2015
125093;UTI FTIF Series XVI - IX (368 DAYS) - Quarterly Div Option;INF789FA12I8;INF789FA13I6;10.196;0;0;10-Dec-2015
124674;UTI FTIF Series XVI - V (731 DAYS) - Quarterly Div Option - Direct;INF789F014A2;INF789F015A9;10.1962;0;0;10-Dec-2015
124672;UTI FTIF Series XVI - V (731 DAYS)- Annual Div Option - Direct;INF789F016A7;INF789F017A5;10.1973;0;0;10-Dec-2015
124675;UTI FTIF Series XVI - V (731 DAYS)- Growth Option;INF789F013A4;;12.2042;0;0;10-Dec-2015
124673;UTI FTIF Series XVI - V (731 DAYS)- Growth Option - Direct;INF789F011B6;;12.3418;0;0;10-Dec-2015
124676;UTI FTIF Series XVI - V (731 DAYS)- Maturity Div Option;INF789F010A0;;10.1841;0;0;10-Dec-2015
124677;UTI FTIF Series XVI - V (731 DAYS)- Quarterly Div Option;INF789F01Z67;INF789F01Z75;10.192;0;0;10-Dec-2015
124929;UTI FTIF Series XVI - VII (366 DAYS) - Annual Div Option;INF789FA1Y42;INF789FA1Y59;10.5903;0;0;10-Dec-2015
124925;UTI FTIF Series XVI - VII (366 DAYS) - Growth Option - Direct;INF789FA1Z74;;12.2055;0;0;10-Dec-2015
124932;UTI FTIF Series XVI - VII (366 DAYS) -Flexi Div Option;INF789FA1Y75;INF789FA1Y83;11.099;0;0;10-Dec-2015
124924;UTI FTIF Series XVI - VII (366 DAYS) -Growth Option;INF789FA1Y91;;12.1203;0;0;10-Dec-2015
124931;UTI FTIF Series XVI - VII (366 DAYS) -Quarterly Div Option;INF789FA1Y26;INF789FA1Y34;10.2244;0;0;10-Dec-2015
124949;UTI FTIF Series XVI - VIII (368 DAYS)- Growth Option - Direct;INF789FA15E0;;12.0968;0;0;10-Dec-2015
124942;UTI FTIF Series XVI - VIII (368 DAYS)-Growth Option;INF789FA17D8;;12.0462;0;0;10-Dec-2015
124945;UTI FTIF Series XVI - VIII (368 DAYS)-Quarterly Div Option;INF789FA10D3;INF789FA11D1;10.196;0;0;10-Dec-2015
125377;UTI FTIF Series XVI - X (369 DAYS) - Growth Option;INF789FA15O9;;11.9546;0;0;10-Dec-2015
125372;UTI FTIF Series XVI - X (369 DAYS) - Growth Option - Direct;INF789FA13O4;;11.9917;0;0;10-Dec-2015
125378;UTI FTIF Series XVI - X (369 DAYS) - Quarterly Div Option;INF789FA12N8;INF789FA14N4;10.2012;0;0;10-Dec-2015
125552;UTI FTIF Series XVII - I (369 DAYS) - Annual Div Option;INF789FA12X7;INF789FA13X5;10.6207;0;0;10-Dec-2015
125551;UTI FTIF Series XVII - I (369 DAYS) - Growth Option;INF789FA17X6;;11.8824;0;0;10-Dec-2015
125554;UTI FTIF Series XVII - I (369 DAYS) - Growth Option - Direct;INF789FA15Y8;;11.9248;0;0;10-Dec-2015
125558;UTI FTIF Series XVII - I (369 DAYS) - Maturity Div Option;INF789FA14X3;;10.8783;0;0;10-Dec-2015
125556;UTI FTIF Series XVII - I (369 DAYS) - Quarterly Div Option;INF789FA10X1;INF789FA11X9;10.1881;0;0;10-Dec-2015
125555;UTI FTIF Series XVII - I (369 DAYS) - Quarterly Div Option - Direct;INF789FA18X4;INF789FA19X2;10.1904;0;0;10-Dec-2015
126320;UTI FTIF Series XVII - IV (531 DAYS) - Annual Div Option;INF789FB1WZ6;INF789FB1XA7;10.4139;0;0;10-Dec-2015
126321;UTI FTIF Series XVII - IV (531 DAYS) - Annual Div Option - Direct;INF789FB1XH2;INF789FB1XI0;10.4258;0;0;10-Dec-2015
126319;UTI FTIF Series XVII - IV (531 DAYS) - Growth Option;INF789FB1XE9;;11.8268;0;0;10-Dec-2015
126323;UTI FTIF Series XVII - IV (531 DAYS) - Growth Option - Direct;INF789FB1XM2;;11.9;0;0;10-Dec-2015
126317;UTI FTIF Series XVII - IV (531 DAYS) - Maturity Div Option - Direct;INF789FB1XJ8;;10.4251;0;0;10-Dec-2015
126314;UTI FTIF Series XVII - IV (531 DAYS) - Quarterly Div Option;INF789FB1WX1;INF789FB1WY9;10.1909;0;0;10-Dec-2015
126315;UTI FTIF Series XVII - IV (531 DAYS) - Quarterly Div Option - Direct;INF789FB1XF6;INF789FB1XG4;10.1956;0;0;10-Dec-2015
126782;UTI FTIF Series XVII -IX (466 DAYS)-Flexi Div Option - Direct;INF789FB1TH0;INF789FB1TI8;10.5016;0;0;10-Dec-2015
126783;UTI FTIF Series XVII -IX (466 DAYS)-Growth Option;INF789FB1TA5;;11.7626;0;0;10-Dec-2015
126784;UTI FTIF Series XVII -IX (466 DAYS)-Growth Option - Direct;INF789FB1TJ6;;11.8051;0;0;10-Dec-2015
126787;UTI FTIF Series XVII -IX (466 DAYS)-Quarterly Div Option;INF789FB1SU5;INF789FB1SV3;10.1947;0;0;10-Dec-2015
126788;UTI FTIF Series XVII -IX (466 DAYS)-Quarterly Div Option - Direct;INF789FB1TB3;INF789FB1TC1;10.1992;0;0;10-Dec-2015
126652;UTI FTIF Series XVII -VII (465 DAYS)) - Annual Div Option;INF789FB1US5;INF789FB1UT3;10.485;0;0;10-Dec-2015
126645;UTI FTIF Series XVII -VII (465 DAYS)- Growth Option;INF789FB1UX5;;11.727;0;0;10-Dec-2015
126646;UTI FTIF Series XVII -VII (465 DAYS)- Growth Option - Direct;INF789FB1VG8;;11.7776;0;0;10-Dec-2015
126654;UTI FTIF Series XVII -VII (465 DAYS)- Quarterly Div Option;INF789FB1UQ9;INF789FB1UR7;10.2004;0;0;10-Dec-2015
126647;UTI FTIF Series XVII -VII (465 DAYS)- Quarterly Div Option - Direct;INF789FB1VA1;INF789FB1VB9;10.2056;0;0;10-Dec-2015
126656;UTI FTIF Series XVII -VIII (1096 DAYS)- Annual Div Option;INF789F016U5;INF789F017U3;10.7625;0;0;10-Dec-2015
126663;UTI FTIF Series XVII -VIII (1096 DAYS)- Maturity Div Option - Direct;INF789F016V3;;11.9582;0;0;10-Dec-2015
126657;UTI FTIF Series XVII -VIII (1096 DAYS)-Annual Div Option - Direct;INF789F014V8;INF789F015V5;10.7932;0;0;10-Dec-2015
126661;UTI FTIF Series XVII -VIII (1096 DAYS)-Flexi Div Option;INF789F010V6;INF789F011V4;11.215;0;0;10-Dec-2015
126664;UTI FTIF Series XVII -VIII (1096 DAYS)-Flexi Div Option - Direct;INF789F018V9;INF789F019V7;11.269;0;0;10-Dec-2015
126655;UTI FTIF Series XVII -VIII (1096 DAYS)-Growth Option;INF789F019U9;;11.8685;0;0;10-Dec-2015
126662;UTI FTIF Series XVII -VIII (1096 DAYS)-Growth Option - Direct;INF789F017V1;;11.9582;0;0;10-Dec-2015
126660;UTI FTIF Series XVII -VIII (1096 DAYS)-Maturity Div Option;INF789F018U1;;11.8684;0;0;10-Dec-2015
126658;UTI FTIF Series XVII -VIII (1096 DAYS)-Quarterly Div Option;INF789F014U0;INF789F015U7;10.3161;0;0;10-Dec-2015
126659;UTI FTIF Series XVII -VIII (1096 DAYS)-Quarterly Div Option - Direct;INF789F012V2;INF789F013V0;10.3252;0;0;10-Dec-2015
127118;UTI FTIF Series XVII -X (1152 DAYS)-Annual Div Option - Direct;INF789FB1BN6;INF789FB1BO4;10.632;0;0;10-Dec-2015
127115;UTI FTIF Series XVII -X (1152 DAYS)-Growth Option;INF789FB1BK2;;11.7278;0;0;10-Dec-2015
127116;UTI FTIF Series XVII -X (1152 DAYS)-Growth Option - Direct;INF789FB1BS5;;11.7731;0;0;10-Dec-2015
127119;UTI FTIF Series XVII -X (1152 DAYS)-Quarterly Div Option;INF789FB1BD7;INF789FB1BE5;10.1983;0;0;10-Dec-2015
127210;UTI FTIF Series XVII -XI (430 DAYS)- Annual Div Option;INF789FB1NH3;INF789FB1NI1;10.5097;0;0;10-Dec-2015
127216;UTI FTIF Series XVII -XI (430 DAYS)-Growth Option;INF789FB1NL5;;11.6702;0;0;10-Dec-2015
127209;UTI FTIF Series XVII -XI (430 DAYS)-Growth Option - Direct;INF789FB1NT8;;11.726;0;0;10-Dec-2015
127453;UTI FTIF Series XVII - XII (1148 DAYS)- Annual Div Option;INF789FA1503;INF789FA1511;10.844;0;0;10-Dec-2015
127445;UTI FTIF Series XVII - XII (1148 DAYS)-Annual Div Option - Direct;INF789FA1586;INF789FA1594;10.8692;0;0;10-Dec-2015
127452;UTI FTIF Series XVII - XII (1148 DAYS)-Growth Option;INF789FA1537;;11.9251;0;0;10-Dec-2015
127444;UTI FTIF Series XVII - XII (1148 DAYS)-Growth Option - Direct;INF789FA1610;;11.9942;0;0;10-Dec-2015
127446;UTI FTIF Series XVII - XII (1148 DAYS)-Quarterly Div Option;INF789FA1487;INF789FA1495;10.3851;0;0;10-Dec-2015
127447;UTI FTIF Series XVII - XII (1148 DAYS)-Quarterly Div Option - Direct;INF789FA1560;INF789FA1578;10.3922;0;0;10-Dec-2015
127460;UTI FTIF Series XVII - XIII (369 DAYS)-Growth Option;INF789FB1CA1;;11.7147;0;0;10-Dec-2015
127461;UTI FTIF Series XVII - XIII (369 DAYS)-Growth Option - Direct;INF789FB1CI4;;11.7659;0;0;10-Dec-2015
127467;UTI FTIF Series XVII - XIII (369 DAYS)-Maturity Div Option;INF789FB1BX5;;10.7021;0;0;10-Dec-2015
127630;UTI FTIF Series XVII -XIV (423 DAYS)- Growth Option;INF789FB1OB4;;11.6266;0;0;10-Dec-2015
127631;UTI FTIF Series XVII -XIV (423 DAYS)-Growth Option - Direct;INF789FB1OJ7;;11.6989;0;0;10-Dec-2015
127634;UTI FTIF Series XVII -XIV (423 DAYS)-Quarterly Div Option;INF789FB1NU6;INF789FB1NV4;10.2004;0;0;10-Dec-2015
128277;UTI FTIF Series XVII -XIX (398 DAYS) - Growth Option;INF789FB1MH5;;11.5714;0;0;10-Dec-2015
128286;UTI FTIF Series XVII -XIX (398 DAYS) - Growth Option - Direct;INF789FB1MP8;;11.6334;0;0;10-Dec-2015
128282;UTI FTIF Series XVII -XIX (398 DAYS)-Maturity Div Option;INF789FB1ME2;;10.5171;0;0;10-Dec-2015
127819;UTI FTIF Series XVII -XVI (367 DAYS)- Annual Div Option;INF789FA1AG3;INF789FA1AH1;10.6544;0;0;10-Dec-2015
127815;UTI FTIF Series XVII -XVI (367 DAYS)- Growth Option;INF789FA1AJ7;;11.6653;0;0;10-Dec-2015
127817;UTI FTIF Series XVII -XVI (367 DAYS)-Flexi Div Option;INF789FA1AK5;INF789FA1AL3;10.6553;0;0;10-Dec-2015
127816;UTI FTIF Series XVII -XVI (367 DAYS)-Growth Option - Direct;INF789FA1AB4;;11.7219;0;0;10-Dec-2015
128127;UTI FTIF Series XVII -XVII (395 DAYS)-Growth Option;INF789FB1LB0;;11.5955;0;0;10-Dec-2015
128132;UTI FTIF Series XVII -XVII (395 DAYS)-Growth Option - Direct;INF789FB1LJ3;;11.6587;0;0;10-Dec-2015
128130;UTI FTIF Series XVII -XVII (395 DAYS)-Maturity Div Option;INF789FB1KY4;;10.5453;0;0;10-Dec-2015
128137;UTI FTIF Series XVII -XVIII (796 DAYS)-Growth Option;INF789FA1BP2;;11.7532;0;0;10-Dec-2015
128138;UTI FTIF Series XVII -XVIII (796 DAYS)-Growth Option - Direct;INF789FA1BH9;;11.8047;0;0;10-Dec-2015
128140;UTI FTIF Series XVII -XVIII (796 DAYS)-Quarterly Div Option;INF789FA1BK3;INF789FA1BL1;10.346;0;0;10-Dec-2015
128287;UTI FTIF Series XVII -XX (369 DAYS)-Growth Option;INF789FB1HH5;;11.5885;0;0;10-Dec-2015
128295;UTI FTIF Series XVII -XX (369 DAYS)-Growth Option - Direct;INF789FB1HP8;;11.6444;0;0;10-Dec-2015
128290;UTI FTIF Series XVII -XX (369 DAYS)-Quarterly Div Option - Direct;INF789FB1HI3;INF789FB1HJ1;10.1949;0;0;10-Dec-2015
129590;UTI FTIF Series XVIII - IX (733 Days) - Annual Div Option;INF789FA1JE9;INF789FA1JF6;10.7223;0;0;10-Dec-2015
129591;UTI FTIF Series XVIII - IX (733 Days) - Annual Div Option - Direct;INF789FA1IW3;INF789FA1IX1;10.7415;0;0;10-Dec-2015
129598;UTI FTIF Series XVIII - IX (733 Days) - Flexi Div Option;INF789FA1JI0;INF789FA1JJ8;11.1759;0;0;10-Dec-2015
129592;UTI FTIF Series XVIII - IX (733 Days) - Growth Option;INF789FA1JH2;;11.5517;0;0;10-Dec-2015
129593;UTI FTIF Series XVIII - IX (733 Days) - Growth Option - Direct;INF789FA1IZ6;;11.598;0;0;10-Dec-2015
129596;UTI FTIF Series XVIII - IX (733 Days) - Maturity Div Option;INF789FA1JG4;;11.5517;0;0;10-Dec-2015
129594;UTI FTIF Series XVIII - IX (733 Days) - Quarterly Div Option;INF789FA1JC3;INF789FA1JD1;10.2754;0;0;10-Dec-2015
129544;UTI FTIF Series XVIII - VIII ( 366 days ) - Annual Div Option;INF789FB1PS5;INF789FB1PT3;10.4934;0;0;10-Dec-2015
129549;UTI FTIF Series XVIII - VIII (366 Days) - Growth Option - Direct;INF789FB1QF0;;11.4781;0;0;10-Dec-2015
129547;UTI FTIF Series XVIII - VIII (366 Days) - Quarterly Div Option;INF789FB1PQ9;INF789FB1PR7;10.1949;0;0;10-Dec-2015
129550;UTI FTIF Series XVIII - VIII (366 days)- Growth Option;INF789FB1PX5;;11.4416;0;0;10-Dec-2015
129602;UTI FTIF Series XVIII - X (366 Days) - Annual Div Option;INF789FB1SG4;INF789FB1SH2;10.4843;0;0;10-Dec-2015
129600;UTI FTIF Series XVIII - X (366 Days) - Annual Div Option - Direct;INF789FB1SO8;INF789FB1SP5;10.4961;0;0;10-Dec-2015
129601;UTI FTIF Series XVIII - X (366 Days) - Growth Option;INF789FB1SL4;;11.4378;0;0;10-Dec-2015
129603;UTI FTIF Series XVIII - X (366 Days) - Growth Option - Direct;INF789FB1ST7;;11.4735;0;0;10-Dec-2015
129604;UTI FTIF Series XVIII - X (366 Days) - Quarterly Div Option;INF789FB1SE9;INF789FB1SF6;10.1941;0;0;10-Dec-2015
129823;UTI FTIF Series XVIII - XI (1095  Days) - Maturity Div Option;INF789FA1JW1;;11.6036;0;0;10-Dec-2015
129820;UTI FTIF Series XVIII - XI (1095 Days) - Annual Div Option - Direct;INF789FA1JM2;INF789FA1JN0;10.8998;0;0;10-Dec-2015
129817;UTI FTIF Series XVIII - XI (1095 Days) - Growth Option;INF789FA1JX9;;11.6037;0;0;10-Dec-2015
129818;UTI FTIF Series XVIII - XI (1095 Days) - Growth Option - Direct;INF789FA1JP5;;11.6953;0;0;10-Dec-2015
129821;UTI FTIF Series XVIII - XI (1095 Days) - Quarterly Div Option;INF789FA1JS9;INF789FA1JT7;10.4551;0;0;10-Dec-2015
129822;UTI FTIF Series XVIII - XI (1095 Days) - Quarterly Div Option -Direct;INF789FA1JK6;INF789FA1JL4;10.4667;0;0;10-Dec-2015
129819;UTI FTIF Series XVIII - XI (1095 Days) -Annual Div Option;INF789FA1JU5;INF789FA1JV3;10.8604;0;0;10-Dec-2015
129827;UTI FTIF Series XVIII - XII (366 Days) - Growth Option;INF789FB1TR9;;11.4146;0;0;10-Dec-2015
129834;UTI FTIF Series XVIII - XII (366 Days) - Growth Option - Direct;INF789FB1TZ2;;11.4383;0;0;10-Dec-2015
129833;UTI FTIF Series XVIII - XII (366 Days) - Maturity Div Option - Direct;INF789FB1TW9;;10.4748;0;0;10-Dec-2015
130075;UTI FTIF Series XVIII - XIV(368 Days) - Annual Div Option;INF789FB1VT1;INF789FB1VU9;10.4383;0;0;10-Dec-2015
130079;UTI FTIF Series XVIII - XIV(368 Days) - Growth Option;INF789FB1VY1;;11.377;0;0;10-Dec-2015
130081;UTI FTIF Series XVIII - XIV(368 Days) - Growth Option - Direct;INF789FB1WG6;;11.4118;0;0;10-Dec-2015
130080;UTI FTIF Series XVIII- XIV(368 Days) - Quarterly Div Option;INF789FB1VR5;INF789FB1VS3;10.1908;0;0;10-Dec-2015
130091;UTI FTIF Series XVIII - XV (366 Days) - Annual Div Option;INF789FB1WJ0;INF789FB1WK8;10.4319;0;0;10-Dec-2015
130089;UTI FTIF Series XVIII - XV (366 Days) - Growth Option;INF789FB1WO0;;11.3719;0;0;10-Dec-2015
130090;UTI FTIF Series XVIII - XV (366 Days) - Growth Option - Direct;INF789FB1WW3;;11.395;0;0;10-Dec-2015
130093;UTI FTIF Series XVIII - XV (366 Days) - Quarterly Div Option;INF789FB1WH4;INF789FB1WI2;10.1935;0;0;10-Dec-2015
130068;UTI FTIF Series XVIII - XIII (366 Days) - Annual Div Option;INF789FB1UC9;INF789FB1UD7;10.4458;0;0;10-Dec-2015
130065;UTI FTIF Series XVIII - XIII(366 Days) - Growth Option;INF789FB1UH8;;11.3865;0;0;10-Dec-2015
130066;UTI FTIF Series XVIII - XIII(366 Days) - Growth Option - Direct;INF789FB1UP1;;11.4098;0;0;10-Dec-2015
130072;UTI FTIF Series XVIII - XIII(366 Days) - Maturity Div Option - Direct;INF789FB1UM8;;10.4571;0;0;10-Dec-2015
130070;UTI FTIF Series XVIII - XIII(366 Days) - Quarterly Div Option - Direct;INF789FB1UI6;INF789FB1UJ4;10.1958;0;0;10-Dec-2015
128559;UTI FTIF Series XVIII -I (400 DAYS)-Annual Div Option;INF789FB1PC9;INF789FB1PD7;10.4912;0;0;10-Dec-2015
128557;UTI FTIF Series XVIII -I (400 DAYS)-Growth Option;INF789FB1PH8;;11.5292;0;0;10-Dec-2015
128558;UTI FTIF Series XVIII -I (400 DAYS)-Growth Option - Direct;INF789FB1PJ4;;11.5898;0;0;10-Dec-2015
128554;UTI FTIF Series XVIII -I (400 DAYS)-Quarterly Div Option;INF789FB1PA3;INF789FB1PB1;10.1953;0;0;10-Dec-2015
128662;UTI FTIF Series XVIII -III (367 DAYS) - Growth Option - Direct;INF789FB1GZ9;;11.6228;0;0;10-Dec-2015
128661;UTI FTIF Series XVIII -III (367 DAYS)- Growth Option;INF789FB1GQ8;;11.5676;0;0;10-Dec-2015
128667;UTI FTIF Series XVIII -III (367 DAYS)-Annual Div Option - Direct;INF789FB1GT2;INF789FB1GU0;10.6315;0;0;10-Dec-2015
128876;UTI FTIF Series XVIII -IV (366 DAYS) - Growth Option - Direct;INF789FB1IF7;;11.5872;0;0;10-Dec-2015
128885;UTI FTIF Series XVIII -IV (366 DAYS)- Growth Option;INF789FB1HX2;;11.5665;0;0;10-Dec-2015
128878;UTI FTIF Series XVIII -IV (366 DAYS)-Annual Div Option - Direct;INF789FB1IA8;INF789FB1IB6;10.6112;0;0;10-Dec-2015
129257;UTI FTIF Series XVIII -V (370 DAYS) - Growth Option - Direct;INF789FB1LZ9;;11.5189;0;0;10-Dec-2015
129256;UTI FTIF Series XVIII -V (370 DAYS)- Growth Option;INF789FB1LR6;;11.4933;0;0;10-Dec-2015
129258;UTI FTIF Series XVIII -V (370 DAYS)-Annual Div Option;INF789FB1LM7;INF789FB1LN5;10.5332;0;0;10-Dec-2015
129259;UTI FTIF Series XVIII -V (370 DAYS)-Annual Div Option - Direct;INF789FB1LU0;INF789FB1LV8;10.5461;0;0;10-Dec-2015
129260;UTI FTIF Series XVIII -V (370 DAYS)-Quarterly Div Option;INF789FB1LK1;INF789FB1LL9;10.1978;0;0;10-Dec-2015
129261;UTI FTIF Series XVIII -V (370 DAYS)-Quarterly Div Option - Direct;INF789FB1LS4;INF789FB1LT2;10.203;0;0;10-Dec-2015
129266;UTI FTIF Series XVIII -VI (367 DAYS) - Growth Option - Direct;INF789FB1NE0;;11.4964;0;0;10-Dec-2015
129274;UTI FTIF Series XVIII -VI (367 DAYS)- Growth Option;INF789FB1MW4;;11.453;0;0;10-Dec-2015
129267;UTI FTIF Series XVIII -VI (367 DAYS)-Annual Div Option;INF789FB1MR4;INF789FB1MS2;10.5141;0;0;10-Dec-2015
129271;UTI FTIF Series XVIII -VI (367 DAYS)-Maturity Div Option;INF789FB1MT0;;10.5139;0;0;10-Dec-2015
129272;UTI FTIF Series XVIII -VI (367 DAYS)-Maturity Div Option - Direct;INF789FB1NB6;;10.5272;0;0;10-Dec-2015
129269;UTI FTIF Series XVIII -VI (367 DAYS)-Quarterly Div Option;INF789FB1MQ6;INF789FB1QM6;10.1955;0;0;10-Dec-2015
129276;UTI FTIF Series XVIII -VII (368 DAYS) - Growth Option - Direct;INF789FB1OZ3;;11.4927;0;0;10-Dec-2015
129283;UTI FTIF Series XVIII -VII (368 DAYS)- Growth Option;INF789FB1OR0;;11.4675;0;0;10-Dec-2015
129277;UTI FTIF Series XVIII -VII (368 DAYS)-Annual Div Option;INF789FB1OM1;INF789FB1ON9;10.5033;0;0;10-Dec-2015
129281;UTI FTIF Series XVIII -VII (368 DAYS)-Flexi Div Option;INF789FB1OP4;INF789FB1OQ2;10.5027;0;0;10-Dec-2015
129279;UTI FTIF Series XVIII -VII (368 DAYS)-Maturity Div Option;INF789FB1OO7;;10.5026;0;0;10-Dec-2015
129285;UTI FTIF Series XVIII -VII (368 DAYS)-Quarterly Div Option;INF789FB1OK5;INF789FB1OL3;10.1955;0;0;10-Dec-2015
131246;UTI FTIF Series XX - I (1099 Days) - Annual Div Option;INF789FA1E87;INF789FA1E95;10.7303;0;0;10-Dec-2015
131245;UTI FTIF Series XX - I (1099 Days) - Growth Option;INF789FA1F11;;11.2168;0;0;10-Dec-2015
131253;UTI FTIF Series XX - I (1099 Days) - Growth Option - Direct;INF789FA1E38;;11.2999;0;0;10-Dec-2015
131250;UTI FTIF Series XX - I (1099 Days) - Maturity Div Option;INF789FA1F03;;11.2169;0;0;10-Dec-2015
131248;UTI FTIF Series XX - I (1099 Days) - Quarterly Div Option;INF789FA1E61;INF789FA1E79;10.2873;0;0;10-Dec-2015
131249;UTI FTIF Series XX - I (1099 Days) - Quarterly Div Option - Direct;INF789FA1D88;INF789FA1D96;10.3008;0;0;10-Dec-2015
131565;UTI FTIF Series XX - II (1103 Days) - Annual Div Option;INF789FA1I42;INF789FA1I59;10.7202;0;0;10-Dec-2015
131572;UTI FTIF Series XX - II (1103 Days) - Annual Div Option -Direct;INF789FA1H68;INF789FA1H76;10.7662;0;0;10-Dec-2015
131446;UTI FTIF Series XX - II (1103 Days) - Growth Option;INF789FA1I75;;11.184;0;0;10-Dec-2015
131573;UTI FTIF Series XX - II (1103 Days) - Growth Option -Direct;INF789FA1H92;;11.2654;0;0;10-Dec-2015
131568;UTI FTIF Series XX - II (1103 Days) - Maturity Div Option;INF789FA1I67;;11.184;0;0;10-Dec-2015
131569;UTI FTIF Series XX - II (1103 Days) - Maturity Div Option - Direct;INF789FA1H84;;11.2655;0;0;10-Dec-2015
131566;UTI FTIF Series XX - II (1103 Days) - Quarterly Div Option;INF789FA1I26;INF789FA1I34;10.2752;0;0;10-Dec-2015
131567;UTI FTIF Series XX - II (1103 Days) - Quarterly Div Option - Direct;INF789FA1H43;INF789FA1H50;10.2887;0;0;10-Dec-2015
132774;UTI FTIF Series XX - III (1100 Days) - Annual Div Option;INF789FA1X68;INF789FA1X76;10.6921;0;0;10-Dec-2015
132779;UTI FTIF Series XX - III (1100 Days) - Annual Div Option - Direct;INF789FA1W85;INF789FA1W93;10.7381;0;0;10-Dec-2015
132777;UTI FTIF Series XX - III (1100 Days) - Flexi Div Option;INF789FA1Y00;INF789FA1Y18;11.1358;0;0;10-Dec-2015
131447;UTI FTIF Series XX - III (1100 Days) - Growth Option;INF789FA1X92;;11.1357;0;0;10-Dec-2015
131448;UTI FTIF Series XX - III (1100 Days) - Growth Option - Direct;INF789FA1X19;;11.2147;0;0;10-Dec-2015
132781;UTI FTIF Series XX - III (1100 Days) - Maturity Div Option;INF789FA1X84;;11.1357;0;0;10-Dec-2015
132780;UTI FTIF Series XX - III (1100 Days) - Quarterly Div Option;INF789FA1X43;INF789FA1X50;10.2455;0;0;10-Dec-2015
133076;UTI FTIF Series XX - IX (1104 Days) - Annual Div Option;INF789FA14M6;INF789FA15M3;10.6004;0;0;10-Dec-2015
133078;UTI FTIF Series XX - IX (1104 Days) - Annual Div Option - Direct;INF789FA16L3;INF789FA17L1;10.6459;0;0;10-Dec-2015
133070;UTI FTIF Series XX - IX (1104 Days) - Growth Option;INF789FA17M9;;10.9148;0;0;10-Dec-2015
133071;UTI FTIF Series XX - IX (1104 Days) - Growth Option - Direct;INF789FA19L7;;10.9844;0;0;10-Dec-2015
133074;UTI FTIF Series XX - IX (1104 Days) - Maturity Div Option - Direct;INF789FA18L9;;10.985;0;0;10-Dec-2015
133072;UTI FTIF Series XX - IX (1104 Days) - Quarterly Div Option;INF789FA12M0;INF789FA13M8;10.1991;0;0;10-Dec-2015
133073;UTI FTIF Series XX - IX (1104 Days) - Quarterly Div Option - Direct;INF789FA14L8;INF789FA15L5;10.2125;0;0;10-Dec-2015
132817;UTI FTIF Series XX - V (1100 Days) - Annual Div Option;INF789FA14C7;INF789FA15C4;10.6467;0;0;10-Dec-2015
132812;UTI FTIF Series XX - V (1100 Days) - Annual Div Option - Direct;INF789FA16B4;INF789FA17B2;10.6926;0;0;10-Dec-2015
132816;UTI FTIF Series XX - V (1100 Days) - Flexi Div Option;INF789FA18C8;INF789FA19C6;11.0594;0;0;10-Dec-2015
132819;UTI FTIF Series XX - V (1100 Days) - Flexi Div Option - Direct;INF789FA10C5;INF789FA11C3;11.1366;0;0;10-Dec-2015
132810;UTI FTIF Series XX - V (1100 Days) - Growth Option;INF789FA17C0;;11.0597;0;0;10-Dec-2015
132811;UTI FTIF Series XX - V (1100 Days) - Growth Option - Direct;INF789FA19B8;;11.1365;0;0;10-Dec-2015
132814;UTI FTIF Series XX - V (1100 Days) - Maturity Div Option;INF789FA16C2;;11.0597;0;0;10-Dec-2015
132815;UTI FTIF Series XX - V (1100 Days) - Maturity Div Option - Direct;INF789FA18B0;;11.137;0;0;10-Dec-2015
132818;UTI FTIF Series XX - V (1100 Days) - Quarterly Div Option;INF789FA12C1;INF789FA13C9;10.2066;0;0;10-Dec-2015
132813;UTI FTIF Series XX - V (1100 Days) - Quarterly Div Option - Direct;INF789FA14B9;INF789FA15B6;10.22;0;0;10-Dec-2015
132822;UTI FTIF Series XX - VI (1100 Days) - Annual Div Option  -Direct;INF789FA18E4;INF789FA19E2;10.8379;0;0;10-Dec-2015
132826;UTI FTIF Series XX - VI (1100 Days) - Flexi Div Option;INF789FA10G6;INF789FA11G4;11.0009;0;0;10-Dec-2015
132827;UTI FTIF Series XX - VI (1100 Days) - Growth Option;INF789FA19F9;;11.0009;0;0;10-Dec-2015
132820;UTI FTIF Series XX - VI (1100 Days) - Growth Option - Direct;INF789FA11F6;;11.0749;0;0;10-Dec-2015
132828;UTI FTIF Series XX - VI (1100 Days) - Maturity Div Option;INF789FA18F1;;11.0009;0;0;10-Dec-2015
132825;UTI FTIF Series XX - VI (1100 Days) - Maturity Div Option - Direct;INF789FA10F8;;11.075;0;0;10-Dec-2015
132824;UTI FTIF series XX - VI (1100 Days) - Quarterly Div Option - Direct;INF789FA16E8;INF789FA17E6;10.2088;0;0;10-Dec-2015
132821;UTI FTIF Series XX - VI (1100 Days) - Regular Plan - Annual Div Option;INF789FA16F5;INF789FA17F3;10.6284;0;0;10-Dec-2015
132823;UTI FTIF Series XX - VI (1100 Days)- Quarterly Div Option;INF789FA14F0;INF789FA15F7;10.1943;0;0;10-Dec-2015
132965;UTI FTIF Series XX - VII (1103 Days) - Annual Div Option;INF789FA12H0;INF789FA13H8;10.6111;0;0;10-Dec-2015
132972;UTI FTIF Series XX - VII (1103 Days) - Flexi Div Option;INF789FA16H1;INF789FA17H9;10.949;0;0;10-Dec-2015
132963;UTI FTIF Series XX - VII (1103 Days) - Growth Option;INF789FA15H3;;10.9488;0;0;10-Dec-2015
132964;UTI FTIF Series XX - VII (1103 Days) - Growth Option - Direct;INF789FA17G1;;11.0197;0;0;10-Dec-2015
132966;UTI FTIF Series XX - VII (1103 Days) - Quarterly Div Option;INF789FA10H4;INF789FA11H2;10.2003;0;0;10-Dec-2015
133100;UTI FTIF Series XX - X (1105 Days) - Annual Div Option - Direct;INF789FA16O7;INF789FA17O5;10.6507;0;0;10-Dec-2015
133092;UTI FTIF Series XX - X (1105 Days) - Growth Option;INF789FA18P0;;10.9593;0;0;10-Dec-2015
133093;UTI FTIF Series XX - X (1105 Days) - Growth Option - Direct;INF789FA10P7;;10.9768;0;0;10-Dec-2015
133094;UTI FTIF Series XX - X (1105 Days) - Maturity Div Option;INF789FA19P8;;10.9594;0;0;10-Dec-2015
133159;UTI FTIF Series XX - XI (1100 Days) - Annual Div Option;INF789FA10R3;INF789FA11R1;10.6076;0;0;10-Dec-2015
133149;UTI FTIF Series XX - XI (1100 Days) - Annual Div Option - Direct;INF789FA12Q1;INF789FA13Q9;10.6533;0;0;10-Dec-2015
133156;UTI FTIF Series XX - XI (1100 Days) - Growth Option;INF789FA14R5;;10.8763;0;0;10-Dec-2015
133157;UTI FTIF Series XX - XI (1100 Days) - Growth Option - Direct;INF789FA16Q2;;10.9433;0;0;10-Dec-2015
133152;UTI FTIF Series XX - XI (1100 Days) - Maturity Div Option;INF789FA15R2;;10.8763;0;0;10-Dec-2015
133153;UTI FTIF Series XX - XI (1100 Days) - Maturity Div Option - Direct;INF789FA17Q0;;10.9434;0;0;10-Dec-2015
133150;UTI FTIF Series XX - XI (1100 Days) - Quarterly Div Option;INF789FA16R0;INF789FA17R8;10.1997;0;0;10-Dec-2015
133151;UTI FTIF Series XX - XI (1100 Days) - Quarterly Div Option - Direct;INF789FA18Q8;INF789FA19Q6;10.2129;0;0;10-Dec-2015
133336;UTI FTIF Series XX - XII (1103 Days) - Annual Div Option;INF789FA16S8;INF789FA17S6;10.6333;0;0;10-Dec-2015
133337;UTI FTIF Series XX - XII (1103 Days) - Annual Div Option - Direct;INF789FA18R6;INF789FA19R4;10.6723;0;0;10-Dec-2015
133342;UTI FTIF Series XX - XII (1103 Days) - Flexi Div Option;INF789FA18S4;INF789FA19S2;10.884;0;0;10-Dec-2015
133334;UTI FTIF Series XX - XII (1103 Days) - Growth Option;INF789FA10T9;;10.884;0;0;10-Dec-2015
133335;UTI FTIF Series XX - XII (1103 Days) - Growth Option - Direct;INF789FA12S7;;10.9495;0;0;10-Dec-2015
133340;UTI FTIF Series XX - XII (1103 Days) - Maturity Div Option;INF789FA11T7;;10.8843;0;0;10-Dec-2015
133341;UTI FTIF Series XX - XII (1103 Days) - Maturity Div Option - Direct;INF789FA13S5;;10.9493;0;0;10-Dec-2015
133338;UTI FTIF Series XX - XII (1103 Days) - Quarterly Div Option;INF789FA12T5;INF789FA13T3;10.2012;0;0;10-Dec-2015
133339;UTI FTIF Series XX - XII (1103 Days) - Quarterly Div Option - Direct;INF789FA14S3;INF789FA15S0;10.2157;0;0;10-Dec-2015
133453;UTI FTIF Series XX - XVI (1100 Days) Annual Div Option;INF789FB1296;INF789FB1304;10.6424;0;0;10-Dec-2015
133447;UTI FTIF Series XX - XVI (1100 days) Annual Div Option - Direct;INF789FB1213;INF789FB1221;10.6881;0;0;10-Dec-2015
133452;UTI FTIF Series XX - XVI (1100 Days) Flexi Div Option Direct;INF789FB1254;INF789FB1262;10.9428;0;0;10-Dec-2015
133449;UTI FTIF Series XX - XVI (1100 Days) Growth Option;INF789FB1320;;10.8796;0;0;10-Dec-2015
133450;UTI FTIF Series XX - XVI (1100 Days) Growth Option Direct;INF789FB1247;;10.9431;0;0;10-Dec-2015
133451;UTI FTIF Series XX - XVI (1100 Days) Maturity Dividend Direct;INF789FB1239;;10.9426;0;0;10-Dec-2015
133448;UTI FTIF Series XX - XVI (1100 days) Quarterly Div Option;INF789FB1270;INF789FB1288;10.2096;0;0;10-Dec-2015
133454;UTI FTIF Series XX - XVI (1100 Days) Quarterly Div Option - Direct;INF789FB1197;INF789FB1205;10.2231;0;0;10-Dec-2015
133483;UTI FTIF Series XX - XVII (1102 Days) - Annual Div Option;INF789FB1452;INF789FB1460;10.6436;0;0;10-Dec-2015
133478;UTI FTIF Series XX - XVII (1102 Days) - Annual Div Option - Direct;INF789FB1379;INF789FB1387;10.6895;0;0;10-Dec-2015
133482;UTI FTIF Series XX - XVII (1102 Days) - Flexi Div Option;INF789FB1494;INF789FB1502;10.8693;0;0;10-Dec-2015
133476;UTI FTIF Series XX - XVII (1102 Days) - Growth Option;INF789FB1486;;10.8687;0;0;10-Dec-2015
133474;UTI FTIF Series XX - XVII (1102 Days) - Growth Option - Direct;INF789FB1403;;10.9314;0;0;10-Dec-2015
133475;UTI FTIF Series XX - XVII (1102 Days) - Quarterly Div Option;INF789FB1437;INF789FB1445;10.213;0;0;10-Dec-2015
133026;UTI FTIF Series XX-VIII (1105 Days) - Growth Option;INF789FA11L4;;10.9792;0;0;10-Dec-2015
133027;UTI FTIF Series XX-VIII (1105 Days) - Growth Option - Direct;INF789FA13K2;;10.997;0;0;10-Dec-2015
133020;UTI FTIF Series XX-VIII (1105 Days) - Quarterly Div Option;INF789FA16K5;INF789FA17K3;10.2095;0;0;10-Dec-2015
133543;UTI FTIF Series XXI - I (1100 Days) - Annual Div Option;INF789FB1619;;10.632;0;0;10-Dec-2015
133545;UTI FTIF Series XXI - I (1100 Days) - Annual Div Option - Direct;INF789FB1536;;10.6693;0;0;10-Dec-2015
133547;UTI FTIF Series XXI - I (1100 Days) - Flexi Div Option;INF789FB1650;;10.8197;0;0;10-Dec-2015
133540;UTI FTIF Series XXI - I (1100 Days) - Growth Option;INF789FB1643;;10.8195;0;0;10-Dec-2015
133541;UTI FTIF Series XXI - I (1100 Days) - Growth Option - Direct;INF789FB1569;;10.87;0;0;10-Dec-2015
133546;UTI FTIF Series XXI - I (1100 Days) - Maturity Div Option;INF789FB1635;;10.8224;0;0;10-Dec-2015
133542;UTI FTIF Series XXI - I (1100 Days) - Quarterly Div Option;INF789FB1593;;10.2069;0;0;10-Dec-2015
133544;UTI FTIF Series XXI - I (1100 Days) - Quarterly Div Option - Direct;INF789FB1510;;10.218;0;0;10-Dec-2015
133655;UTI FTIF Series XXI - II (1100 Days) - Annual Div Option;INF789FB1627;;10.6283;0;0;10-Dec-2015
133654;UTI FTIF Series XXI - II (1100 Days) - Annual Div Option - Direct;INF789FB1544;;10.6663;0;0;10-Dec-2015
133652;UTI FTIF Series XXI - II (1100 Days) - Flexi Div Option;INF789FB1668;;10.7734;0;0;10-Dec-2015
133656;UTI FTIF Series XXI - II (1100 Days) - Growth Option;INF789FB1908;;10.7734;0;0;10-Dec-2015
133648;UTI FTIF Series XXI - II (1100 Days) - Growth Option - Direct;INF789FB1882;;10.8216;0;0;10-Dec-2015
133657;UTI FTIF Series XXI - II (1100 Days) - Maturity Div Option;INF789FB1890;;10.7734;0;0;10-Dec-2015
133649;UTI FTIF Series XXI - II (1100 Days) - Quarterly Div Option;INF789FB1601;;10.1939;0;0;10-Dec-2015
133650;UTI FTIF Series XXI - II (1100 Days) - Quarterly Div Option - Direct;INF789FB1528;;10.2051;0;0;10-Dec-2015
133692;UTI FTIF Series XXI-III (1158 Days) - Annual Div Option;INF789FB1AA5;;10.6572;0;0;10-Dec-2015
133685;UTI FTIF Series XXI-III (1158 Days) - Annual Div Option - Direct;INF789FB1965;;10.6954;0;0;10-Dec-2015
133683;UTI FTIF Series XXI-III (1158 Days) - Growth Option;INF789FB1AE7;;10.752;0;0;10-Dec-2015
133684;UTI FTIF series XXI-III (1158 Days) - Growth Option - Direct;INF789FB1AC1;;10.7985;0;0;10-Dec-2015
133687;UTI FTIF Series XXI-III (1158 Days) - Maturity Div Option - Direct;INF789FB1AB3;;10.7993;0;0;10-Dec-2015
133686;UTI FTIF Series XXI-III (1158 Days) - Quarterly Div Option;INF789FB1999;;10.1974;0;0;10-Dec-2015
133697;UTI FTIF Series XXI-IV (1146 Days) - Annual Div Option;INF789FB1AK4;;10.6592;0;0;10-Dec-2015
133696;UTI FTIF Series XXI-IV (1146 Days) - Annual Div Option - Direct;INF789FB1AG2;;10.6997;0;0;10-Dec-2015
133701;UTI FTIF Series XXI-IV (1146 Days) - Flexi Div Option;INF789FB1AI8;;10.743;0;0;10-Dec-2015
133698;UTI FTIF Series XXI-IV (1146 Days) - Growth Option;INF789FB1AO6;;10.743;0;0;10-Dec-2015
133693;UTI FTIF Series XXI-IV (1146 Days) - Growth Option - Direct;INF789FB1AM0;;10.7877;0;0;10-Dec-2015
133695;UTI FTIF Series XXI-IV (1146 Days) - Maturity Div Option;INF789FB1AN8;;10.743;0;0;10-Dec-2015
133700;UTI FTIF Series XXI-IV (1146 Days) - Maturity Div Option - Direct;INF789FB1AL2;;10.7875;0;0;10-Dec-2015
133694;UTI FTIF Series XXI-IV (1146 Days) - Quarterly Div Option;INF789FB1AJ6;;10.2133;0;0;10-Dec-2015
133699;UTI FTIF Series XXI-IV (1146 Days) - Quarterly Div Option - Direct;INF789FB1AF4;;10.2242;0;0;10-Dec-2015
134035;UTI FTIF Series XXI-VI (1145 Days) - Annual Div Option;INF789FB1CS3;;10.6544;0;0;10-Dec-2015
134032;UTI FTIF Series XXI-VI (1145 Days) - Flexi Div Option;INF789FB1CQ7;;10.7115;0;0;10-Dec-2015
134028;UTI FTIF Series XXI-VI (1145 Days) - Growth Option;INF789FB1CW5;;10.7115;0;0;10-Dec-2015
134027;UTI FTIF Series XXI-VI (1145 Days) - Growth Option - Direct;INF789FB1CU9;;10.7547;0;0;10-Dec-2015
134031;UTI FTIF Series XXI-VI (1145 Days) - Maturity Div Option - Direct;INF789FB1CT1;;10.7538;0;0;10-Dec-2015
134029;UTI FTIF Series XXI-VI (1145 Days) - Quarterly Div Option;INF789FB1CR5;;10.2104;0;0;10-Dec-2015
134034;UTI FTIF Series XXI-VI (1145 Days) - Quarterly Div Option - Direct;INF789FB1CN4;;10.2216;0;0;10-Dec-2015
134090;UTI FTIF Series XXI-VII (1143 Days) - Annual Div Option;INF789FB1DC5;;10.687;0;0;10-Dec-2015
134091;UTI FTIF Series XXI-VII (1143 Days) - Annual Div Option - Direct;INF789FB1CY1;;10.7282;0;0;10-Dec-2015
134088;UTI FTIF Series XXI-VII (1143 Days) - Growth Option;INF789FB1DG6;;10.6867;0;0;10-Dec-2015
134084;UTI FTIF Series XXI-VII (1143 Days) - Growth Option - Direct;INF789FB1DE1;;10.7283;0;0;10-Dec-2015
134092;UTI FTIF Series XXI-VII (1143 Days) - Maturity Div Option;INF789FB1DF8;;10.6867;0;0;10-Dec-2015
134085;UTI FTIF Series XXI-VII (1143 Days) - Quarterly Div Option;INF789FB1DB7;;10.2036;0;0;10-Dec-2015
134100;UTI FTIF Series XXI-VIII (1136 Days) - Annual Div Option;INF789FB1DM4;;10.6579;0;0;10-Dec-2015
134095;UTI FTIF Series XXI-VIII (1136 Days) - Annual Div Option - Direct;INF789FB1DI2;;10.6982;0;0;10-Dec-2015
134101;UTI FTIF Series XXI-VIII (1136 Days) - Growth Option;INF789FB1DQ5;;10.6579;0;0;10-Dec-2015
134103;UTI FTIF Series XXI-VIII (1136 Days) - Maturity Div Option;INF789FB1DP7;;10.6579;0;0;10-Dec-2015
134096;UTI FTIF Series XXI-VIII (1136 Days) - Quarterly Div Option;INF789FB1DL6;;10.2086;0;0;10-Dec-2015
134094;UTI FTIF Series XXI-VIII (1136 Days)- Growth Option - Direct;INF789FB1DO0;;10.6985;0;0;10-Dec-2015
134268;UTI FTIF Series XXI-X (1112 Days) - Annual Div Option;INF789FB1FA4;;10.6362;0;0;10-Dec-2015
134269;UTI FTIF Series XXI-X (1112 Days) - Annual Div Option - Direct;INF789FB1EW1;;10.6747;0;0;10-Dec-2015
134274;UTI FTIF Series XXI-X (1112 Days) - Growth Option;INF789FB1FE6;;10.6362;0;0;10-Dec-2015
134266;UTI FTIF Series XXI-X (1112 Days) - Growth Option - Direct;INF789FB1FC0;;10.6753;0;0;10-Dec-2015
134275;UTI FTIF Series XXI-X (1112 Days) - Quarterly Div Option;INF789FB1EZ4;;10.213;0;0;10-Dec-2015
134267;UTI FTIF Series XXI-X (1112 Days) - Quarterly Div Option - Direct;INF789FB1EV3;;10.2241;0;0;10-Dec-2015
134281;UTI FTIF Series XXI-XI (1112 Days) - Annual Div Option - Direct;INF789FB1FG1;;10.6569;0;0;10-Dec-2015
134277;UTI FTIF Series XXI-XI (1112 Days) - Growth Option;INF789FB1FO5;;10.6469;0;0;10-Dec-2015
134278;UTI FTIF Series XXI-XI (1112 Days) - Growth Option - Direct;INF789FB1FM9;;10.6587;0;0;10-Dec-2015
134327;UTI FTIF Series XXI-XII (1106 Days) - Annual Div Option;INF789FB1IL5;;10.6344;0;0;10-Dec-2015
134329;UTI FTIF Series XXI-XII (1106 Days) - Annual Div Option - Direct;INF789FB1IH3;;10.6726;0;0;10-Dec-2015
134330;UTI FTIF Series XXI-XII (1106 Days) - Flexi Div Option;INF789FB1IJ9;;10.6362;0;0;10-Dec-2015
134321;UTI FTIF Series XXI-XII (1106 Days) - Growth Option;INF789FB1IP6;;10.6344;0;0;10-Dec-2015
134322;UTI FTIF Series XXI-XII (1106 Days) - Growth Option - Direct;INF789FB1IN1;;10.6726;0;0;10-Dec-2015
134328;UTI FTIF Series XXI-XII (1106 Days) - Quarterly Div Option;INF789FB1IK7;;10.2126;0;0;10-Dec-2015
134438;UTI FTIF Series XXI-XIV (1103 Day) - Maturity Div Option - Direct;INF789FB1JG3;;10.6648;0;0;10-Dec-2015
134436;UTI FTIF Series XXI-XIV (1103 Days) - Annual Div Option - Direct;INF789FB1JB4;;10.6651;0;0;10-Dec-2015
134434;UTI FTIF Series XXI-XIV (1103 Days) - Growth Option;INF789FB1JJ7;;10.5668;0;0;10-Dec-2015
134441;UTI FTIF Series XXI-XIV (1103 Days) - Growth Option - Direct;INF789FB1JH1;;10.6652;0;0;10-Dec-2015
134437;UTI FTIF Series XXI-XIV (1103 Days) - Quarterly Div Option - Direct;INF789FB1JA6;;10.2216;0;0;10-Dec-2015
134478;UTI FTIF series XXI-XV (1103 Days) - Annual Div Option;INF789FB1JP4;;10.4793;0;0;10-Dec-2015
134482;UTI FTIF Series XXI-XV (1103 Days) - Annual Div Option - Direct;INF789FB1JL3;;10.5716;0;0;10-Dec-2015
134479;UTI FTIF Series XXI-XV (1103 Days) - Flexi Div Option;INF789FB1JN9;;10.4797;0;0;10-Dec-2015
134474;UTI FTIF Series XXI-XV (1103 Days) - Growth Option;INF789FB1JT6;;10.4793;0;0;10-Dec-2015
134475;UTI FTIF Series XXI-XV (1103 Days) - Growth Option - Direct;INF789FB1JR0;;10.5716;0;0;10-Dec-2015
134481;UTI FTIF Series XXI-XV (1103 Days) - Maturity Div Option;INF789FB1JS8;;10.4793;0;0;10-Dec-2015
134483;UTI FTIF Series XXI-XV (1103 Days) - Maturity Div Option - Direct;INF789FB1JQ2;;10.5716;0;0;10-Dec-2015
134476;UTI FTIF Series XXI-XV (1103 Days) - Quarterly Div Option;INF789FB1JO7;;10.164;0;0;10-Dec-2015
134477;UTI FTIF Series XXI-XV (1103 Days) - Quarterly Div Option - Direct;INF789FB1JK5;;10.2064;0;0;10-Dec-2015
134531;UTI FTIF Series XXII-I (1099 Days) - Direct Plan - Annual Div Option;INF789FB1QT1;;10.5387;0;0;10-Dec-2015
134526;UTI FTIF Series XXII-I (1099 Days) - Direct Plan - Growth Option;INF789FB1QZ8;;10.5385;0;0;10-Dec-2015
134528;UTI FTIF Series XXII-I (1099 Days) - Direct Plan - Maturity Div Option;INF789FB1QY1;;10.5397;0;0;10-Dec-2015
134530;UTI FTIF Series XXII-I (1099 Days) - Direct Plan - Quarterly Div Option;INF789FB1QS3;;10.2029;0;0;10-Dec-2015
134527;UTI FTIF Series XXII-I (1099 Days) - Regular Plan - Annual Div Option;INF789FB1QX3;;10.4792;0;0;10-Dec-2015
134525;UTI FTIF Series XXII-I (1099 Days) - Regular Plan - Flexi Div Option;INF789FB1QV7;;10.4792;0;0;10-Dec-2015
134522;UTI FTIF Series XXII-I (1099 Days) - Regular Plan - Growth Option;INF789FB1RB7;;10.4792;0;0;10-Dec-2015
134524;UTI FTIF Series XXII-I (1099 Days) - Regular Plan - Maturity Div Option;INF789FB1RA9;;10.4792;0;0;10-Dec-2015
134523;UTI FTIF Series XXII-I (1099 Days) - Regular Plan - Quarterly Div Option;INF789FB1QW5;;10.1754;0;0;10-Dec-2015
134649;UTI FTIF Series XXII-II (1099 Days) - Annual Div Option;INF789FB1RP7;;10.4715;0;0;10-Dec-2015
134654;UTI FTIF Series XXII-II (1099 Days) - Annual Div Option - Direct;INF789FB1RL6;;10.5273;0;0;10-Dec-2015
134652;UTI FTIF Series XXII-II (1099 Days) - Flexi Div Option;INF789FB1RN2;;10.4712;0;0;10-Dec-2015
134645;UTI FTIF Series XXII-II (1099 Days) - Growth Option;INF789FB1RT9;;10.4715;0;0;10-Dec-2015
134646;UTI FTIF Series XXII-II (1099 Days) - Growth Option - Direct;INF789FB1RR3;;10.5273;0;0;10-Dec-2015
134650;UTI FTIF Series XXII-II (1099 Days) - Maturity Div Option;INF789FB1RS1;;10.4715;0;0;10-Dec-2015
134651;UTI FTIF Series XXII-II (1099 Days) - Maturity Div Option - Direct;INF789FB1RQ5;;10.5273;0;0;10-Dec-2015
134647;UTI FTIF Series XXII-II (1099 Days) - Quarterly Div Option;INF789FB1RO0;;10.177;0;0;10-Dec-2015
134648;UTI FTIF Series XXII-II (1099 Days) - Quarterly Div Option - Direct;INF789FB1RK8;;10.2034;0;0;10-Dec-2015
134751;UTI FTIF Series XXII-III (1099 Days) - Direct Plan  - Maturity Div Option;INF789FB1SA7;;10.4754;0;0;10-Dec-2015
134752;UTI FTIF Series XXII-III (1099 Days) - Direct Plan - Annual Div Option;INF789FB1RV5;;10.4754;0;0;10-Dec-2015
134747;UTI FTIF Series XXII-III (1099 Days) - Direct Plan - Growth Option;INF789FB1SB5;;10.4754;0;0;10-Dec-2015
134748;UTI FTIF Series XXII-III (1099 Days) - Direct Plan - Quarterly Div Option;INF789FB1RU7;;10.2072;0;0;10-Dec-2015
134746;UTI FTIF Series XXII-III (1099 Days) - Regular Plan  - Flexi Div Option;INF789FB1RX1;;10.4231;0;0;10-Dec-2015
134745;UTI FTIF Series XXII-III (1099 Days) - Regular Plan - Annual Div Option;INF789FB1RZ6;;10.4231;0;0;10-Dec-2015
134750;UTI FTIF Series XXII-III (1099 Days) - Regular Plan - Growth Option;INF789FB1SD1;;10.4231;0;0;10-Dec-2015
134753;UTI FTIF Series XXII-III (1099 Days) - Regular Plan - Maturity Div Option;INF789FB1SC3;;10.4231;0;0;10-Dec-2015
134744;UTI FTIF Series XXII-III (1099 Days) - Regular Plan - Quarterly Div Option;INF789FB1RY9;;10.1817;0;0;10-Dec-2015
134796;UTI FTIF Series XXII-IV (1098 Days) - Direct Plan - Annual Div Option;INF789FB1VI4;;10.4591;0;0;10-Dec-2015
134793;UTI FTIF Series XXII-IV (1098 Days) - Direct Plan - Growth Option;INF789FB1VN4;;10.4591;0;0;10-Dec-2015
134798;UTI FTIF Series XXII-IV (1098 Days) - Direct Plan - Maturity Div Option;INF789FB1VM6;;10.4598;0;0;10-Dec-2015
134795;UTI FTIF Series XXII-IV (1098 Days) - Direct Plan - Quarterly Div Option;INF789FB1VH6;;10.2106;0;0;10-Dec-2015
134790;UTI FTIF Series XXII-IV (1098 Days) - Regular Plan - Annual Div Option;INF789FB1VQ7;;10.4084;0;0;10-Dec-2015
134797;UTI FTIF Series XXII-IV (1098 Days) - Regular Plan - Growth Option;INF789FB1VP9;;10.4084;0;0;10-Dec-2015
134792;UTI FTIF Series XXII-IV (1098 Days) - Regular Plan - Maturity Div Option;INF789FB1VO2;;10.4084;0;0;10-Dec-2015
134789;UTI FTIF Series XXII-IV (1098 Days) - Regular Plan - Quarterly Div Option;INF789FB1VL8;;10.1856;0;0;10-Dec-2015
135029;UTI FTIF Series XXII-IX (1099 Days) - Direct Plan - Growth Option;INF789FB1H90;;10.4077;0;0;10-Dec-2015
135025;UTI FTIF Series XXII-IX (1099 Days) - Regular Plan - Growth Option;INF789FB1I16;;10.4031;0;0;10-Dec-2015
135032;UTI FTIF Series XXII-IX (1099 Days) - Regular Plan - Maturity Div Option;INF789FB1I08;;10.403;0;0;10-Dec-2015
135026;UTI FTIF Series XXII-IX (1099 Days) - Regular Plan - Quarterly Div Option;INF789FB1H66;;10.2113;0;0;10-Dec-2015
134978;UTI FTIF Series XXII-VI (1098 Days) -  Regular Plan - Growth Option;INF789FB1F19;;10.3884;0;0;10-Dec-2015
134981;UTI FTIF Series XXII-VI (1098 Days) - Direct Plan - Annual Div Option;INF789FB1E36;;10.4845;0;0;10-Dec-2015
134985;UTI FTIF Series XXII-VI (1098 Days) - Direct Plan - Growth Option;INF789FB1E93;;10.4845;0;0;10-Dec-2015
134979;UTI FTIF Series XXII-VI (1098 Days) - Regular Plan - Annual Div Option;INF789FB1E77;;10.3884;0;0;10-Dec-2015
134984;UTI FTIF Series XXII-VI (1098 Days) - Regular Plan - Flexi Div Option;INF789FB1E51;;10.3884;0;0;10-Dec-2015
134980;UTI FTIF Series XXII-VI (1098 Days) - Regular Plan - Maturity Div Option;INF789FB1F01;;10.3881;0;0;10-Dec-2015
134983;UTI FTIF Series XXII-VI (1098 Days) - Regular Plan - Quarterly Div Option;INF789FB1E69;;10.2272;0;0;10-Dec-2015
134993;UTI FTIF Series XXII-VII (1098 Days) - Direct Plan - Growth Option;INF789FB1F92;;10.4419;0;0;10-Dec-2015
134994;UTI FTIF Series XXII-VII (1098 Days) - Direct Plan - Quarterly Div Option;INF789FB1F27;;10.2301;0;0;10-Dec-2015
134990;UTI FTIF Series XXII-VII (1098 Days) - Regular Plan - Annual Div Option;INF789FB1F76;;10.3939;0;0;10-Dec-2015
134992;UTI FTIF Series XXII-VII (1098 Days) - Regular Plan - Flexi Div Option;INF789FB1F50;;10.394;0;0;10-Dec-2015
134988;UTI FTIF Series XXII-VII (1098 Days) - Regular Plan - Growth Option;INF789FB1G18;;10.3939;0;0;10-Dec-2015
134991;UTI FTIF Series XXII-VII (1098 Days) - Regular Plan - Maturity Div Option;INF789FB1G00;;10.394;0;0;10-Dec-2015
134989;UTI FTIF Series XXII-VII (1098 Days) - Regular Plan - Quarterly Div Option;INF789FB1F68;;10.2077;0;0;10-Dec-2015
135023;UTI FTIF Series XXII-VIII (1099 Days) - Direct Plan - Annual Div Option;INF789FB1G34;;10.3323;0;0;10-Dec-2015
135019;UTI FTIF Series XXII-VIII (1099 Days) - Direct Plan - Growth Option;INF789FB1G91;;10.3324;0;0;10-Dec-2015
135024;UTI FTIF Series XXII-VIII (1099 Days) - Direct Plan - Maturity Div Option;INF789FB1G83;;10.3324;0;0;10-Dec-2015
135020;UTI FTIF Series XXII-VIII (1099 Days) - Direct Plan - Quarterly Div Option;INF789FB1G26;;10.1991;0;0;10-Dec-2015
135022;UTI FTIF Series XXII-VIII (1099 Days) - Regular Plan - Annual Div Option;INF789FB1G75;;10.2889;0;0;10-Dec-2015
135015;UTI FTIF Series XXII-VIII (1099 Days) - Regular Plan - Growth Option;INF789FB1H17;;10.2889;0;0;10-Dec-2015
135017;UTI FTIF Series XXII-VIII (1099 Days) - Regular Plan - Maturity Div Option;INF789FB1H09;;10.2889;0;0;10-Dec-2015
135016;UTI FTIF Series XXII-VIII (1099 Days) - Regular Plan - Quarterly Div Option;INF789FB1G67;;10.1768;0;0;10-Dec-2015
135045;UTI FTIF Series XXII-X (1098 Days) - Direct Plan - Growth Option;INF789FB1P33;;10.3879;0;0;10-Dec-2015
135044;UTI FTIF series XXII-X (1098 Days) - Regular Plan - Growth Option;INF789FB1P58;;10.3833;0;0;10-Dec-2015
135070;UTI FTIF Series XXII-XI (1098 Days) - Direct Plan - Growth Option;INF789FB1Q32;;10.362;0;0;10-Dec-2015
135066;UTI FTIF Series XXII-XI (1098 Days) - Regular Plan - Growth Option;INF789FB1Q57;;10.3577;0;0;10-Dec-2015
135209;UTI FTIF Series XXII-XII (1100 Days) - Direct Plan - Annual Div Option;INF789FB1Q73;;10.2927;0;0;10-Dec-2015
135207;UTI FTIF Series XXII-XII (1100 Days) - Direct Plan - Growth Option;INF789FB1R31;;10.2927;0;0;10-Dec-2015
135208;UTI FTIF Series XXII-XII (1100 Days) - Direct Plan - Quarterly Div Option;INF789FB1Q65;;10.1998;0;0;10-Dec-2015
135206;UTI FTIF Series XXII-XII (1100 Days) - Flexi Div Option;INF789FB1Q99;;10.2544;0;0;10-Dec-2015
135204;UTI FTIF Series XXII-XII (1100 Days) - Maturity Div Option;INF789FB1R49;;10.2541;0;0;10-Dec-2015
135203;UTI FTIF Series XXII-XII (1100 Days) - Regular Plan - Annual Div Option;INF789FB1R15;;10.2541;0;0;10-Dec-2015
135202;UTI FTIF Series XXII-XII (1100 Days) - Regular Plan - Growth Option;INF789FB1R56;;10.2541;0;0;10-Dec-2015
135205;UTI FTIF Series XXII-XII (1100 Days) - Regular Plan - Quarterly Div Option;INF789FB1R07;;10.1775;0;0;10-Dec-2015
135263;UTI FTIF Series XXII-XIII (1100 Days) - Direct Plan - Annual Div Option;INF789FB1R72;;10.2823;0;0;10-Dec-2015
135267;UTI FTIF Series XXII-XIII (1100 Days) - Direct Plan - Growth Option;INF789FB1S30;;10.2824;0;0;10-Dec-2015
135266;UTI FTIF Series XXII-XIII (1100 Days) - Direct Plan - Maturity Div Option;INF789FB1S22;;10.2824;0;0;10-Dec-2015
135264;UTI FTIF Series XXII-XIII (1100 Days) - Direct Plan - Quarterly Div Option;INF789FB1R64;;10.2178;0;0;10-Dec-2015
135261;UTI FTIF Series XXII-XIII (1100 Days) - Regular Plan - Annual Div Option;INF789FB1S14;;10.2398;0;0;10-Dec-2015
135260;UTI FTIF Series XXII-XIII (1100 Days) - Regular Plan - Flexi Div Option;INF789FB1R98;;10.24;0;0;10-Dec-2015
135258;UTI FTIF Series XXII-XIII (1100 Days) - Regular Plan - Growth Option;INF789FB1S55;;10.2398;0;0;10-Dec-2015
135259;UTI FTIF Series XXII-XIII (1100 Days) - Regular Plan - Maturity Div Option;INF789FB1S48;;10.2398;0;0;10-Dec-2015
135262;UTI FTIF Series XXII-XIII (1100 Days) - Regular Plan - Quarterly Div Option;INF789FB1S06;;10.1898;0;0;10-Dec-2015
135271;UTI FTIF Series XXII-XIV (1100 Days) - Direct Plan - Growth Option;INF789FB1V76;;10.2633;0;0;10-Dec-2015
135268;UTI FTIF Series XXII-XIV (1100 Days) - Regular Plan - Growth Option;INF789FB1V92;;10.2599;0;0;10-Dec-2015
135269;UTI FTIF Series XXII-XIV (1100 Days) - Regular Plan - Quarterly Div Option;INF789FB1V43;;10.2084;0;0;10-Dec-2015
122152;UTI Quarterly Interval Fund - I - Direct Plan - IDCW;INF789F01WG9;INF789F01WH7;10.0101;0;0;10-Dec-2015
106060;UTI Quarterly Interval Fund - I - Regular Plan - Growth Option;INF789F01GE7;;20.0618;0;0;10-Dec-2015
106057;UTI Quarterly Interval Fund - I - Regular Plan - IDCW;INF789F01GC1;INF789F01GD9;10.0055;0;0;10-Dec-2015
122165;UTI Quarterly Interval Fund - I -Direct Plan - Growth Option;INF789F01WI5;;20.1706;0;0;10-Dec-2015
121182;UTI Quarterly Interval Fund - II - Direct Plan - Growth Option;INF789F01WR6;;18.0976;0;0;10-Dec-2015
121181;UTI Quarterly Interval Fund - II - Direct Plan - IDCW;INF789F01WP0;INF789F01WQ8;10.0791;0;0;10-Dec-2015
109617;UTI Quarterly Interval Fund - II - Regular Plan - Growth Option;INF789F01GW9;;17.9952;0;0;10-Dec-2015
109618;UTI Quarterly Interval Fund - II - Regular Plan - IDCW;INF789F01GU3;INF789F01GV1;10.0734;0;0;10-Dec-2015
121722;UTI Quarterly Interval Fund - III -Direct Plan - Growth Option;INF789F01WU0;;18.2026;0;0;10-Dec-2015
121721;UTI Quarterly Interval Fund - III -Direct Plan - IDCW;INF789F01WS4;INF789F01WT2;10.0057;0;0;10-Dec-2015
110024;UTI Quarterly Interval Fund - III -Regular Plan - Growth Option;INF789F01HC9;;18.1022;0;0;10-Dec-2015
110021;UTI Quarterly Interval Fund - III -Regular Plan - IDCW;INF789F01HA3;INF789F01HB1;10.0056;0;0;10-Dec-2015
128888;UTI-FMP-Yearly Series March 2014 - Dividend Option;INF789FA1FM0;INF789FA1FN8;10.1954;0;0;10-Dec-2015
128886;UTI-FMP-Yearly Series March 2014 - Growth Option;INF789FB1QI4;;11.4884;0;0;10-Dec-2015
128887;UTI-FMP-Yearly Series March 2014 - Growth Option - Direct;INF789FB1QL8;;11.5483;0;0;10-Dec-2015

Close Ended Schemes ( Growth )


Aditya Birla Sun Life Mutual Fund
129404;Aditya Birla Sun Life Emerging Leaders Fund - Series 1 - Direct Plan - Dividend;INF209KA1IQ0;;14.49;14.49;14.49;10-Dec-2015
129402;Aditya Birla Sun Life Emerging Leaders Fund - Series 1 - Direct Plan - Growth;INF209KA1IP2;;15.66;15.66;15.66;10-Dec-2015
129401;Aditya Birla Sun Life Emerging Leaders Fund - Series 1 - Regular Plan - Dividend;INF209KA1IO5;;14.40;14.40;14.40;10-Dec-2015
129403;Aditya Birla Sun Life Emerging Leaders Fund - Series 1 - Regular Plan - Growth;INF209KA1IN7;;15.56;15.56;15.56;10-Dec-2015
129883;Aditya Birla Sun Life Emerging Leaders Fund - Series 2 - Direct Plan - Dividend Option;INF209KA1JY2;;12.53;12.53;12.53;10-Dec-2015
129885;Aditya Birla Sun Life Emerging Leaders Fund - Series 2 - Direct Plan - Growth Option;INF209KA1JX4;;12.53;12.53;12.53;10-Dec-2015
129882;Aditya Birla Sun Life Emerging Leaders Fund - Series 2 - Regular Plan - Dividend Option;INF209KA1JW6;;12.44;12.44;12.44;10-Dec-2015
129884;Aditya Birla Sun Life Emerging Leaders Fund - Series 2 - Regular Plan - Growth Option;INF209KA1JV8;;12.44;12.44;12.44;10-Dec-2015
130295;Aditya Birla Sun Life Emerging Leaders Fund - Series 3 - Direct Plan - Dividend;INF209KB1HW9;;10.90;10.90;10.90;10-Dec-2015
130296;Aditya Birla Sun Life Emerging Leaders Fund - Series 3 - Direct Plan - Growth;INF209KB1HV1;;10.90;10.90;10.90;10-Dec-2015
130297;Aditya Birla Sun Life Emerging Leaders Fund - Series 3 - Regular Plan - Dividend;INF209KB1HY5;;10.82;10.82;10.82;10-Dec-2015
130298;Aditya Birla Sun Life Emerging Leaders Fund - Series 3 - Regular Plan - Growth;INF209KB1HX7;;10.82;10.82;10.82;10-Dec-2015
130727;Aditya Birla Sun Life Emerging Leaders Fund - Series 4 - Direct Plan - Dividend;INF209KB1IU1;;11.32;11.32;11.32;10-Dec-2015
130728;Aditya Birla Sun Life Emerging Leaders Fund - Series 4 - Direct Plan - Growth;INF209KB1IT3;;11.32;11.32;11.32;10-Dec-2015
130729;Aditya Birla Sun Life Emerging Leaders Fund - Series 4 - Regular Plan - Dividend;INF209KB1IW7;;11.24;11.24;11.24;10-Dec-2015
130730;Aditya Birla Sun Life Emerging Leaders Fund - Series 4 - Regular Plan - Growth;INF209KB1IV9;;11.24;11.24;11.24;10-Dec-2015
133297;Aditya Birla Sun Life Emerging Leaders Fund - Series 5 - Direct Plan - Dividend;INF209KA1WI8;;10.00;10.00;10.00;10-Dec-2015
133298;Aditya Birla Sun Life Emerging Leaders Fund - Series 5 - Direct Plan - Growth;INF209KA1WH0;;10.00;10.00;10.00;10-Dec-2015
133299;Aditya Birla Sun Life Emerging Leaders Fund - Series 5 - Regular Plan - Dividend;INF209KA1WG2;;9.90;9.90;9.90;10-Dec-2015
133300;Aditya Birla Sun Life Emerging Leaders Fund - Series 5 - Regular Plan - Growth;INF209KA1WF4;;9.90;9.90;9.90;10-Dec-2015
134392;Aditya Birla Sun Life Emerging Leaders Fund - Series 6 - Direct Plan-Dividend;INF209KA1K21;;9.73;9.73;9.73;10-Dec-2015
134391;Aditya Birla Sun Life Emerging Leaders Fund - Series 6 - Direct Plan-Growth;INF209KA1K13;;9.73;9.73;9.73;10-Dec-2015
134389;Aditya Birla Sun Life Emerging Leaders Fund - Series 6 - Regular Plan-Dividend;INF209KA1K05;;9.65;9.65;9.65;10-Dec-2015
134390;Aditya Birla Sun Life Emerging Leaders Fund - Series 6 - Regular Plan-Growth;INF209KA1J99;;9.65;9.65;9.65;10-Dec-2015
126637;Aditya Birla Sun Life Focused Equity Fund - Series 1 - Direct Plan-Dividend;INF209KA1805;;13.44;13.44;13.44;10-Dec-2015
126639;Aditya Birla Sun Life Focused Equity Fund - Series 1 - Direct Plan-Growth;INF209KA1797;;14.06;14.06;14.06;10-Dec-2015
126640;Aditya Birla Sun Life Focused Equity Fund - Series 1 - Regular Plan-Dividend;INF209KA1789;;13.35;13.35;13.35;10-Dec-2015
126638;Aditya Birla Sun Life Focused Equity Fund - Series 1 - Regular Plan-Growth;INF209KA1771;;13.97;13.97;13.97;10-Dec-2015
127918;Aditya Birla Sun Life Focused Equity Fund - Series 2 - Direct Plan-Dividend;INF209KA1DI8;;12.90;12.90;12.90;10-Dec-2015
127919;Aditya Birla Sun Life Focused Equity Fund - Series 2 - Direct Plan-Growth;INF209KA1DH0;;13.57;13.57;13.57;10-Dec-2015
127920;Aditya Birla Sun Life Focused Equity Fund - Series 2 - Regular Plan-Dividend;INF209KA1DG2;;12.81;12.81;12.81;10-Dec-2015
127921;Aditya Birla Sun Life Focused Equity Fund - Series 2 - Regular Plan-Growth;INF209KA1DF4;;13.48;13.48;13.48;10-Dec-2015
131528;Aditya Birla Sun Life Focused Equity Fund - Series 3 - Direct Plan - Dividend;INF209KA1RU3;;10.24;10.24;10.24;10-Dec-2015
131526;Aditya Birla Sun Life Focused Equity Fund - Series 3 - Direct Plan - Growth;INF209KA1RT5;;10.23;10.23;10.23;10-Dec-2015
131525;Aditya Birla Sun Life Focused Equity Fund - Series 3 - Regular Plan - Dividend;INF209KA1RS7;;10.12;10.12;10.12;10-Dec-2015
131527;Aditya Birla Sun Life Focused Equity Fund - Series 3 - Regular Plan - Growth;INF209KA1RR9;;10.12;10.12;10.12;10-Dec-2015
133103;Aditya Birla Sun Life Focused Equity Fund - Series 4 - Direct Plan - Dividend;INF209KA1UO0;;9.85;9.85;9.85;10-Dec-2015
133105;Aditya Birla Sun Life Focused Equity Fund - Series 4 - Direct Plan - Growth;INF209KA1UN2;;9.85;9.85;9.85;10-Dec-2015
133104;Aditya Birla Sun Life Focused Equity Fund - Series 4 - Regular Plan - Dividend;INF209KA1UM4;;9.75;9.75;9.75;10-Dec-2015
133102;Aditya Birla Sun Life Focused Equity Fund - Series 4 - Regular Plan - Growth;INF209KA1UL6;;9.75;9.75;9.75;10-Dec-2015
133899;Aditya Birla Sun Life Focused Equity Fund - Series 5 - Direct Plan - Dividend;INF209KA1B89;;9.37;9.37;9.37;10-Dec-2015
133897;Aditya Birla Sun Life Focused Equity Fund - Series 5 - Direct Plan - Growth;INF209KA1B71;;9.37;9.37;9.37;10-Dec-2015
133898;Aditya Birla Sun Life Focused Equity Fund - Series 5 - Regular Plan - Dividend;INF209KA1B63;;9.27;9.27;9.27;10-Dec-2015
133896;Aditya Birla Sun Life Focused Equity Fund - Series 5 - Regular Plan - Growth;INF209KA1B55;;9.27;9.27;9.27;10-Dec-2015
135352;Aditya Birla Sun Life Focused Equity Fund - Series 6 - Direct Plan-Dividend;INF209KA11L3;;9.57;9.57;9.57;10-Dec-2015
135350;Aditya Birla Sun Life Focused Equity Fund - Series 6 - Regular Plan-Dividend;INF209KA19K8;;9.54;9.54;9.54;10-Dec-2015
135349;Aditya Birla Sun Life Focused Equity Fund - Series 6 - Regular Plan-Growth;INF209KA18K0;;9.54;9.54;9.54;10-Dec-2015
135351;Aditya Birla Sun Life Focused Equity Fund - Series 6-Direct Plan-Growth;INF209KA10L5;;9.57;9.57;9.57;10-Dec-2015
121352;Aditya Birla Sun Life Rajiv Gandhi Equity Savings Scheme - Series 1 - Direct Plan - Dividend;INF209K01F33;;13.98;13.91;13.98;10-Dec-2015
121354;Aditya Birla Sun Life Rajiv Gandhi Equity Savings Scheme - Series 1 - Direct Plan-Growth;INF209K01F25;;15.48;15.40;15.48;10-Dec-2015
121356;Aditya Birla Sun Life Rajiv Gandhi Equity Savings Scheme - Series 1 - Regular Plan - Dividend;INF209K01F17;;13.66;13.59;13.66;10-Dec-2015
121357;Aditya Birla Sun Life Rajiv Gandhi Equity Savings Scheme - Series 1 - Regular Plan-Growth;INF209K01F09;;15.25;15.17;15.25;10-Dec-2015

Bandhan Mutual Fund
122077;IDFC Equity Opportunity- S 1 (3 years)-  Regular Plan-Dividend;INF194K012N1;;10.2675;10.2675;10.2675;10-Dec-2015
122076;IDFC Equity Opportunity- S 1 (3 years)- Direct Plan-Dividend;INF194K01I45;;10.5348;10.5348;10.5348;10-Dec-2015
126472;IDFC EOS 2 ( 3 years) - Direct Plan_Dividend;INF194KA1FS9;;10.8544;10.8544;10.8544;10-Dec-2015
126471;IDFC EOS 2 ( 3 years) - Regular Plan_Dividend;INF194KA1FU5;;10.6118;10.6118;10.6118;10-Dec-2015

Baroda BNP Paribas Mutual Fund
133261;Baroda Pioneer Equity Trigger Fund-Series I-Plan A-Dividend Payout Option;INF955L01FI5;;9.81;9.81;9.81;10-Dec-2015
133260;Baroda Pioneer Equity Trigger Fund-Series I-Plan A-Growth Option;INF955L01FH7;;9.81;9.81;9.81;10-Dec-2015
133263;Baroda Pioneer Equity Trigger Fund-Series I-Plan B (Direct)-Dividend Payout;INF955L01FK1;;9.97;9.97;9.97;10-Dec-2015
133262;Baroda Pioneer Equity Trigger Fund-Series I-Plan B (Direct)-Growth;INF955L01FJ3;;9.97;9.97;9.97;10-Dec-2015

Canara Robeco Mutual Fund
132960;Canara Robeco India Opportunites - Regular Plan - Dividend Payout Option;INF760K01HJ5;;10.9800;10.9800;10.9800;10-Dec-2015
132962;Canara Robeco India Opportunities - Direct Plan - Dividend Payout Option;INF760K01HL1;;11.0300;11.0300;11.0300;10-Dec-2015
132961;Canara Robeco India opportunities - Direct Plan - Growth Option;INF760K01HK3;;11.0300;11.0300;11.0300;10-Dec-2015
132959;Canara Robeco India Opportunities - Regular Plan - Growth Option;INF760K01HI7;;10.9800;10.9800;10.9800;10-Dec-2015
134040;Canara Robeco India opportunities - Series 2 - Regular Plan - Dividend Option;INF760K01HT4;;10.3500;10.3500;10.3500;10-Dec-2015
134041;Canara Robeco India opportunities - Series 2 - Regular Plan - Growth Option;INF760K01HS6;;10.3500;10.3500;10.3500;10-Dec-2015
134039;Canara Robeco India Opportunities - Series 2- Direct Plan - Growth Option;INF760K01HQ0;;10.3700;10.3700;10.3700;10-Dec-2015
134038;Canara Robeco India Opportunities- Series 2 - Direct Plan - Dividend Option;INF760K01HR8;;10.3700;10.3700;10.3700;10-Dec-2015

Deutsche Mutual Fund
134000;DWS Large Cap Fund - Series 1 - Direct Plan - Dividend (Payout);INF223JA1AR0;;8.2084;8.2084;8.2084;10-Dec-2015
134001;DWS Large Cap Fund - Series 1 - Direct Plan - Growth;INF223JA1AS8;;8.2084;8.2084;8.2084;10-Dec-2015
134003;DWS Large Cap Fund - Series 1 - Regular Plan - Dividend (Payout);INF223JA1AP4;;8.0924;8.0924;8.0924;10-Dec-2015
134002;DWS Large Cap Fund - Series 1 - Regular Plan - Growth;INF223JA1AQ2;;8.0925;8.0925;8.0925;10-Dec-2015
134135;DWS Large Cap Fund - Series 2 - Direct Plan - Dividend (Payout);INF223JA1BI7;;8.9231;8.9231;8.9231;10-Dec-2015
134134;DWS Large Cap Fund - Series 2 - Direct Plan - Growth;INF223JA1BJ5;;8.9231;8.9231;8.9231;10-Dec-2015
134132;DWS Large Cap Fund - Series 2 - Regular Plan - Dividend (Payout);INF223JA1BG1;;8.8129;8.8129;8.8129;10-Dec-2015
134133;DWS Large Cap Fund - Series 2 - Regular Plan - Growth;INF223JA1BH9;;8.8129;8.8129;8.8129;10-Dec-2015
134416;DWS Large Cap Fund - Series 3 - Direct Plan - Dividend (Payout);INF223JA1FT5;;9.3993;9.3993;9.3993;10-Dec-2015
134413;DWS Large Cap Fund - Series 3 - Direct Plan - Growth;INF223JA1FU3;;9.3993;9.3993;9.3993;10-Dec-2015
134414;DWS Large Cap Fund - Series 3 - Regular Plan - Dividend (Payout);INF223JA1FS7;;9.3225;9.3225;9.3225;10-Dec-2015
134415;DWS Large Cap Fund - Series 3 - Regular Plan - Growth;INF223JA1FV1;;9.3225;9.3225;9.3225;10-Dec-2015
133143;DWS Mid Cap Fund - Series 1 - Direct Plan - Dividend (Payout);INF223JA1289;;11.3431;11.3431;11.3431;10-Dec-2015
133144;DWS Mid Cap Fund - Series 1 - Direct Plan - Growth;INF223JA1297;;11.3431;11.3431;11.3431;10-Dec-2015
133145;DWS Mid Cap Fund - Series 1 - Regular Plan - Dividend (Payout);INF223JA1263;;11.1437;11.1437;11.1437;10-Dec-2015
133146;DWS Mid Cap Fund - Series 1 - Regular Plan - Growth;INF223JA1271;;11.1465;11.1465;11.1465;10-Dec-2015

DSP Mutual Fund
121032;DSP BlackRock RGESS Fund - Series 1  - Direct Plan - Growth Option;INF740K01RU3;;13.9741;13.9741;13.9741;10-Dec-2015
121030;DSP BlackRock RGESS Fund - Series 1  - Regular Plan - Dividend Payout Option;INF740K01RT5;;13.7848;13.7848;13.7848;10-Dec-2015
121029;DSP BlackRock RGESS Fund - Series 1 - Direct Plan - Dividend Payout Option;INF740K01RV1;;13.9741;13.9741;13.9741;10-Dec-2015
121031;DSP BlackRock RGESS Fund - Series 1 - Regular Plan - Growth Option;INF740K01RS7;;13.7848;13.7848;13.7848;10-Dec-2015
131483;DSP 3 Years Close Ended Equity Fund - Direct Plan - Dividend (Maturity Date 4-Jan-2021);INF740KA1DB9;;10.316;10.316;10.316;10-Dec-2015
131484;DSP 3 Years Close Ended Equity Fund - Direct Plan - Growth (Maturity Date 4-Jan-2021);INF740KA1DA1;;10.316;10.316;10.316;10-Dec-2015
131485;DSP 3 Years Close Ended Equity Fund - Regular Plan - Dividend (Maturity Date 4-Jan-2021);INF740KA1CZ0;;10.273;10.273;10.273;10-Dec-2015
131482;DSP 3 Years Close Ended Equity Fund - Regular Plan - Growth (Maturity Date 4-Jan-2021);INF740KA1CY3;;10.273;10.273;10.273;10-Dec-2015

HDFC Mutual Fund
133528;HDFC FOCUSED EQUITY FUND - Direct Plan - Dividend Option;INF179KA1T76;;9.256;0;0;10-Dec-2015
133529;HDFC FOCUSED EQUITY FUND - Direct Plan - Growth Option;INF179KA1T68;;9.256;0;0;10-Dec-2015
133526;HDFC FOCUSED EQUITY FUND - Regular Plan - Dividend Option;INF179KA1T92;;9.217;0;0;10-Dec-2015
133527;HDFC FOCUSED EQUITY FUND - Regular Plan - Growth Option;INF179KA1T84;;9.217;0;0;10-Dec-2015
134334;HDFC Focused Equity Fund - Plan B - Direct Plan - Growth Option;INF179KA16O1;;9.69;0;0;10-Dec-2015
134333;HDFC Focused Equity Fund - Plan B - Direct Plan-  Dividend Option;INF179KA17O9;;9.69;0;0;10-Dec-2015
134335;HDFC Focused Equity Fund - Plan B - Regular Plan - Dividend Option;INF179KA19O5;;9.657;0;0;10-Dec-2015
134336;HDFC Focused Equity Fund - Plan B - Regular Plan - Growth Option;INF179KA18O7;;9.657;0;0;10-Dec-2015
121266;HDFC Rajiv Gandhi Equity Savings Scheme - Series 1 - February 2013-Direct Plan-Dividend Option;INF179K01E97;;13.666;0;0;10-Dec-2015
121265;HDFC Rajiv Gandhi Equity Savings Scheme - Series 1 - February 2013-Direct Plan-Growth Option;INF179K01E89;;14.839;0;0;10-Dec-2015
121264;HDFC Rajiv Gandhi Equity Savings Scheme - Series 1 - February 2013-Regular Plan-Dividend Option;INF179K01E71;;13.472;0;0;10-Dec-2015
121263;HDFC Rajiv Gandhi Equity Savings Scheme - Series 1 - February 2013-Regular Plan-Growth Option;INF179K01E63;;14.641;0;0;10-Dec-2015
126893;HDFC Rajiv Gandhi Equity Savings Scheme - Series 2 - Direct Plan - Dividend Option;INF179KA1BQ1;;12.999;0;0;10-Dec-2015
126895;HDFC Rajiv Gandhi Equity Savings Scheme - Series 2 - Direct Plan - Growth Option;INF179KA1BP3;;12.999;0;0;10-Dec-2015
126896;HDFC Rajiv Gandhi Equity Savings Scheme - Series 2 - Regular Plan - Dividend Option;INF179KA1BO6;;12.886;0;0;10-Dec-2015
126894;HDFC Rajiv Gandhi Equity Savings Scheme - Series 2 - Regular Plan - Growth Option;INF179KA1BN8;;12.886;0;0;10-Dec-2015

ICICI Prudential Mutual Fund
135406;ICICI Prudential Business Cycle Fund - Series 1  Cumulative Option;INF109KB1MX8;;9.61;N.A.;N.A.;10-Dec-2015
135404;ICICI Prudential Business Cycle Fund - Series 1 Direct Plan Cumulative Option;INF109KB1MV2;;9.64;N.A.;N.A.;10-Dec-2015
135405;ICICI Prudential Business Cycle Fund - Series 1 Direct Plan Dividend Option;INF109KB1MW0;;9.64;N.A.;N.A.;10-Dec-2015
135407;ICICI Prudential Business Cycle Fund - Series 1 Dividend Option;INF109KB1MY6;;9.61;N.A.;N.A.;10-Dec-2015
135550;ICICI Prudential Business Cycle Fund - Series 2  Cumulative Option;INF109KB1OH7;;9.71;N.A.;N.A.;10-Dec-2015
135549;ICICI Prudential Business Cycle Fund - Series 2  Dividend Option;INF109KB1OI5;;9.71;N.A.;N.A.;10-Dec-2015
135547;ICICI Prudential Business Cycle Fund - Series 2 Direct Plan Cumulative Option;INF109KB1OF1;;9.73;N.A.;N.A.;10-Dec-2015
135548;ICICI Prudential Business Cycle Fund - Series 2 Direct Plan Dividend Option;INF109KB1OG9;;9.73;N.A.;N.A.;10-Dec-2015
126677;ICICI Prudential Equity Savings Fund - Series 1  - Dividend;INF109KA1LK8;;11.49;N.A.;N.A.;10-Dec-2015
126675;ICICI Prudential Equity Savings Fund - Series 1 - Cumulative;INF109KA1LJ0;;17.09;N.A.;N.A.;10-Dec-2015
126676;ICICI Prudential Equity Savings Fund - Series 1 Direct Plan - Cumulative;INF109KA1LL6;;17.42;N.A.;N.A.;10-Dec-2015
126678;ICICI Prudential Equity Savings Fund - Series 1 Direct Plan - Dividend;INF109KA1LM4;;11.76;N.A.;N.A.;10-Dec-2015
130003;ICICI Prudential Growth Fund- Series 1 Direct Dividend;INF109KB12R8;;11.54;N.A.;N.A.;10-Dec-2015
130004;ICICI Prudential Growth Fund- Series 1 Dividend;INF109KB13R6;;11.28;N.A.;N.A.;10-Dec-2015
130593;ICICI Prudential Growth Fund - Series 2 Direct Dividend;INF109KC1796;;11.88;N.A.;N.A.;10-Dec-2015
130594;ICICI Prudential Growth Fund - Series 2 Dividend;INF109KC1804;;11.64;N.A.;N.A.;10-Dec-2015
131317;ICICI Prudential Growth Fund - Series 3 Direct IDCW;INF109KA1S17;;10.83;N.A.;N.A.;10-Dec-2015
131318;ICICI Prudential Growth Fund - Series 3 IDCW;INF109KA1S09;;10.63;N.A.;N.A.;10-Dec-2015
131545;ICICI Prudential Growth Fund - Series 4 Direct Dividend;INF109KA1Y76;;11.18;N.A.;N.A.;10-Dec-2015
131546;ICICI Prudential Growth Fund - Series 4 Dividend;INF109KA1Y68;;11.00;N.A.;N.A.;10-Dec-2015
133128;ICICI Prudential Growth Fund - Series 5 Direct Dividend;INF109KA13K3;;10.08;N.A.;N.A.;10-Dec-2015
133129;ICICI Prudential Growth Fund - Series 5 Dividend;INF109KA12K5;;9.94;N.A.;N.A.;10-Dec-2015
133274;ICICI Prudential Growth Fund - Series 6  Dividend;INF109KA14O3;;9.76;N.A.;N.A.;10-Dec-2015
133275;ICICI Prudential Growth Fund - Series 6 Direct Dividend;INF109KA15O0;;9.90;N.A.;N.A.;10-Dec-2015
133425;ICICI Prudential Growth Fund - Series 7  Dividend;INF109KA18P1;;9.93;N.A.;N.A.;10-Dec-2015
133426;ICICI Prudential Growth Fund - Series 7 Direct Dividend;INF109KA19P9;;10.05;N.A.;N.A.;10-Dec-2015
133468;ICICI Prudential Growth Fund - Series 8  Dividend;INF109KA19R5;;8.43;N.A.;N.A.;10-Dec-2015
133467;ICICI Prudential Growth Fund - Series 8 Direct Dividend;INF109KA10S2;;8.54;N.A.;N.A.;10-Dec-2015
133965;ICICI Prudential India Recovery Fund - Series 1 Direct Dividend;INF109KB1128;;9.73;N.A.;N.A.;10-Dec-2015
133966;ICICI Prudential India Recovery Fund - Series 1 Dividend;INF109KB1110;;9.63;N.A.;N.A.;10-Dec-2015
134043;ICICI Prudential India Recovery Fund - Series 2 Direct Dividend;INF109KB1300;;9.99;N.A.;N.A.;10-Dec-2015
134042;ICICI Prudential India Recovery Fund - Series 2 Dividend;INF109KB1292;;9.87;N.A.;N.A.;10-Dec-2015
135323;ICICI Prudential India Recovery Fund - Series 3 Cumulative Option;INF109KB1MD0;;9.72;N.A.;N.A.;10-Dec-2015
135322;ICICI Prudential India Recovery Fund - Series 3 Direct Plan Cumulative Option;INF109KB1ME8;;9.76;N.A.;N.A.;10-Dec-2015
135216;ICICI Prudential India Recovery Fund - Series 3 Direct Plan Dividend Option;INF109KB1LQ4;;9.76;N.A.;N.A.;10-Dec-2015
135217;ICICI Prudential India Recovery Fund - Series 3 Dividend Option;INF109KB1LP6;;9.72;N.A.;N.A.;10-Dec-2015
124842;ICICI Prudential Value Fund - Series 1 - Direct Dividend;INF109KB1J57;;14.11;N.A.;N.A.;10-Dec-2015
124843;ICICI Prudential Value Fund - Series 1 -Dividend;INF109KB1J40;;13.77;N.A.;N.A.;10-Dec-2015
125410;ICICI Prudential Value Fund - Series 2 - Direct Dividend;INF109KB1L38;;14.01;N.A.;N.A.;10-Dec-2015
125411;ICICI Prudential Value Fund - Series 2 - Dividend;INF109KB1L20;;13.66;N.A.;N.A.;10-Dec-2015
127628;ICICI Prudential Value Fund - Series 3 - Direct Dividend;INF109KA1OE5;;12.75;N.A.;N.A.;10-Dec-2015
127629;ICICI Prudential Value Fund - Series 3 - Dividend;INF109KA1OD7;;12.47;N.A.;N.A.;10-Dec-2015
129229;ICICI Prudential Value Fund - Series 4  Dividend;INF109KA1TQ8;;11.29;N.A.;N.A.;10-Dec-2015
129235;ICICI Prudential Value Fund - Series 4 Cumulative Option;INF109KA1TP0;;16.46;N.A.;N.A.;10-Dec-2015
129234;ICICI Prudential Value Fund - Series 4 Direct Plan Cumulative Option;INF109KA1TR6;;16.67;N.A.;N.A.;10-Dec-2015
129228;ICICI Prudential Value Fund - Series 4 Direct Plan Dividend;INF109KA1TS4;;11.46;N.A.;N.A.;10-Dec-2015
130987;ICICI Prudential Value Fund - Series 5  Cumulative Option;INF109KA1J00;;10.38;N.A.;N.A.;10-Dec-2015
130988;ICICI Prudential Value Fund - Series 5 Direct Plan Cumulative Option;INF109KA1J26;;10.53;N.A.;N.A.;10-Dec-2015
130986;ICICI Prudential Value Fund - Series 5 Direct Plan Dividend Option;INF109KA1J34;;9.84;N.A.;N.A.;10-Dec-2015
130985;ICICI Prudential Value Fund - Series 5 Dividend Option;INF109KA1J18;;9.69;N.A.;N.A.;10-Dec-2015
134192;ICICI Prudential Value Fund - Series 6  Cumulative Option;INF109KB1557;;8.95;N.A.;N.A.;10-Dec-2015
134191;ICICI Prudential Value Fund - Series 6  Dividend Option;INF109KB1565;;8.95;N.A.;N.A.;10-Dec-2015
134189;ICICI Prudential Value Fund - Series 6 Direct Plan Cumulative Option;INF109KB1573;;9.04;N.A.;N.A.;10-Dec-2015
134190;ICICI Prudential Value Fund - Series 6 Direct Plan Dividend Option;INF109KB1581;;9.04;N.A.;N.A.;10-Dec-2015
134657;ICICI Prudential Value Fund - Series 7 Direct Plan Dividend Option;INF109KB1EW7;;9.65;N.A.;N.A.;10-Dec-2015
134656;ICICI Prudential Value Fund - Series 7 Dividend Option;INF109KB1EU1;;9.60;N.A.;N.A.;10-Dec-2015
135035;ICICI Prudential Value Fund - Series 8 Direct Plan Dividend Option;INF109KC1JK0;;9.59;N.A.;N.A.;10-Dec-2015
135036;ICICI Prudential Value Fund - Series 8 Dividend Option;INF109KC1JJ2;;9.53;N.A.;N.A.;10-Dec-2015

IDBI Mutual Fund
121085;IDBI RGESS-Series-I(Plan A) Dividend-Direct;INF397L01CG1;;15.4600;15.4600;15.4600;10-Dec-2015
121083;IDBI RGESS-Series-I(Plan A) Dividend-Regular;INF397L01CH9;;15.2500;15.2500;15.2500;10-Dec-2015
121086;IDBI RGESS-Series-I(Plan A) Growth-Direct;INF397L01CK3;;15.4600;15.4600;15.4600;10-Dec-2015
121084;IDBI RGESS-Series-I(Plan A) Growth-Regular;INF397L01CL1;;15.2500;15.2500;15.2500;10-Dec-2015

Kotak Mahindra Mutual Fund
134568;Kotak India Gorwth Fund - Series I - Direct Plan - Dividend;INF174K01P57;;10.094;10.094;10.094;10-Dec-2015
134567;Kotak India Gorwth Fund - Series I - Direct Plan - Growth;INF174K01P40;;10.094;10.094;10.094;10-Dec-2015
134566;Kotak India Gorwth Fund - Series I - Regular Plan - Dividend;INF174K01P32;;10.0645;10.0645;10.0645;10-Dec-2015
134565;Kotak India Gorwth Fund - Series I - Regular Plan - Growth;INF174K01P24;;10.0645;10.0645;10.0645;10-Dec-2015

LIC Mutual Fund
131047;LIC MF Diversified Equity Fund-Series 1-Direct Plan-Dividend Payout;INF767K01LN4;;9.4092;9.4092;9.4092;10-Dec-2015
131048;LIC MF Diversified Equity Fund-Series 1-Direct Plan-Growth;INF767K01LO2;;9.4092;9.4092;9.4092;10-Dec-2015
131049;LIC MF Diversified Equity Fund-Series 1-Regular Plan-Dividend Payout;INF767K01LL8;;9.3416;9.3416;9.3416;10-Dec-2015
131050;LIC MF Diversified Equity Fund-Series 1-Regular Plan-Growth;INF767K01LM6;;9.3416;9.3416;9.3416;10-Dec-2015
132913;LIC MF Diversified Equity Fund-Series 2-Direct Plan-Dividend Payout;INF767K01ML6;;8.9238;8.9238;8.9238;10-Dec-2015
132916;LIC MF Diversified Equity Fund-Series 2-Direct Plan-Growth;INF767K01MM4;;8.9238;8.9238;8.9238;10-Dec-2015
132914;LIC MF Diversified Equity Fund-Series 2-Regular Plan-Dividend Payout;INF767K01MJ0;;8.8781;8.8781;8.8781;10-Dec-2015
132915;LIC MF Diversified Equity Fund-Series 2-Regular Plan-Growth;INF767K01MK8;;8.8781;8.8781;8.8781;10-Dec-2015
127898;LIC MF RAJIV GANDHI EQUITY SAVINGS SCHEME 2- DIRECT PLAN - DIVIDEND PAYOUT;INF767K01BS4;;11.0412;10.9308;11.0412;10-Dec-2015
127899;LIC MF RAJIV GANDHI EQUITY SAVINGS SCHEME 2- DIRECT PLAN - GROWTH;INF767K01BR6;;12.1941;12.0722;12.1941;10-Dec-2015
127901;LIC MF RAJIV GANDHI EQUITY SAVINGS SCHEME 2- REGULAR PLAN - DIVIDEND PAYOUT;INF767K01BQ8;;10.9345;10.8252;10.9345;10-Dec-2015
127900;LIC MF RAJIV GANDHI EQUITY SAVINGS SCHEME 2- REGULAR PLAN - GROWTH;INF767K01BP0;;12.0850;11.9642;12.0850;10-Dec-2015
133550;LIC MF Rajiv Gandhi Equity Savings Scheme-Series 3-Direct Plan-Dividend Payout;INF767K01MY9;;8.6933;8.6933;8.6933;10-Dec-2015
133581;LIC MF Rajiv Gandhi Equity Savings Scheme-Series 3-Direct Plan-Growth;INF767K01MZ6;;8.6935;8.6935;8.6935;10-Dec-2015
133582;LIC MF Rajiv Gandhi Equity Savings Scheme-Series 3-Regular Plan-Dividend Payout;INF767K01MW3;;8.6905;8.6905;8.6905;10-Dec-2015
133583;LIC MF Rajiv Gandhi Equity Savings Scheme-Series 3-Regular Plan-Growth;INF767K01MX1;;8.6905;8.6905;8.6905;10-Dec-2015
121251;LIC NOMURA MF RGESS FUND Series 1  Dividend Option;INF767K01BU0;;12.2913;12.1684;12.2913;10-Dec-2015
121253;LIC NOMURA MF RGESS FUND Series 1 Direct Dividend Option;INF767K01BW6;;12.4816;12.3568;12.4816;10-Dec-2015
121254;LIC NOMURA MF RGESS FUND Series 1 Direct Growth Option;INF767K01BV8;;14.5950;14.4491;14.5950;10-Dec-2015
121252;LIC NOMURA MF RGESS FUND Series 1 Growth Option;INF767K01BT2;;14.3970;14.2530;14.3970;10-Dec-2015

Nippon India Mutual Fund
133311;Reliance Capital Builder Fund II - Series B - Direct Plan - Dividend Payout Option;INF204KA1ZJ4;;8.4707;8.4707;8.4707;10-Dec-2015
133310;Reliance Capital Builder Fund II - Series B - Direct Plan - Growth Option;INF204KA1ZI6;;8.4707;8.4707;8.4707;10-Dec-2015
133309;Reliance Capital Builder Fund II - Series B - Dividend Payout Option;INF204KA1ZH8;;8.3539;8.3539;8.3539;10-Dec-2015
133308;Reliance Capital Builder Fund II - Series B - Growth Option;INF204KA1ZG0;;8.3539;8.3539;8.3539;10-Dec-2015
133883;Reliance Capital Builder Fund II - Series C - Direct Plan - Dividend Payout Option;INF204KA1F86;;9.0866;9.0866;9.0866;10-Dec-2015
133882;Reliance Capital Builder Fund II - Series C - Direct Plan - Growth Option;INF204KA1F78;;9.0866;9.0866;9.0866;10-Dec-2015
133885;Reliance Capital Builder Fund II - Series C - Dividend Payout Option;INF204KA1F60;;8.9883;8.9883;8.9883;10-Dec-2015
133884;Reliance Capital Builder Fund II - Series C - Growth Option;INF204KA1F52;;8.9883;8.9883;8.9883;10-Dec-2015
133131;Reliance Capital Builder Fund II- Series A- Direct Plan-Dividend Payout Option;INF204KA1YL3;;8.9997;8.9997;8.9997;10-Dec-2015
133132;Reliance Capital Builder Fund II- Series A- Direct Plan-Growth Option;INF204KA1YK5;;8.9997;8.9997;8.9997;10-Dec-2015
133133;Reliance Capital Builder Fund II- Series A- Dividend Payout Option;INF204KA1YJ7;;8.9505;8.9505;8.9505;10-Dec-2015
133134;Reliance Capital Builder Fund II- Series A- Growth Option;INF204KA1YI9;;8.9505;8.9505;8.9505;10-Dec-2015
134772;Reliance Capital Builder Fund III - Series A - Direct Plan - Dividend Payout Option;INF204KA16D0;;9.0307;9.0307;9.0307;10-Dec-2015
134773;Reliance Capital Builder Fund III - Series A - Direct Plan - Growth Option;INF204KA15D2;;9.0307;9.0307;9.0307;10-Dec-2015
134775;Reliance Capital Builder Fund III - Series A - Dividend Payout Option;INF204KA14D5;;8.9682;8.9682;8.9682;10-Dec-2015
134774;Reliance Capital Builder Fund III - Series A - Growth Option;INF204KA13D7;;8.9682;8.9682;8.9682;10-Dec-2015
130652;Reliance Capital Builder Fund- Series A- Direct Plan- Dividend Payout Opotion;INF204KA1RY0;;12.4738;12.4738;12.4738;10-Dec-2015
130651;Reliance Capital Builder Fund- Series A- Direct Plan- Growth Option;INF204KA1RX2;;12.4738;12.4738;12.4738;10-Dec-2015
130650;Reliance Capital Builder Fund- Series A- Dividend Payout Option;INF204KA1RW4;;12.3407;12.3407;12.3407;10-Dec-2015
130653;Reliance Capital Builder Fund- Series A- Growth Option;INF204KA1RV6;;12.3407;12.3407;12.3407;10-Dec-2015
130880;Reliance Capital Builder Fund- Series B- Direct Plan- Dividend Payout Option;INF204KA1SW2;;10.9416;10.9416;10.9416;10-Dec-2015
130879;Reliance Capital Builder Fund- Series B- Direct Plan- Growth Opiton;INF204KA1SV4;;10.9416;10.9416;10.9416;10-Dec-2015
130881;Reliance Capital Builder Fund- Series B- Dividend Payout Option;INF204KA1SU6;;10.7371;10.7371;10.7371;10-Dec-2015
130878;Reliance Capital Builder Fund- Series B- Growth Option;INF204KA1ST8;;10.7371;10.7371;10.7371;10-Dec-2015
131272;Reliance Capital Builder Fund- Series C- Direct Plan- Dividend Payout Option;INF204KA1UE6;;11.2415;11.2415;11.2415;10-Dec-2015
131271;Reliance Capital Builder Fund- Series C- Direct Plan- Growth Option;INF204KA1UD8;;11.2415;11.2415;11.2415;10-Dec-2015
131269;Reliance Capital Builder Fund- Series C- Dividend Payout Option;INF204KA1UC0;;11.0337;11.0337;11.0337;10-Dec-2015
131270;Reliance Capital Builder Fund- Series C- Growth Option;INF204KA1UB2;;11.0337;11.0337;11.0337;10-Dec-2015
125273;Reliance Close Ended Equity Fund - Series A - Direct Plan - Dividend Payout Option;INF204K018R7;;15.2342;15.2342;15.2342;10-Dec-2015
125271;Reliance Close Ended Equity Fund - Series A - Direct Plan - Growth Option;INF204K017R9;;17.8310;17.8310;17.8310;10-Dec-2015
125272;Reliance Close Ended Equity Fund - Series A - Dividend Payout Option;INF204K016R1;;14.8044;14.8044;14.8044;10-Dec-2015
125270;Reliance Close Ended Equity Fund - Series A - Growth Option;INF204K015R3;;17.3684;17.3684;17.3684;10-Dec-2015
125889;Reliance Close Ended Equity Fund - Series B - Direct Plan - Dividend Payout Option;INF204K012S8;;15.0133;15.0133;15.0133;10-Dec-2015
125888;Reliance Close Ended Equity Fund - Series B - Direct Plan - Growth Option;INF204K011S0;;17.6020;17.6020;17.6020;10-Dec-2015
125890;Reliance Close Ended Equity Fund - Series B - Dividend Payout Option;INF204K010S2;;14.6024;14.6024;14.6024;10-Dec-2015
125887;Reliance Close Ended Equity Fund - Series B - Growth Option;INF204K019R5;;17.1574;17.1574;17.1574;10-Dec-2015
129572;Reliance Close Ended Equity Fund II- Series A- Direct Plan- Dividend Payout Option;INF204KA1OW1;;13.7165;13.7165;13.7165;10-Dec-2015
129571;Reliance Close Ended Equity Fund II- Series A- Direct Plan- Growth Option;INF204KA1OV3;;13.7165;13.7165;13.7165;10-Dec-2015
129573;Reliance Close Ended Equity Fund II- Series A- Dividend Payout Option;INF204KA1OU5;;13.4420;13.4420;13.4420;10-Dec-2015
129574;Reliance Close Ended Equity Fund II- Series A- Growth Option;INF204KA1OT7;;13.4420;13.4420;13.4420;10-Dec-2015

SBI Mutual Fund
131339;SBI EQUITY OPPORTUNITIES FUND - SERIES I - DIRECT PLAN - DIVIDEND;INF200K017S1;;11.4141;N.A.;N.A.;10-Dec-2015
131338;SBI EQUITY OPPORTUNITIES FUND - SERIES I - DIRECT PLAN - GROWTH;INF200K016S3;;11.4081;N.A.;N.A.;10-Dec-2015
131337;SBI EQUITY OPPORTUNITIES FUND - SERIES I - REGULAR PLAN - DIVIDEND;INF200K015S5;;11.371;N.A.;N.A.;10-Dec-2015
131336;SBI EQUITY OPPORTUNITIES FUND - SERIES I - REGULAR PLAN - GROWTH;INF200K014S8;;11.3711;N.A.;N.A.;10-Dec-2015
133109;SBI EQUITY OPPORTUNITIES FUND - SERIES II - DIRECT PLAN - DIVIDEND;INF200K011Z9;;9.8961;N.A.;N.A.;10-Dec-2015
133108;SBI EQUITY OPPORTUNITIES FUND - SERIES II - DIRECT PLAN - GROWTH;INF200K010Z1;;9.897;N.A.;N.A.;10-Dec-2015
133107;SBI EQUITY OPPORTUNITIES FUND - SERIES II - REGULAR PLAN - DIVIDEND;INF200K019Y5;;9.8647;N.A.;N.A.;10-Dec-2015
133106;SBI EQUITY OPPORTUNITIES FUND - SERIES II - REGULAR PLAN - GROWTH;INF200K018Y7;;9.865;N.A.;N.A.;10-Dec-2015
135507;SBI EQUITY OPPORTUNITIES FUND -  SERIES IV - REGULAR PLAN - GROWTH;INF200KA1GP5;;9.9868;N.A.;N.A.;10-Dec-2015
135506;SBI EQUITY OPPORTUNITIES FUND - SERIES IV - DIRECT PLAN - GROWTH;INF200KA1GN0;;10.006;N.A.;N.A.;10-Dec-2015
135509;SBI Equity Opportunities Fund-Series IV - Direct Plan - Income Distribution cum Capital Withdrawal Option (IDCW);INF200KA1GO8;;10.0036;N.A.;N.A.;10-Dec-2015
135508;SBI Equity Opportunities Fund-Series IV - Regular Plan - Income Distribution cum Capital Withdrawal Option (IDCW);INF200KA1GQ3;;9.9867;N.A.;N.A.;10-Dec-2015

Sundaram Mutual Fund
125777;Sundaram Select Micro Cap Series I - Direct Plan - Dividend Option;INF903J01YN0;;16.3806;16.3806;16.3806;10-Dec-2015
125778;Sundaram Select Micro Cap Series I - Direct Plan - Growth Option;INF903J01YM2;;25.7792;25.7792;25.7792;10-Dec-2015
125776;Sundaram Select Micro Cap Series I - Regular Plan - Dividend Option;INF903J01YL4;;15.8378;15.8378;15.8378;10-Dec-2015
125775;Sundaram Select Micro Cap Series I - Regular Plan - Growth Option;INF903J01YK6;;25.0859;25.0859;25.0859;10-Dec-2015
126407;Sundaram Select Micro Cap Series II - Direct Plan - Dividend Option;INF903J01ZB2;;16.2900;16.2900;16.2900;10-Dec-2015
126408;Sundaram Select Micro Cap Series II - Direct Plan - Growth Option;INF903J01ZA4;;25.6592;25.6592;25.6592;10-Dec-2015
126409;Sundaram Select Micro Cap Series II - Regular Plan - Dividend Option;INF903J01YZ4;;15.7802;15.7802;15.7802;10-Dec-2015
126410;Sundaram Select Micro Cap Series II - Regular Plan - Growth Option;INF903J01YY7;;25.0251;25.0251;25.0251;10-Dec-2015
126847;Sundaram Select Micro Cap Series III - Direct Plan - Dividend Option;INF903J01ZX6;;15.9439;15.9439;15.9439;10-Dec-2015
126848;Sundaram Select Micro Cap Series III - Direct Plan - Growth Option;INF903J01ZW8;;25.1281;25.1281;25.1281;10-Dec-2015
126845;Sundaram Select Micro Cap Series III - Regular Plan - Dividend Option;INF903J01ZV0;;15.4654;15.4654;15.4654;10-Dec-2015
126846;Sundaram Select Micro Cap Series III - Regular Plan - Growth Option;INF903J01ZU2;;24.5387;24.5387;24.5387;10-Dec-2015
127668;Sundaram Select Micro Cap Series IV - Direct Plan - Dividend Option;INF903J01A14;;14.6234;14.6234;14.6234;10-Dec-2015
127669;Sundaram Select Micro Cap Series IV - Direct Plan - Growth Option;INF903J01A06;;23.8532;23.8532;23.8532;10-Dec-2015
127670;Sundaram Select Micro Cap Series IV - Regular Plan - Dividend Option;INF903J01ZZ1;;14.1989;14.1989;14.1989;10-Dec-2015
127671;Sundaram Select Micro Cap Series IV - Regular Plan - Growth Option;INF903J01ZY4;;23.3187;23.3187;23.3187;10-Dec-2015
135568;Sundaram Select Micro Cap Series IX - Direct Plan - Dividend Payout;INF903J018V6;;10.0685;10.0685;10.0685;10-Dec-2015
135570;Sundaram Select Micro Cap Series IX - Regular Plan - Dividend Payout;INF903J016V0;;10.0511;10.0511;10.0511;10-Dec-2015
135569;Sundaram Select Micro Cap Series IX - Regular Plan - Growth;INF903J015V2;;10.0511;10.0511;10.0511;10-Dec-2015
135567;Sundaram Select Micro Cap Series IX-Direct Plan Growth;INF903J017V8;;10.0685;10.0685;10.0685;10-Dec-2015
131003;Sundaram Select Micro Cap Series V - Direct Plan Growth Option;INF903J01R23;;14.3189;14.3189;14.3189;10-Dec-2015
131004;Sundaram Select Micro Cap Series V - Regular Plan Dividend Option;INF903J01R15;;13.0450;13.0450;13.0450;10-Dec-2015
131002;Sundaram Select Micro Cap Series V- Direct Plan Dividend Option;INF903J01R31;;13.2907;13.2907;13.2907;10-Dec-2015
131005;Sundaram Select Micro Cap Series V- Regular Plan Growth Option;INF903J01R07;;14.0696;14.0696;14.0696;10-Dec-2015
131335;Sundaram Select Micro Cap Series VI Direct Dividend Payout;INF903J01U77;;12.1390;12.1390;12.1390;10-Dec-2015
131334;Sundaram Select Micro Cap Series VI Direct Growth;INF903J01U69;;12.6065;12.6065;12.6065;10-Dec-2015
131333;Sundaram Select Micro Cap Series VI Regular Dividend Payout;INF903J01U51;;11.9381;11.9381;11.9381;10-Dec-2015
131332;Sundaram Select Micro Cap Series VI Regular Growth;INF903J01U44;;12.4044;12.4044;12.4044;10-Dec-2015
131555;Sundaram Select Micro Cap Series VII - Direct Plan Growth Option;INF903J01W83;;12.4186;12.4186;12.4186;10-Dec-2015
131556;Sundaram Select Micro Cap Series VII - Regular Plan Dividend Option;INF903J01W75;;11.7839;11.7839;11.7839;10-Dec-2015
131557;Sundaram Select Micro Cap Series VII- Direct Plan Dividend Option;INF903J01W91;;11.9571;11.9571;11.9571;10-Dec-2015
131558;Sundaram Select Micro Cap Series VII- Regular Plan Growth Option;INF903J01W67;;12.2504;12.2504;12.2504;10-Dec-2015
135490;Sundaram Select Micro Cap Series VIII  Direct Plan Growth;INF903J013V7;;10.1103;10.1103;10.1103;10-Dec-2015
135492;Sundaram Select Micro Cap Series VIII  Regular Plan Growth;INF903J011V1;;10.0855;10.0855;10.0855;10-Dec-2015
135489;Sundaram Select Micro Cap Series VIII Direct Plan Dividend;INF903J014V5;;10.1103;10.1103;10.1103;10-Dec-2015
135491;Sundaram Select Micro Cap Series VIII Regular Plan Dividend;INF903J012V9;;10.0855;10.0855;10.0855;10-Dec-2015
132986;Sundaram Select Small Cap Series II Direct Dividend Payout;INF903J01X90;;10.1702;10.1702;10.1702;10-Dec-2015
132985;Sundaram Select Small Cap Series II Direct Growth;INF903J01X82;;10.1702;10.1702;10.1702;10-Dec-2015
132984;Sundaram Select Small Cap Series II Regular Dividend Payout;INF903J01X74;;10.0477;10.0477;10.0477;10-Dec-2015
132983;Sundaram Select Small Cap Series II Regular Growth;INF903J01X66;;10.0477;10.0477;10.0477;10-Dec-2015
134298;Sundaram Select Small Cap Series III Direct Dividend;INF903J019G5;;9.9590;9.9590;9.9590;10-Dec-2015
134297;Sundaram Select Small Cap Series III Direct Growth;INF903J018G7;;9.9437;9.9437;9.9437;10-Dec-2015
134296;Sundaram Select Small Cap Series III Regular Dividend;INF903J017G9;;9.8923;9.8923;9.8923;10-Dec-2015
134295;Sundaram Select Small Cap Series III Regular Growth;INF903J016G1;;9.8923;9.8923;9.8923;10-Dec-2015
134374;Sundaram Select Small Cap Series IV - Direct Dividend Payout;INF903J011K4;;9.8987;9.8987;9.8987;10-Dec-2015
134373;Sundaram Select Small Cap Series IV - Direct Growth;INF903J010K6;;9.8987;9.8987;9.8987;10-Dec-2015
134372;Sundaram Select Small Cap Series IV - Regular Dividend Payout;INF903J019J9;;9.8614;9.8614;9.8614;10-Dec-2015
134371;Sundaram Select Small Cap Series IV - Regular Growth;INF903J018J1;;9.8614;9.8614;9.8614;10-Dec-2015
129694;Sundaram Top 100 Series I Direct Plan Dividend Payout;INF903J01M51;;11.2094;11.2094;11.2094;10-Dec-2015
129693;Sundaram Top 100 Series I Direct Plan Growth;INF903J01M44;;11.7097;11.7097;11.7097;10-Dec-2015
129696;Sundaram Top 100 Series I Regular Plan Dividend Payout;INF903J01M36;;10.9558;10.9558;10.9558;10-Dec-2015
129695;Sundaram Top 100 Series I Regular Plan Growth;INF903J01M28;;11.4505;11.4505;11.4505;10-Dec-2015
129886;Sundaram Top 100 Series II Direct Plan Dividend Payout;INF903J01M93;;11.2170;11.2170;11.2170;10-Dec-2015
129887;Sundaram Top 100 Series II Direct Plan Growth;INF903J01M85;;11.2170;11.2170;11.2170;10-Dec-2015
129888;Sundaram Top 100 Series II Regular Plan Dividend Payout;INF903J01M77;;10.9821;10.9821;10.9821;10-Dec-2015
129889;Sundaram Top 100 Series II Regular Plan Growth;INF903J01M69;;10.9821;10.9821;10.9821;10-Dec-2015
130345;Sundaram Top 100 Series III Direct Plan Dividend Payout;INF903J01O59;;10.9756;10.9756;10.9756;10-Dec-2015
130346;Sundaram Top 100 Series III Direct Plan Growth;INF903J01O42;;10.9756;10.9756;10.9756;10-Dec-2015
130347;Sundaram Top 100 Series III Regular Plan Dividend Payout;INF903J01O34;;10.7671;10.7671;10.7671;10-Dec-2015
130348;Sundaram Top 100 Series III Regular Plan Growth;INF903J01O26;;10.7671;10.7671;10.7671;10-Dec-2015
133356;Sundaram Top 100 Series IV Direct Plan Dividend Payout;INF903J019A8;;9.6512;9.6512;9.6512;10-Dec-2015
133355;Sundaram Top 100 Series IV Direct Plan Growth;INF903J018A0;;9.6512;9.6512;9.6512;10-Dec-2015
133354;Sundaram Top 100 Series IV Regular Plan Dividend Payout;INF903J017A2;;9.5744;9.5744;9.5744;10-Dec-2015
133353;Sundaram Top 100 Series IV Regular Plan Growth;INF903J016A4;;9.5750;9.5750;9.5750;10-Dec-2015
133591;Sundaram Top 100 Series V Direct Plan Dividend Payout;INF903J011D9;;9.3926;9.3926;9.3926;10-Dec-2015
133590;Sundaram Top 100 Series V Direct Plan Growth;INF903J010D1;;9.3926;9.3926;9.3926;10-Dec-2015
133589;Sundaram Top 100 Series V Regular Plan Dividend Payout;INF903J019C4;;9.3431;9.3431;9.3431;10-Dec-2015
133588;Sundaram Top 100 Series V Regular Plan Growth;INF903J018C6;;9.3431;9.3431;9.3431;10-Dec-2015
133321;Sundaram Value Fund Series I Direct Dividend Payout;INF903J011A5;;10.4837;10.4837;10.4837;10-Dec-2015
133320;Sundaram Value Fund Series I Direct Growth;INF903J010A7;;10.4837;10.4837;10.4837;10-Dec-2015
133319;Sundaram Value Fund Series I Regular Dividend Payout;INF903J01Z98;;10.3963;10.3963;10.3963;10-Dec-2015
133318;Sundaram Value Fund Series I Regular Plan Growth;INF903J01Z80;;10.3963;10.3963;10.3963;10-Dec-2015
133560;Sundaram Value Fund Series II Direct Plan Dividend Payout;INF903J017C8;;10.6833;10.6833;10.6833;10-Dec-2015
133559;Sundaram Value Fund Series II Direct Plan Growth;INF903J016C0;;10.6833;10.6833;10.6833;10-Dec-2015
133558;Sundaram Value Fund Series II Regular Plan Dividend Payout;INF903J015C2;;10.6106;10.6106;10.6106;10-Dec-2015
133557;Sundaram Value Fund Series II Regular Plan Growth;INF903J014C5;;10.6106;10.6106;10.6106;10-Dec-2015
133117;Sundaram World brand Fund Series I Direct Plan Dividend Payout;INF903J01Y99;;11.1967;11.1967;11.1967;10-Dec-2015
133115;sundaram World Brand Fund Series I Direct Plan Growth;INF903J01Y81;;11.1967;11.1967;11.1967;10-Dec-2015
133116;Sundaram World Brand Fund Series I Regular Plan Dividend Payout;INF903J01Y73;;11.0727;11.0727;11.0727;10-Dec-2015
133114;Sundaram World Brand Fund Series I Regular Plan Growth;INF903J01Y65;;11.0727;11.0727;11.0727;10-Dec-2015
133121;Sundaram World Brand Fund Series II Direct Plan Dividend Payout;INF903J01Z31;;11.2062;11.2062;11.2062;10-Dec-2015
133120;Sundaram World Brand Fund Series II Direct Plan Growth;INF903J01Z23;;11.2062;11.2062;11.2062;10-Dec-2015
133119;Sundaram World Brand Fund Series II Regular Plan Dividend Payout;INF903J01Z15;;11.0869;11.0869;11.0869;10-Dec-2015
133118;Sundaram World Brand Fund Series II Regular Plan Growth;INF903J01Z07;;11.0869;11.0869;11.0869;10-Dec-2015
133242;Sundaram World Brand Fund Series III Direct Plan Dividend Payout;INF903J01Z72;;11.3392;11.3392;11.3392;10-Dec-2015
133241;Sundaram World Brand Fund Series III Direct Plan Growth;INF903J01Z64;;11.3392;11.3392;11.3392;10-Dec-2015
133243;Sundaram World Brand Fund Series III Regular Plan Dividend Payout;INF903J01Z56;;11.2257;11.2257;11.2257;10-Dec-2015
133240;Sundaram World Brand Fund Series III Regular Plan Growth;INF903J01Z49;;11.2257;11.2257;11.2257;10-Dec-2015

Union Mutual Fund
133834;Union Trigger Fund - Series 2 - Direct Plan - Growth Option;INF582M01CC5;;9.39;N.A.;N.A.;10-Dec-2015
133835;Union Trigger Fund - Series 2 - Regular Plan - Growth Option;INF582M01CD3;;9.34;N.A.;N.A.;10-Dec-2015

UTI Mutual Fund
131021;UTI Focussed Equity Fund Series - 1 (2195 Days) - Direct Plan - Dividend Option;INF789FC1Q55;;10.303;0;0;10-Dec-2015
131019;UTI Focussed Equity Fund Series - 1 (2195 Days) - Direct Plan - Growth Option;INF789FC1Q63;;10.303;0;0;10-Dec-2015
131020;UTI Focussed Equity Fund Series - 1 (2195 Days) - Regular Plan - Dividend Option;INF789FC1Q30;;10.0794;0;0;10-Dec-2015
131018;UTI Focussed Equity Fund Series - 1 (2195 Days) - Regular Plan - Growth Option;INF789FC1Q48;;10.0794;0;0;10-Dec-2015
133257;UTI Focussed Equity Fund - Series II (1102 Days) - Dividend Option;INF789FA14T1;;9.2787;0;0;10-Dec-2015
133259;UTI Focussed Equity Fund - Series II (1102 Days) - Dividend Option - Direct;INF789FA16T6;;9.4399;0;0;10-Dec-2015
133256;UTI Focussed Equity Fund - Series II (1102 Days) - Growth Option;INF789FA15T8;;9.2787;0;0;10-Dec-2015
133258;UTI Focussed Equity Fund - Series II (1102 Days) - Growth Option - Direct;INF789FA17T4;;9.4399;0;0;10-Dec-2015
121173;UTI- Rajiv Gandhi Equity Saving Scheme - Dividend Option;INF789F01YQ4;;13.4779;0;0;10-Dec-2015
121174;UTI- Rajiv Gandhi Equity Saving Scheme - Dividend Option -DIRECT;INF789F01YS0;;13.5885;0;0;10-Dec-2015
121175;UTI- Rajiv Gandhi Equity Saving Scheme - Growth Option;INF789F01YR2;;13.4779;0;0;10-Dec-2015
121176;UTI- Rajiv Gandhi Equity Saving Scheme - Growth Option - DIRECT;INF789F01YT8;;13.5884;0;0;10-Dec-2015

Close Ended Schemes ( ELSS )


Bandhan Mutual Fund
108864;IDFC Tax Saver (ELSS) Fund A DIVIDEND;INF194K01276;INF194K01284;22.0339;22.0339;22.0339;10-Dec-2015
108865;IDFC Tax Saver (ELSS) Fund A GROWTH;INF194K01268;;22.0378;22.0378;22.0378;10-Dec-2015

ICICI Prudential Mutual Fund
112101;ICICI Prudential R.I.G.H.T. Fund Dividend;INF109KA1XQ0;;22.11;N.A.;N.A.;10-Dec-2015
112100;ICICI Prudential R.I.G.H.T. Fund Growth;INF109KA1XP2;;28.86;N.A.;N.A.;10-Dec-2015

Invesco Mutual Fund
107714;Invesco India AGILE Tax Fund - Dividend Option;INF205K01FT4;;9.55;0.00;0.00;10-Dec-2015
107773;Invesco India AGILE Tax Fund - Growth Option;INF205K01FS6;;9.55;0.00;0.00;10-Dec-2015

L&T Mutual Fund
112625;L&T Long Term Advantage Fund I - Regular Plan - Dividend;INF917K01BQ9;;22.02;22.02;0.00;10-Dec-2015
112624;L&T Long Term Advantage Fund I - Regular Plan - Growth;INF917K01BR7;;34.66;34.66;0.00;10-Dec-2015

Nippon India Mutual Fund
107900;Reliance Equity Linked Saving Fund - Series I - Dividend Plan;INF204K01ON2;;24.7015;24.5636;24.7015;10-Dec-2015
107901;Reliance Equity Linked Saving Fund - Series I - Growth Plan;INF204K01OM4;;24.7015;24.5636;24.7015;10-Dec-2015

SBI Mutual Fund
132933;SBI LONG TERM ADVANTAGE FUND - SERIES I - DIRECT PLAN - GROWTH;INF200K018X9;;9.6083;N.A.;N.A.;10-Dec-2015
132934;SBI Long Term Advantage Fund - Series I - Direct Plan - Income Distribution cum Capital Withdrawal Option (IDCW);INF200K019X7;;9.6075;N.A.;N.A.;10-Dec-2015
132924;SBI LONG TERM ADVANTAGE FUND - SERIES I - REGULAR PLAN - GROWTH;INF200K016X3;;9.5816;N.A.;N.A.;10-Dec-2015
132923;SBI Long Term Advantage Fund - Series I - Regular Plan - Income Distribution cum Capital Withdrawal Option (IDCW);INF200K017X1;;9.5806;N.A.;N.A.;10-Dec-2015
133364;SBI LONG TERM ADVANTAGE FUND - SERIES II - DIRECT PLAN - GROWTH;INF200KA1333;;9.5087;N.A.;N.A.;10-Dec-2015
133363;SBI Long Term Advantage Fund - Series II - Direct Plan - Income Distribution cum Capital Withdrawal Option (IDCW);INF200KA1341;;9.5066;N.A.;N.A.;10-Dec-2015
133361;SBI LONG TERM ADVANTAGE FUND - SERIES II - REGULAR PLAN - GROWTH;INF200KA1317;;9.4835;N.A.;N.A.;10-Dec-2015
133362;SBI Long Term Advantage Fund - Series II - Regular Plan - Income Distribution cum Capital Withdrawal Option (IDCW);INF200KA1325;;9.4838;N.A.;N.A.;10-Dec-2015
108144;SBI TAX ADVANTAGE FUND - SERIES I - DIVIDEND;INF200K01IK8;;21.7619;N.A.;N.A.;10-Dec-2015
115084;SBI TAX ADVANTAGE FUND-SERIES - REPURCHASE NAV - DIVIDEND;;;21.6279;N.A.;N.A.;10-Dec-2015
115085;SBI TAX ADVANTAGE FUND - REPURCHASE - GROWTH;;;21.6328;N.A.;N.A.;10-Dec-2015
108145;SBI TAX ADVANTAGE FUND - SERIES I - GROWTH;INF200K01IJ0;;21.7668;N.A.;N.A.;10-Dec-2015
116352;SBI TAX ADVANTAGE FUND - SERIES II - GROWTH;INF200K01JF6;;22.1461;22.1461;N.A.;10-Dec-2015
116353;SBI Tax Advantage Fund-Series- II - Income Distribution cum Capital Withdrawal Option (IDCW);INF200K01JG4;;20.49;20.49;N.A.;10-Dec-2015
126279;SBI Tax Advantage Fund - Series III - Direct Plan - Growth Option;INF200K01X06;;15.8074;N.A.;N.A.;10-Dec-2015
126379;SBI Tax Advantage Fund - Series III - Regular Plan - Growth;INF200K01W80;;15.7442;N.A.;N.A.;10-Dec-2015
126278;SBI Tax Advantage Fund-Series- III - Direct Plan - Income Distribution cum Capital Withdrawal Option (IDCW);INF200K01X14;;15.8038;N.A.;N.A.;10-Dec-2015
126378;SBI Tax Advantage Fund-Series- III - Regular Plan - Income Distribution cum Capital Withdrawal Option (IDCW);INF200K01W98;;15.7442;N.A.;N.A.;10-Dec-2015

Sundaram Mutual Fund
133324;Sundaram Long Term Tax Advantage Fund Series I Direct Plan - Growth;INF903J014A9;;9.2287;9.2287;9.2287;10-Dec-2015
133325;Sundaram Long Term Tax Advantage Fund Series I Direct Plan - Payout of Income Distribution cum Capital Withdrawal (IDCW);INF903J015A6;;9.2287;9.2287;9.2287;10-Dec-2015
133322;Sundaram Long Term Tax Advantage Fund Series I Regular Plan - Growth;INF903J012A3;;9.1802;9.1802;9.1802;10-Dec-2015
133323;Sundaram Long Term Tax Advantage Fund Series I Regular Plan - Payout of Income Distribution cum Capital Withdrawal (IDCW);INF903J013A1;;9.1802;9.1802;9.1802;10-Dec-2015

Tata Mutual Fund
111779;Tata Infrastructure Tax Saving Fund - Dividend;INF277K01790;;18.1874;0.0000;0.0000;10-Dec-2015
111778;Tata Infrastructure Tax Saving Fund - Growth;INF277K01808;;19.2191;0.0000;0.0000;10-Dec-2015
103470;Tata Tax Advantage Fund -1;INF277K01HK8;;29.1527;0.0000;0.0000;10-Dec-2015

UTI Mutual Fund
101834;UTI - Master Equity Plan Unit Scheme;;;76.9442;0;0;10-Dec-2015
105497;UTI Long Term Advantage Fund  - Dividend Option;;;18.6013;0;0;10-Dec-2015
105498;UTI Long Term Advantage Fund  - Growth Option;;;18.6014;0;0;10-Dec-2015
108231;UTI-Long Term Advantage Fund Series -II - Growth Option;;;22.4143;0;0;10-Dec-2015
108232;UTI-Long Term Advantage Fund Series-II - Dividend Option;;;22.4144;0;0;10-Dec-2015

Interval Fund Schemes ( Income )


Bandhan Mutual Fund
120848;IDFC YS Interval Fund - Series I -Direct Plan-Dividend;INF194K019C9;;10.6698;10.6698;10.6698;10-Dec-2015
120849;IDFC YS Interval Fund - Series I -Direct Plan-Growth;INF194K018C1;;12.8065;12.8065;12.8065;10-Dec-2015
120850;IDFC YS Interval Fund - Series I -Regular Plan-Dividend;INF194K011D4;;10.6612;10.6612;10.6612;10-Dec-2015
120851;IDFC YS Interval Fund - Series I -Regular Plan-Growth;INF194K010D6;;12.7481;12.7481;12.7481;10-Dec-2015
120986;IDFC YS Interval Fund - Series II-Direct Plan-Growth;INF194K013E8;;12.8528;12.8528;12.8528;10-Dec-2015
120985;IDFC YS Interval Fund - Series II-Regular Plan-Dividend;INF194K012E0;;10.6938;10.6938;10.6938;10-Dec-2015
120984;IDFC YS Interval Fund - Series II-Regular Plan-Growth;INF194K011E2;;12.7847;12.7847;12.7847;10-Dec-2015
121065;IDFC YS Interval Fund - Series III -Direct Plan-Growth;INF194K015E3;;12.8503;12.8503;12.8503;10-Dec-2015
121064;IDFC YS Interval Fund - Series III -Regular Plan-Dividend;INF194K018E7;;10.6829;10.6829;10.6829;10-Dec-2015
121063;IDFC YS Interval Fund - Series III -Regular Plan-Growth;INF194K017E9;;12.8206;12.8206;12.8206;10-Dec-2015

Invesco Mutual Fund
134075;Invesco India Annual Interval Fund - Series 1 - Plan B - Direct Sub-Plan - Growth;INF205K01V29;;10.6385;10.6385;10.6385;10-Dec-2015
134074;Invesco India Annual Interval Fund - Series 1 - Plan B - Regular Sub-Plan - Growth;INF205K01V03;;10.6307;10.6307;10.6307;10-Dec-2015

LIC Mutual Fund
120367;LIC MF Interval Fund Annual Plan-Series 1-Direct Plan-Dividend;INF767K01HE1;INF767K01HG6;10.6790;0.0000;0.0000;10-Dec-2015
120366;LIC MF Interval Fund Annual Plan-Series 1-Direct Plan-Growth;INF767K01HF8;;18.1535;0.0000;0.0000;10-Dec-2015
108438;LIC MF Interval Fund Annual Plan-Series 1-Regular Plan-Dividend;INF767K01329;INF767K01337;11.2760;0.0000;0.0000;10-Dec-2015
108439;LIC MF Interval Fund Annual Plan-Series 1-Regular Plan-Growth;INF767K01345;;18.0588;0.0000;0.0000;10-Dec-2015
120358;LIC MF Interval Fund Monthly Plan-Series 1-Direct Plan-Dividend;INF767K01HB7;INF767K01HD3;10.0430;0.0000;0.0000;10-Dec-2015
120359;LIC MF Interval Fund Monthly Plan-Series 1-Direct Plan-Growth;INF767K01HC5;;18.3048;0.0000;0.0000;10-Dec-2015
108416;LIC MF Interval Fund Monthly Plan-Series 1-Regular Plan-Dividend;INF767K01295;INF767K01303;10.0419;0.0000;0.0000;10-Dec-2015
108417;LIC MF Interval Fund Monthly Plan-Series 1-Regular Plan-Growth;INF767K01311;;18.2692;0.0000;0.0000;10-Dec-2015
120362;LIC MF Interval Fund Quarterly Plan-Series 1-Direct Plan-Dividend;INF767K01GY1;INF767K01HA9;10.0425;0.0000;0.0000;10-Dec-2015
120363;LIC MF Interval Fund Quarterly Plan-Series 1-Direct Plan-Growth;INF767K01GZ8;;18.4904;0.0000;0.0000;10-Dec-2015
108408;LIC MF Interval Fund Quarterly Plan-Series 1-Regular Plan-Dividend;INF767K01238;INF767K01246;10.0418;0.0000;0.0000;10-Dec-2015
108411;LIC MF Interval Fund Quarterly Plan-Series 1-Regular Plan-Growth;INF767K01253;;18.4462;0.0000;0.0000;10-Dec-2015
120375;LIC MF Interval Fund Quarterly Plan-Series 2-Direct Plan-Dividend;INF767K01HH4;INF767K01HJ0;10.0407;0.0000;0.0000;10-Dec-2015
120372;LIC MF Interval Fund Quarterly Plan-Series 2-Direct Plan-Growth;INF767K01HI2;;18.2167;0.0000;0.0000;10-Dec-2015
109917;LIC MF Interval Fund Quarterly Plan-Series 2-Regular Plan-Dividend;INF767K01261;INF767K01279;10.0396;0.0000;0.0000;10-Dec-2015
109916;LIC MF Interval Fund Quarterly Plan-Series 2-Regular Plan-Growth;INF767K01287;;18.1642;0.0000;0.0000;10-Dec-2015

Nippon India Mutual Fund
118804;Nippon India Annual Interval Fund - Series I - Direct Plan Growth Plan - Growth;INF204K01B81;-;14.9179;14.9179;14.9179;10-Dec-2015
105660;NIPPON INDIA ANNUAL INTERVAL FUND - SERIES I - IDCW Option;INF204K01ED4;INF204K01EE2;10.4029;10.4029;10.4029;10-Dec-2015
105662;NIPPON INDIA ANNUAL INTERVAL FUND - SERIES I - RETAIL Plan - IDCW Option;INF204K01EA0;INF204K01EB8;10.4029;10.4029;10.4029;10-Dec-2015
105663;Nippon India Interval Fund Annual Interval Fund Series-I- Growth Option;INF204K01EC6;;14.8876;14.8876;14.8876;10-Dec-2015
105661;Nippon India Interval Fund Annual Interval Fund Series-I-Retail Plan Growth Option;INF204K01DZ9;;20.0766;20.0766;20.0766;10-Dec-2015
105229;Nippon India Interval Fund-Monthly Interval Fund-Series-I- Growth Option;INF204K01CV0;;19.7066;19.7066;19.7066;10-Dec-2015
105232;Nippon India Interval Fund-Monthly Interval Fund-Series-I-Institutional Plan-Dividend Option;INF204K01CZ1;INF204K01DA2;10.0478;10.0478;10.0478;10-Dec-2015
118596;NIPPON INDIA MONTHLY INTERVAL FUND - SERIES I - Direct Plan - IDCW Option;INF204K01ZB3;INF204K01ZC1;10.0481;10.0481;10.0481;10-Dec-2015
118598;Nippon India Monthly Interval Fund - Series I - Direct Plan Growth Plan - Growth;INF204K01ZA5;-;19.7345;19.7345;19.7345;10-Dec-2015
105230;NIPPON INDIA MONTHLY INTERVAL FUND - SERIES I - IDCW Option;INF204K01CW8;INF204K01CX6;10.0478;10.0478;10.0478;10-Dec-2015
105400;Nippon India Interval Fund-Monthly Interval Fund-Series-II -Growth Option;INF204K01DB0;;19.7612;19.7612;19.7612;10-Dec-2015
105402;Nippon India Interval Fund-Monthly Interval Fund-Series-II-Institutional Plan-Dividend Option;INF204K01DF1;INF204K01DG9;10.0191;10.0191;10.0191;10-Dec-2015
118594;NIPPON INDIA MONTHLY INTERVAL FUND - SERIES II - Direct Plan - IDCW Option;INF204K01ZE7;INF204K01ZF4;10.0192;10.0192;10.0192;10-Dec-2015
118595;Nippon India Monthly Interval Fund - Series II - Direct Plan Growth Plan - Growth;INF204K01ZD9;-;19.7872;19.7872;19.7872;10-Dec-2015
105401;NIPPON INDIA MONTHLY INTERVAL FUND - SERIES II - IDCW Option;INF204K01DC8;INF204K01DD6;10.0191;10.0191;10.0191;10-Dec-2015
105691;Nippon India Interval Fund-Quarterly Interval Fund Serie-II-Institutional Plan -Dividend Option;INF204K01DR6;INF204K01DS4;10.0893;10.0893;10.0893;10-Dec-2015
105689;Nippon India Interval Fund-Quarterly Interval Fund Series-II-Growth Option;INF204K01DN5;;20.1797;20.1797;20.1797;10-Dec-2015
118689;NIPPON INDIA QUARTERLY INTERVAL FUND - SERIES II - Direct Plan - IDCW Option;INF204K01F46;INF204K01F53;10.0730;10.0730;10.0730;10-Dec-2015
118691;Nippon India Quarterly Interval Fund - Series II - Direct Plan Growth Plan - Growth;INF204K01F61;-;20.2340;20.2340;20.2340;10-Dec-2015
105692;NIPPON INDIA QUARTERLY INTERVAL FUND - SERIES II - IDCW Option;INF204K01DO3;INF204K01DP0;10.0885;10.0885;10.0885;10-Dec-2015
118621;NIPPON INDIA INTERVAL FUND - QUARTERLY PLAN - SERIES I - Direct Plan - IDCW Option;INF204K01XU8;INF204K01XV6;10.1501;10.1501;10.1501;10-Dec-2015
118623;Nippon India Interval Fund - Quarterly Plan - Series I - Direct Plan Growth Plan - Growth;INF204K01XT0;-;20.1674;20.1674;20.1674;10-Dec-2015
105434;NIPPON INDIA INTERVAL FUND - QUARTERLY PLAN - SERIES I - IDCW Option;INF204K01DI5;INF204K01DJ3;10.1491;10.1491;10.1491;10-Dec-2015
105436;NIPPON INDIA INTERVAL FUND - QUARTERLY PLAN - SERIES I - INSTITUTIONAL IDCW Option;INF204K01DL9;INF204K01DM7;10.1493;10.1493;10.1493;10-Dec-2015
105433;Nippon India Interval Fund-Quarterly Interval Fund-Series-I - Growth Option;INF204K01DH7;;20.1115;20.1115;20.1115;10-Dec-2015
105884;Nippon India Interval Fund-Quarterly Interval Fund-Series-III- Growth Option;INF204K01DT2;;20.0006;20.0006;20.0006;10-Dec-2015
105882;Nippon India Interval Fund-Quarterly Interval Fund-Series-III-Institutional Plan-Growth Option;INF204K01DW6;;17.8771;17.8771;17.8771;10-Dec-2015
118584;NIPPON INDIA QUARTERLY INTERVAL FUND - SERIES III - Direct Plan - IDCW Option;INF204K01XX2;INF204K01XY0;10.0038;10.0038;10.0038;10-Dec-2015
118583;Nippon India Quarterly Interval Fund - Series III - Direct Plan Growth Plan - Growth;INF204K01XW4;-;12.1600;12.1600;12.1600;10-Dec-2015
105885;NIPPON INDIA QUARTERLY INTERVAL FUND - SERIES III - IDCW Option;INF204K01DU0;INF204K01DV8;10.0113;10.0113;10.0113;10-Dec-2015
105883;NIPPON INDIA QUARTERLY INTERVAL FUND - SERIES III - INSTITUTIONAL IDCW Option;INF204K01DX4;INF204K01DY2;10.0113;10.0113;10.0113;10-Dec-2015
120800;Nippon India Yearly Interval Fund - Series 1 - Direct Plan - Dividend Plan - Dividend Option;INF204K01M47;INF204K01M54;10.7407;10.7407;10.7407;10-Dec-2015
120799;Nippon India Yearly Interval Fund - Series 1 - Direct Plan - Growth Plan - Growth Option;INF204K01M39;-;12.8085;12.8085;12.8085;10-Dec-2015
120802;Nippon India Yearly Interval Fund - Series 1 - Dividend Plan - Dividend Option;INF204K01M13;INF204K01M21;10.7314;10.7314;10.7314;10-Dec-2015
120798;Nippon India Yearly Interval Fund - Series 1 - Growth Plan - Growth Option;INF204K01M05;-;12.7851;12.7851;12.7851;10-Dec-2015
134888;Reliance Interval Fund -IV -Series 2 - Direct Plan - Dividend Payout Option;INF204KA12F4;;10.3732;10.3732;10.3732;10-Dec-2015
134890;Reliance Interval Fund -IV -Series 2 - Direct Plan - Growth Option;INF204KA13F2;;10.3732;10.3732;10.3732;10-Dec-2015
134889;Reliance Interval Fund -IV -Series 2 - Dividend Payout Option;INF204KA10F8;;10.3305;10.3305;10.3305;10-Dec-2015
134891;Reliance Interval Fund -IV -Series 2 - Growth Option;INF204KA11F6;;10.3305;10.3305;10.3305;10-Dec-2015
135001;Reliance Interval Fund IV- Series 3- Direct Plan-Dividend Payout Option;INF204KA14I4;;10.3390;10.3390;10.3390;10-Dec-2015
134999;Reliance Interval Fund IV- Series 3- Direct Plan-Growth option;INF204KA15I1;;10.3390;10.3390;10.3390;10-Dec-2015
135000;Reliance Interval Fund IV- Series 3- Dividend Payout Option;INF204KA12I8;;10.3029;10.3029;10.3029;10-Dec-2015
135002;Reliance Interval Fund IV- Series 3- Growth option;INF204KA13I6;;10.3029;10.3029;10.3029;10-Dec-2015
