Scheme Code;Scheme Name;ISIN Div Payout/ISIN Growth;ISIN Div Reinvestment;Net Asset Value;Repurchase Price;Sale Price;Date

Open Ended Schemes ( Income )


ABN  AMRO Mutual Fund
102652;ABN AMRO  Monthly Income Plan-Regular Plan-Growth Option;;;12.7704;12.7704;12.7704;11-Dec-2006
102653;ABN AMRO  Monthly Income Plan-Regular Plan-Monthly Dividend Option;;;10.8500;10.8500;10.8500;11-Dec-2006
102654;ABN AMRO  Monthly Income Plan-Regular Plan-Quarterly Dividend Option;;;10.9332;10.9332;10.9332;11-Dec-2006
102645;ABN AMRO  Short Term Income Fund-Institutional Plan-Daily Dividend Option;;;10.0000;10.0000;10.0000;11-Dec-2006
102644;ABN AMRO  Short Term Income Fund-Institutional Plan-Growth Option;;;11.3483;11.3483;11.3483;11-Dec-2006
102646;ABN AMRO  Short Term Income Fund-Institutional Plan-Monthly Dividend Option;;;10.0223;10.0223;10.0223;11-Dec-2006
102647;ABN AMRO  Short Term Income Fund-Institutional Plan-Weekly Dividend Option;;;10.0074;10.0074;10.0074;11-Dec-2006
102649;ABN AMRO  Short Term Income Fund-Institutional Plus Plan-Daily Dividend Option;;;0.0000;0.0000;0.0000;11-Dec-2006
102648;ABN AMRO  Short Term Income Fund-Institutional Plus Plan-Growth Option;;;0.0000;0.0000;0.0000;11-Dec-2006
102650;ABN AMRO  Short Term Income Fund-Institutional Plus Plan-Monthly Dividend Option;;;0.0000;0.0000;0.0000;11-Dec-2006
102651;ABN AMRO  Short Term Income Fund-Institutional Plus Plan-Weekly Dividend Option;;;0.0000;0.0000;0.0000;11-Dec-2006
102641;ABN AMRO  Short Term Income Fund-Regular Plan-Growth Option;;;11.2345;11.2345;11.2345;11-Dec-2006
102642;ABN AMRO  Short Term Income Fund-Regular Plan-Monthly Dividend Option;;;10.0220;10.0220;10.0220;11-Dec-2006
102643;ABN AMRO  Short Term Income Fund-Regular Plan-Weekly Dividend Option;;;10.0070;10.0070;10.0070;11-Dec-2006
102622;ABN AMRO Flexi Debt Fund-Regular Plan-Daily Dividend Option;;;10.0225;10.0225;10.0225;11-Dec-2006
102619;ABN AMRO Flexi Debt Fund-Regular Plan-Growth Option;;;11.3092;11.3092;11.3092;11-Dec-2006
102621;ABN AMRO Flexi Debt Fund-Regular Plan-Half-Yearly Dividend Option;;;10.2652;10.2652;10.2652;11-Dec-2006
102620;ABN AMRO Flexi Debt Fund-Regular Plan-Quarterly Dividend Option;;;10.2710;10.2710;10.2710;11-Dec-2006
102623;ABN AMRO Flexi Debt Fund-Regular Plan-Weekly Dividend Option;;;10.0297;10.0297;10.0297;11-Dec-2006
103291;ABN AMRO Money Plus Fund-Institutional Plan-Growth Option;;;10.7635;10.7635;10.7635;11-Dec-2006
103293;ABN AMRO Money Plus Fund-Institutional Plan-Monthly Dividend Option;;;10.0272;10.0272;10.0272;11-Dec-2006
103292;ABN AMRO Money Plus Fund-Institutional Plan-Weekly Dividend Option;;;10.0088;10.0088;10.0088;11-Dec-2006
103288;ABN AMRO Money Plus Fund-Regular Plan-Growth Option;;;10.7246;10.7246;10.7246;11-Dec-2006
103290;ABN AMRO Money Plus Fund-Regular Plan-Monthly Dividend Option;;;10.0296;10.0296;10.0296;11-Dec-2006
103289;ABN AMRO Money Plus Fund-Regular Plan-Weekly Dividend Option;;;10.0088;10.0088;10.0088;11-Dec-2006

Aditya Birla Sun Life Mutual Fund
102855;Birla Sun Life Fixed Maturity Plan - Annual  Series 3-Dividend;;;10.0355;9.8348;10.0355;11-Dec-2006
102856;Birla Sun Life Fixed Maturity Plan - Annual  Series 3-Growth;;;11.4004;11.1724;11.4004;11-Dec-2006
102754;Birla Sun Life Fixed Maturity Plan - Annual Series 1-Dividend;;;10.1293;9.9267;10.1293;11-Dec-2006
102755;Birla Sun Life Fixed Maturity Plan - Annual Series 1-Growth;;;11.3614;11.1342;11.3614;11-Dec-2006
102682;Birla Sun Life Fixed Maturity Plan - Quarterly Series II-Dividend;;;10.1787;9.9751;10.1787;11-Dec-2006
102683;Birla Sun Life Fixed Maturity Plan - Quarterly Series II-Growth;;;11.4637;11.2344;11.4637;11-Dec-2006
100970;Aditya Birla Sun Life MIP - Regular Plan - Growth;INF209K01694;;19.0679;18.9535;19.0679;11-Dec-2006
100971;Aditya Birla Sun Life MIP - Regular Plan - Monthly Dividend;INF209K01702;;11.1832;11.1161;11.1832;11-Dec-2006
100972;Aditya Birla Sun Life MIP - Regular Plan - Monthly Payment;INF209K01710;;19.0679;18.9535;19.0679;11-Dec-2006
101713;Aditya Birla Sun Life MIP II - Saving 5 Plan - Growth - Regular Plan;INF209K01728;;11.4711;11.4711;11.4711;11-Dec-2006
101711;Aditya Birla Sun Life MIP II - Savings 5 Plan - Monthly Dividend - Regular Plan;INF209K01736;INF209K01DE3;10.1866;10.1866;10.1866;11-Dec-2006
101712;Aditya Birla Sun Life MIP II - Savings 5 Plan - Monthly Growth /Payment;INF209K01744;;11.4711;11.4711;11.4711;11-Dec-2006
103184;Aditya Birla Sun Life Monthly Income - Dividend - Regular Plan;INF209K01AX9;INF209K01DX3;10.7876;10.6797;10.7876;11-Dec-2006
103185;Aditya Birla Sun Life Monthly Income - Growth - Regular Plan;INF209K01AZ4;;25.0566;24.8060;25.0566;11-Dec-2006
103186;Aditya Birla Sun Life Monthly Income - Quarterly Dividend - Regular Plan;INF209K01AY7;INF209K01DY1;11.3340;11.2207;11.3340;11-Dec-2006

Baroda BNP Paribas Mutual Fund
102670;BARODA PIONEER CHILDREN FUND-GIFT PLAN;;;10.5185;10.4133;10.5185;11-Dec-2006

DBS Chola Mutual Fund
100576;DBS Chola Freedom Income -Short Term Fund-Cum- Institutional Plan;;;11.7584;11.7584;11.7584;11-Dec-2006
100575;DBS Chola Freedom Income -Short Term Fund-Regular - Cumulative;;;11.6199;11.6199;11.6199;11-Dec-2006
100574;DBS Chola Freedom Income -Short Term Fund-Regular-Monthly Dividend;;;10.9512;10.9512;10.9512;11-Dec-2006
101192;DBS Chola Freedom Income-STF Regular-Semi Annual Dividend;;;11.5279;11.5279;11.5279;11-Dec-2006
101958;DBS Chola Liquid Fund - Institutional Plus Weekly Dividend;;;11.9456;11.9456;11.9456;11-Dec-2006
102019;DBS Chola Monthly Income Plan -Reg.-Quarterly Dividend Plan;;;10.6710;10.6710;10.6710;11-Dec-2006
102018;DBS Chola Monthly Income Plan -Regular - Cumulative Plan;;;13.1860;13.1860;13.1860;11-Dec-2006
101895;DBS Chola Monthly Income Plan-Regular-Monthly Dividend Plan;;;10.3378;10.3378;10.3378;11-Dec-2006
103137;DBS Chola Short Term Floating Rate Fund-Cumulative;;;10.8830;10.8830;10.8830;11-Dec-2006
103134;DBS Chola Short Term Floating Rate Fund-Dividend-Daily;;;10.0164;10.0164;10.0164;11-Dec-2006
103136;DBS Chola Short Term Floating Rate Fund-Dividend-Monthly;;;10.2118;10.2118;10.2118;11-Dec-2006
103135;DBS Chola Short Term Floating Rate Fund-Dividend-Weekly;;;10.2368;10.2368;10.2368;11-Dec-2006
100567;DBS Chola Triple Ace-Regular - Quarterly Dividend;;;11.2226;11.2226;11.2226;11-Dec-2006
100563;DBS Chola Triple Ace-Regular -Cumulative;;;23.8353;23.8353;23.8353;11-Dec-2006
100573;DBS Chola Triple Ace-Regular Bonus;;;13.2438;13.2438;13.2438;11-Dec-2006
100569;DBS Chola Triple Ace-Semi Annual Dividend;;;11.5339;11.5339;11.5339;11-Dec-2006
101784;DBS CholaFreedom Income-STF-Institutional Monthly Dividend;;;10.9504;10.9504;10.9504;11-Dec-2006

Deutsche Mutual Fund
104426;DWS Low Duration Fund - Daily Dividend;;INF223J01CC2;10.0082;9.9932;10.0082;11-Dec-2006
104425;DWS Low Duration Fund - Growth;;INF223J01CE8;10.0717;10.0566;10.0717;11-Dec-2006
104428;DWS Low Duration Fund - Monthly Dividend;INF223J01CF5;INF223J01CG3;10.0415;10.0264;10.0415;11-Dec-2006
104234;DWS Low Duration Fund - Regular Plan - Daily Dividend;;INF223J01CK5;10.0259;10.0109;10.0259;11-Dec-2006
103591;DWS Low Duration Fund - Regular Plan - Growth;INF223J01CL3;;10.5521;10.5363;10.5521;11-Dec-2006
103590;DWS Low Duration Fund - Regular Plan - Monthly Dividend;INF223J01CM1;INF223J01CN9;10.1150;10.0998;10.1150;11-Dec-2006
103592;DWS Low Duration Fund - Regular Plan - Weekly Dividend;INF223J01CO7;INF223J01CP4;10.0404;10.0253;10.0404;11-Dec-2006
104427;DWS Low Duration Fund - Weekly Dividend;INF223J01CH1;INF223J01CI9;10.0154;10.0004;10.0154;11-Dec-2006
101731;DWS Premier Bond Fund - Annual Dividend;INF223J01CY6;INF223J01CZ3;10.9972;10.9422;10.9972;11-Dec-2006
101732;DWS Premier Bond Fund - Growth;INF223J01DB2;;12.2643;12.2643;12.5096;11-Dec-2006
101730;DWS Premier Bond Fund - Monthly Dividend;INF223J01DC0;INF223J01DD8;10.8206;10.7665;10.8206;11-Dec-2006
101729;DWS Premier Bond Fund - Quarterly Dividend;INF223J01DE6;INF223J01DF3;10.4820;10.4296;10.4820;11-Dec-2006
101627;DWS Short Maturity Fund - Growth;INF223J01DT4;;12.3941;12.3941;12.3941;11-Dec-2006
101625;DWS Short Maturity Fund - Monthly Dividend;INF223J01DU2;INF223J01DV0;10.1623;10.1623;10.1623;11-Dec-2006
101626;DWS Short Maturity Fund - Weekly Dividend;INF223J01DX6;INF223J01DY4;10.2800;10.2800;10.2800;11-Dec-2006

DSP Mutual Fund
101742;DSP BlackRock Savings Manager Fund - Moderate-Growth;;;15.0085;15.0085;15.0085;11-Dec-2006
101743;DSP BlackRock Savings Manager Fund - Moderate-Monthly Dividend;;;10.9637;10.9637;10.9637;11-Dec-2006
101744;DSP BlackRock Savings Manager Fund - Moderate-Quarterly Dividend;;;11.3644;11.3644;11.3644;11-Dec-2006
104143;DSP BlackRock Ultra Short Fund - Institutional Plan - Daily Dividend Reinvest;;;1000.2000;1000.2000;1000.2000;11-Dec-2006
104142;DSP BlackRock Ultra Short Fund - Institutional Plan - Growth;INF740K01FS2;;1026.0145;1026.0145;1026.0145;11-Dec-2006
104141;DSP BlackRock Ultra Short Fund - Institutional Plan - Weekly Dividend;;;1000.7895;1000.7895;1000.7895;11-Dec-2006
103275;DSP Credit Risk Fund - Institutional Plan-Daily Dividend Reinvest;;;1001.0600;1001.0600;1001.0600;11-Dec-2006
103277;DSP Credit Risk Fund - Institutional Plan-Growth;INF740K01FN3;;1071.5177;1071.5177;1071.5177;11-Dec-2006
103276;DSP Credit Risk Fund - Institutional Plan-Weekly Dividend Reinvest;;;1001.6535;1001.6535;1001.6535;11-Dec-2006

Fidelity Mutual Fund
104220;Fidelity Flexi Bond Fund - Institutional Plan Dividend Option;;;10.0127;10.0127;10.0127;11-Dec-2006
104219;Fidelity Flexi Bond Fund - Institutional Plan Growth Option;;;10.1884;10.1884;10.1884;11-Dec-2006
104218;Fidelity Flexi Bond Fund - Retail Plan Dividend Option;;;10.0128;10.0128;10.0128;11-Dec-2006
104217;Fidelity Flexi Bond Fund - Retail Plan Growth Option;;;10.1827;10.1827;10.1827;11-Dec-2006

Franklin Templeton Mutual Fund
100551;Templeton India Children’s Asset Plan-Education Plan;INF090I01AF4;;25.0434;25.0434;25.2938;11-Dec-2006
100553;Templeton India Children’s Asset Plan-Gift Plan - Dividend;INF090I01AG2;INF090I01AH0;29.9110;29.9110;30.3597;11-Dec-2006
100552;Templeton India Children’s Asset Plan-Gift Plan - Growth;INF090I01AI8;;29.9110;29.9110;30.3597;11-Dec-2006

HDFC Mutual Fund
101430;HDFC Regular Savings Fund-GROWTH;INF179K01AY2;;13.1826;13.1496;13.1826;11-Dec-2006
101431;HDFC Regular Savings Fund-Monthly Dividend Option;INF179K01AW6;INF179K01AX4;10.3457;10.3198;10.3457;11-Dec-2006

HSBC Mutual Fund
102257;HSBC MIP - Regular -  Dividend - Monthly;INF336L01057;INF336L01065;10.6160;10.5629;10.6160;11-Dec-2006
102258;HSBC MIP - Regular - Dividend - Quarterly;INF336L01073;INF336L01081;10.8680;10.8137;10.8680;11-Dec-2006
102259;HSBC MIP - Regular - Growth;INF336L01040;;12.2526;12.1913;12.2526;11-Dec-2006

ICICI Prudential Mutual Fund
103062;ICICI Prudential Blended Plan B -  Dividend Option - I;INF109K01EA1;INF109K01AQ5; 10.3785 ; 10.3267 ; 10.3785 ;11-Dec-2006
103061;ICICI Prudential Blended Plan B -  Growth Option - I;INF109K01AR3;; 11.0396 ; 10.9844 ; 11.0396 ;11-Dec-2006
103064;ICICI Prudential Blended Plan B Institutional Dividend Option - II;INF109K01VY5;INF109K01VX7; 10.4275 ; 10.3754 ; 10.4275 ;11-Dec-2006
101098;ICICI Prudential Child Care Plan Study - Cumulative;INF109K01597;; 19.3073 ; 19.1142 ; 19.5969 ;11-Dec-2006
102421;ICICI Prudential Fixed Maturity Plan - 1 Year-Series 12-Institutional;;; 11.3347 ; 11.0513 ; 11.3347 ;11-Dec-2006
102423;ICICI Prudential Fixed Maturity Plan - 1 Year-Series 12-Institutional Dividend - 1;;; 10.4488 ; 10.1876 ; 10.4488 ;11-Dec-2006
102425;ICICI Prudential Fixed Maturity Plan - 1 Year-Series 12-Institutional Growth - 1;;; 10.4593 ; 10.1978 ; 10.4593 ;11-Dec-2006
102416;ICICI Prudential Fixed Maturity Plan - 1 Year-Series 12-Retail;;; 11.2665 ; 10.9848 ; 11.2665 ;11-Dec-2006
102422;ICICI Prudential Fixed Maturity Plan - 1 Year-Series 12-Retail Dividend - 1;;; 10.4466 ; 10.1855 ; 10.4466 ;11-Dec-2006
102424;ICICI Prudential Fixed Maturity Plan - 1 Year-Series 12-Retail Growth - 1;;; 10.4466 ; 10.1855 ; 10.4466 ;11-Dec-2006
102078;ICICI Prudential FMP Series 5-FMP Yearly Series 5-Institutional Dividend-1;;; 10.4667 ; 10.3097 ; 10.4667 ;11-Dec-2006
102073;ICICI Prudential FMP Series 5-FMP Yearly Series 5-Institutional Growth;;; 11.3028 ; 11.1333 ; 11.3028 ;11-Dec-2006
102077;ICICI Prudential FMP Series 5-FMP Yearly Series 5-Institutional Growth-1;;; 10.4762 ; 10.3190 ; 10.4762 ;11-Dec-2006
102072;ICICI Prudential FMP Series 5-FMP Yearly Series 5-Retail Dividend;;; 11.2588 ; 11.0899 ; 11.2588 ;11-Dec-2006
102076;ICICI Prudential FMP Series 5-FMP Yearly Series 5-Retail Dividend-1;;; 10.4625 ; 10.3056 ; 10.4625 ;11-Dec-2006
102071;ICICI Prudential FMP Series 5-FMP Yearly Series 5-Retail Growth;;; 11.2588 ; 11.0899 ; 11.2588 ;11-Dec-2006
102075;ICICI Prudential FMP Series 5-FMP Yearly Series 5-Retail Growth-1;;; 10.4625 ; 10.3056 ; 10.4625 ;11-Dec-2006
102587;ICICI Prudential FMP-15 Month - Series 25-Institutional Plan-Cumulative Option;;; 11.3548 ; 11.1277 ; 11.3548 ;11-Dec-2006
102585;ICICI Prudential FMP-15 Month - Series 25-Retail Plan-Cumulative Option;;; 11.2640 ; 11.0387 ; 11.2640 ;11-Dec-2006
100955;ICICI Prudential MIP - Dividend Half Yearly;INF109K01FG5;INF109K01548; 11.9334 ; 11.8737 ; 11.9334 ;11-Dec-2006
100953;ICICI Prudential MIP - Dividend Monthly;INF109K01FH3;INF109K01522; 11.6648 ; 11.6065 ; 11.6648 ;11-Dec-2006
100954;ICICI Prudential MIP - Dividend Quarterly;INF109K01FI1;INF109K01530; 11.9033 ; 11.8438 ; 11.9033 ;11-Dec-2006
100952;ICICI Prudential MIP - Growth;INF109K01555;; 18.8831 ; 18.7887 ; 18.8831 ;11-Dec-2006

ING Mutual Fund
102223;ING Dynamic Duration Fund-Annual Dividend Option;;;10.5859;10.5859;10.5859;11-Dec-2006
102231;ING Dynamic Duration Fund-Bonus Option;;;11.4679;11.4679;11.4679;11-Dec-2006
102222;ING Dynamic Duration Fund-Growth Option;;;11.4679;11.4679;11.4679;11-Dec-2006
102226;ING Dynamic Duration Fund-Half Yearly Dividend Option;;;10.2452;10.2452;10.2452;11-Dec-2006
102224;ING Dynamic Duration Fund-Monthly Dividend Option;;;10.1198;10.1198;10.1198;11-Dec-2006
102225;ING Dynamic Duration Fund-Quarterly Dividend Option;;;10.2690;10.2690;10.2690;11-Dec-2006
100180;ING Income Fund- Regular Plan - Dividend Option (Annual);INF084M01762;INF084M01770;10.6110;10.6110;10.6110;11-Dec-2006
100185;ING Income Fund-Bonus Option;;;10.9981;10.9981;10.9981;11-Dec-2006
100186;ING Income Fund-Institutional Bonus Option;;;11.2184;11.2184;11.2184;11-Dec-2006
100182;ING Income Fund-Institutional Plan - Dividend Option (Half Yearly);INF084M01812;INF084M01820;10.0000;10.0000;10.0000;11-Dec-2006
100183;ING Income Fund-Institutional Plan - Dividend Option (Quarterly);INF084M01796;INF084M01804;10.0000;10.0000;10.0000;11-Dec-2006
100187;ING Income Fund-Institutional Plan - Growth Option;INF084M01788;;18.7401;18.7401;18.7401;11-Dec-2006
100184;ING Income Fund-Institutional Plan -Dividend Option (Annual);INF084M01838;INF084M01846;10.6218;10.6218;10.6218;11-Dec-2006
100179;ING Income Fund-Regular Plan -Dividend Option (Half Yearly);INF084M01747;INF084M01754;10.2715;10.2715;10.2715;11-Dec-2006
100178;ING Income Fund-Regular Plan -Dividend Option (Quarterly);INF084M01721;INF084M01739;10.2513;10.2513;10.2513;11-Dec-2006
100181;ING Income Fund-Regular Plan -Growth Option;INF084M01713;;18.0377;18.0377;18.0377;11-Dec-2006
102236;ING MIP Fund-Annual Dividend Option;INF084M01994;INF084M01AA0;10.8533;10.8533;10.8533;11-Dec-2006
102240;ING MIP Fund-Bonus Option;;;12.0452;12.0452;12.0452;11-Dec-2006
102232;ING MIP Fund-Growth Option;INF084M01929;;12.0452;12.0452;12.0452;11-Dec-2006
102235;ING MIP Fund-Half Yearly Dividend Option;INF084M01978;INF084M01986;10.5977;10.5977;10.5977;11-Dec-2006
102233;ING MIP Fund-Monthly Dividend Option;INF084M01937;INF084M01945;10.5713;10.5713;10.5713;11-Dec-2006
102234;ING MIP Fund-Quarterly Dividend Option;INF084M01952;INF084M01960;10.7398;10.7398;10.7398;11-Dec-2006
102714;ING Select Debt Fund-Annual Dividend Option;;;10.4001;10.4001;10.4001;11-Dec-2006
102715;ING Select Debt Fund-Bonus Option;;;11.0846;11.0846;11.0846;11-Dec-2006
102711;ING Select Debt Fund-Growth Option;;;11.0846;11.0846;11.0846;11-Dec-2006
102713;ING Select Debt Fund-Half Yearly Dividend Option;;;10.2562;10.2562;10.2562;11-Dec-2006
102712;ING Select Debt Fund-Quarterly Dividend Option;;;10.2262;10.2262;10.2262;11-Dec-2006
101550;ING Short Term Income Fund -Dividend Option;INF084M01697;INF084M01705;11.2030;11.2030;11.2030;11-Dec-2006
101288;ING Short Term Income Fund-Growth Option;INF084M01689;;13.0049;13.0049;13.0049;11-Dec-2006

JM Financial Mutual Fund
102904;JM Equity & Derivative Fund-Bonus-Bonus option;;;10.4483;10.4483;10.4483;11-Dec-2006
102903;JM Equity & Derivative Fund-Dividend-dividend option;;;10.4471;10.4471;10.4471;11-Dec-2006
102902;JM Equity & Derivative Fund-Growth-growth option;;;11.2836;11.2836;11.2836;11-Dec-2006
102026;JM MIP FUND-Annual Dividend;INF192K01AI8;INF192K01AJ6;10.9777;10.9777;10.9777;11-Dec-2006
102027;JM MIP FUND-Growth;INF192K01AK4;;13.1938;13.1938;13.1938;11-Dec-2006
102024;JM MIP FUND-Monthly Dividend;INF192K01AE7;INF192K01AF4;10.7394;10.7394;10.7394;11-Dec-2006
102025;JM MIP FUND-Quarterly Dividend;INF192K01AG2;INF192K01AH0;10.8695;10.8695;10.8695;11-Dec-2006

Kotak Mahindra Mutual Fund
103223;Kotak Cash Plus---Dividend (Upto 17/06/07) renamed as Kotak Equity Arbitrage Fund;;;10.3157;10.3157;10.3157;11-Dec-2006
103224;Kotak Cash Plus---Growth (Upto 17/06/07) renamed as Kotak Equity Arbitrage Fund;;;10.8879;10.8879;10.8879;11-Dec-2006
102867;Kotak Flexi-Debt - Regular Plan - Dividend;;INF174K01EW9;10.2273;10.2273;10.2273;11-Dec-2006
102868;Kotak Flexi-Debt - Regular Plan - Growth;INF174K01EV1;;11.365;11.365;11.365;11-Dec-2006
102869;Kotak Flexi-Debt- Regular Plan - Daily Dividend;INF174K01EZ2;INF174K01EY5;10.0311;10.0311;10.0311;11-Dec-2006
101954;Kotak Income Plus-(Growth);;;12.9648;12.9648;12.9648;11-Dec-2006
101953;Kotak Income Plus-(Monthly Dividend);;;10.9584;10.9584;10.9584;11-Dec-2006
101955;Kotak Income Plus-(Quaterly Dividend);;;11.087;11.087;11.087;11-Dec-2006

LIC Mutual Fund
102816;LIC NOMURA MF Floater MIP - Growth;INF767K01600;;12.4533;12.4533;12.4533;11-Dec-2006
102813;LIC NOMURA MF Floater MIP - Monthly Dividend;INF767K01618;INF767K01626;10.1430;10.1430;10.1430;11-Dec-2006
102814;LIC NOMURA MF Floater MIP - Quarterly Dividend;INF767K01634;INF767K01642;10.3817;10.3817;10.3817;11-Dec-2006
102815;LIC NOMURA MF Floater MIP - Yearly Dividend;INF767K01584;INF767K01592;10.9039;10.9039;10.9039;11-Dec-2006

Principal Mutual Fund
100136;Principal Deposit Fund-Plan 54EA/EB-Plan 54EA /EB;;;17.7683;17.7683;17.7683;11-Dec-2006

Sahara Mutual Fund
101403;Sahara Income Fund-Dividend;INF515L01015;INF515L01023;11.5417;11.5417;11.5417;11-Dec-2006
101404;Sahara Income Fund-Growth;INF515L01031;;12.8247;12.8247;12.8247;11-Dec-2006

SBI Mutual Fund
102056;SBI Magnum Income Plus Fund - Savings Plan (D);INF200K01750;INF200K01768;10.1567;10.0551;10.1567;11-Dec-2006
102055;SBI Magnum Income Plus Fund - Savings Plan (G);INF200K01743;;10.4965;10.3915;10.4965;11-Dec-2006
102202;SBI MAGNUM NRI - SHORT TERM BOND PLAN-DIVIDEND;;;10.4123;10.4123;10.4123;11-Dec-2006
102201;SBI MAGNUM NRI - SHORT TERM BOND PLAN-GROWTH;;;10.7032;10.7032;10.7032;11-Dec-2006

Standard Chartered Mutual Fund
102342;GCF-Plan C-Daily Dividend;;;10;10;10;11-Dec-2006
102340;GCF-Plan C-Growth;;;11.5651;11.5651;11.5651;11-Dec-2006
102341;GCF-Plan C-weekly Dividend;;;10.0056;10.0056;10.0056;11-Dec-2006
101780;GCF Daily-Dividend(Institutional Plan);;;10.5816;10.5816;10.5816;11-Dec-2006
101760;GCF Dividend-Weekly(Institutional Plan);;;10.3051;10.3051;10.3051;11-Dec-2006
102348;GFRF-Plan C-Daily Dividend;;;10;10;10;11-Dec-2006
102347;GFRF-Plan C-Growth;;;11.5782;11.5782;11.5782;11-Dec-2006
101947;GFRF (Daily - Dividind);;;10.0699;10.0699;10.0699;11-Dec-2006
101948;GFRF (Dividend - Weekly);;;10.0723;10.0723;10.0723;11-Dec-2006
101773;GFRF - Growth(Institutional Plan);;;12.006;12.006;12.006;11-Dec-2006
101774;GFRF Dividend-Daily (Institutional Plan);;;10.0703;10.0703;10.0703;11-Dec-2006
101776;GFRF Dividend-Monthly(Institutional Plan);;;10.0235;10.0235;10.0235;11-Dec-2006
101775;GFRF Dividend-Weekly(Institutional Plan);;;10.0968;10.0968;10.0968;11-Dec-2006
102558;GFRF Long Term-Plan A-Dividend Annual;;;10.2812;10.2812;10.2812;11-Dec-2006
102559;GFRF Long Term-Plan A-Dividend Monthly;;;10.0368;10.0368;10.0368;11-Dec-2006
102557;GFRF Long Term-Plan A-Dividend Quarterly;;;10.2927;10.2927;10.2927;11-Dec-2006
102556;GFRF Long Term-Plan A-Growth;;;11.2768;11.2768;11.2768;11-Dec-2006
102561;GFRF Long Term-Plan B-Dividend Quarterly;;;10.3306;10.3306;10.3306;11-Dec-2006
102560;GFRF Long Term-Plan B-Growth;;;11.3255;11.3255;11.3255;11-Dec-2006
101100;Grindlays Cash Fund-Dividend (Daily);;;10.5819;10.5819;10.5819;11-Dec-2006
101099;Grindlays Cash Fund-Growth;;;13.5086;13.5086;13.5086;11-Dec-2006
101319;Grindlays Cash Fund - Dividend (Weekly);;;10.1969;10.1969;10.1969;11-Dec-2006
101248;Grindlays Cash Fund - Plan B (G) (Institutional Plan);;;13.5778;13.5778;13.5778;11-Dec-2006
101258;Grindlays Dynamic Bond Fund - GDBF (Annual Dividend);;;10.6519;10.6519;10.6519;11-Dec-2006
101279;Grindlays Dynamic Bond Fund - GDBF (Growth);;;13.3741;13.3741;13.3741;11-Dec-2006
101516;Grindlays Dynamic Bond Fund - GDBF (Quarterly Dividend);;;10.4108;10.4108;10.4108;11-Dec-2006
101455;Grindlays Government Securities Fund - IP (Growth);;;13.7081;13.7081;13.7081;11-Dec-2006
101177;Grindlays Government Securities Fund - IP (Qtr.Dividend);;;10.4692;10.4692;10.4692;11-Dec-2006
101456;Grindlays Government Securities Fund - ST (Growth);;;12.4011;12.4011;12.4011;11-Dec-2006
101178;Grindlays Government Securities Fund - ST (Monthly Dividend);;;10.0185;10.0185;10.0185;11-Dec-2006
101179;Grindlays Government Securities Fund-IP(Annual Dividend);;;10.7125;10.7125;10.7125;11-Dec-2006
101458;Grindlays Government Securities Fund-IP(H.Yrly Dividend);;;10.4669;10.4669;10.4669;11-Dec-2006
101180;Grindlays Government Securities Fund-ST (Quarterly Dividend);;;10.2373;10.2373;10.2373;11-Dec-2006
100031;Grindlays Super Saver Income Fund-GSSIF - ST-Dividend;;;10.035;10.035;10.035;11-Dec-2006
100032;Grindlays Super Saver Income Fund-GSSIF - ST-Growth;;;14.5771;14.5771;14.5771;11-Dec-2006
100030;Grindlays Super Saver Income Fund-GSSIF-Annual Dividend;;;10.537;10.537;10.537;11-Dec-2006
100029;Grindlays Super Saver Income Fund-GSSIF-Growth;;;16.7663;16.7663;16.7663;11-Dec-2006
100027;Grindlays Super Saver Income Fund-GSSIF-Half Yearly Dividend;;;10.3107;10.3107;10.3107;11-Dec-2006
100028;Grindlays Super Saver Income Fund-GSSIF-Quaterly Dividend;;;10.3241;10.3241;10.3241;11-Dec-2006
101633;GSSIF - Short Term (D) Plan B - Institutional Plan;;;10.0349;10.0349;10.0349;11-Dec-2006
102015;GSSIF- MT(Div Bimonthly);;;10.1091;10.1091;10.1091;11-Dec-2006
104137;GSSIF-MT-Plan A-Monthly;;;10.0227;10.0227;10.0227;11-Dec-2006
104045;GSSIF-MT(Fortnightly Dividend);;;10.0062;10.0062;10.0062;11-Dec-2006
101654;GSSIF-MT(Growth);;;11.6952;11.6952;11.6952;11-Dec-2006
104155;GSSIF-ST-Plan A- Fortnightly Dividend;;;10.0037;10.0037;10.0037;11-Dec-2006
104157;GSSIF-ST-Plan B- Fortnightly Dividend;;;10.004;10.004;10.004;11-Dec-2006
104156;GSSIF-ST-Plan C- Fortnightly Dividend;;;10.004;10.004;10.004;11-Dec-2006
102364;GSSIF-ST-Plan C-Dividend;;;10.0313;10.0313;10.0313;11-Dec-2006
102363;GSSIF-ST-Plan C-Growth;;;10.7908;10.7908;10.7908;11-Dec-2006
102366;GSSIF-ST-Plan D-Dividend;;;10.0186;10.0186;10.0186;11-Dec-2006
102365;GSSIF-ST-Plan D-Growth;;;10.2178;10.2178;10.2178;11-Dec-2006

Tata Mutual Fund
101856;Tata Income Plus Fund - Option C Dividend;;;0.0000;0.0000;0.0000;11-Dec-2006
101966;Tata Income Plus Fund - Option C Growth;;;0.0000;0.0000;0.0000;11-Dec-2006
102280;Tata M I P Plus Fund - Regular Plan-Monthly Dividend;INF277K01EC2;INF277K01873;10.4465;10.3943;10.4465;11-Dec-2006
102281;Tata M I P Plus Fund -Regular Plan- Quarterly Dividend;INF277K01ED0;INF277K01881;10.6253;10.5722;10.6253;11-Dec-2006
102282;Tata M I P Plus Fund -Regular Plan- Half Yearly Dividend;INF277K01EB4;INF277K01865;10.6334;10.5802;10.6334;11-Dec-2006
102283;Tata MIP Plus Fund -Regular Plan - Growth;INF277K01857;;11.8276;11.7685;11.8276;11-Dec-2006

UTI Mutual Fund
100648;UTI - CRTS 81 - Dividend Option;;;108.1281;108.1281;108.1281;11-Dec-2006
101608;UTI - MIS-Growth;INF789F01AA8;;13.7356;13.7356;13.7356;11-Dec-2006
101607;UTI - MIS-Income;INF789F01984;INF789F01992;10.9322;10.9322;10.9322;11-Dec-2006
112066;UTI Smart Woman Savings Plan - Growth Option;;;27.0372;27.0372;27.0372;11-Dec-2006

Open Ended Schemes ( Growth )


ABN  AMRO Mutual Fund
102952;ABN  AMRO Opportunities Fund-Dividend;;;17.157;17.157;17.543;11-Dec-2006
102951;ABN  AMRO Opportunities Fund-Growth;;;19.934;19.934;20.383;11-Dec-2006
102640;ABN AMRO  Equity Fund-Dividend Plan;;;19.78;19.78;20.23;11-Dec-2006
102639;ABN AMRO  Equity Fund-Growth Plan;;;26.04;26.04;26.63;11-Dec-2006
103205;ABN AMRO Dividend Yield Fund-Dividend Option;;;10.413;10.413;10.647;11-Dec-2006
103204;ABN AMRO Dividend Yield Fund-Growth Option;;;10.412;10.412;10.646;11-Dec-2006
103585;ABN AMRO Future  Leaders Fund-Dividend Option;;;10.220;10.220;10.450;11-Dec-2006
103584;ABN AMRO Future  Leaders Fund-Growth Option;;;10.219;10.219;10.449;11-Dec-2006

Aditya Birla Sun Life Mutual Fund
103171;Birla Sun Life Basic Industries Fund-Plan A(Dividend);;;37.51;37.13;38.35;11-Dec-2006
103172;Birla Sun Life Basic Industries Fund-Plan B(Growth);;;67.22;66.55;68.73;11-Dec-2006
103169;Aditya Birla Sun Life Buy India Fund - Dividend - Regular Plan;INF209K01116;INF209K01CC9;18.68;18.49;19.10;11-Dec-2006
103170;Aditya Birla Sun Life Buy India Fund - Growth - Regular Plan;INF209K01124;;26.60;26.33;27.20;11-Dec-2006
100065;Aditya Birla Sun Life India Opportunities Fund - Dividend - Regular Plan;INF209K01280;INF209K01CK2;21.59;21.59;22.08;11-Dec-2006
100066;Aditya Birla Sun Life India Opportunities Fund - Growth - Regular Plan;INF209K01298;;50.27;50.27;51.40;11-Dec-2006

Baroda BNP Paribas Mutual Fund
100069;BARODA PIONEER DIVERSIFIED FUND;;;30.14;30.14;30.82;11-Dec-2006
103602;BARODA PIONEER GLOBAL FUND-Dividend;;;10.7100;10.7129;10.9539;11-Dec-2006

Canara Robeco Mutual Fund
103273;CAN D MAT;;;29.48;29.48;30.14;11-Dec-2006
100590;Canara Robeco Expo-Growth Plan;;;51.47;51.47;52.63;11-Dec-2006
100589;Canara Robeco Expo-Income Plan;;;19.59;19.59;20.03;11-Dec-2006
103272;Canara Robeco Fortune '94;;;31.78;31.78;32.50;11-Dec-2006
102806;Canara Robeco Nifty Index - Regular Plan - Dividend;INF760K01126;INF760K01134;20.95;20.95;21.16;11-Dec-2006
102805;Canara Robeco Nifty Index - Regular Plan - Growth;INF760K01118;;20.95;20.95;21.16;11-Dec-2006
101715;CANGROWTH PLUS;;;38.81;38.81;39.68;11-Dec-2006

DBS Chola Mutual Fund
103540;DBS Chola Contra Fund-Cumulative Option;;;11.20;11.20;11.45;11-Dec-2006
103539;DBS Chola Contra Fund-Dividend Option;;;11.20;11.20;11.45;11-Dec-2006
103080;DBS Chola Global Advantage Fund.-Cumulative Option;;;14.15;14.15;14.47;11-Dec-2006
103079;DBS Chola Global Advantage Fund.-Dividend Option;;;13.26;13.26;13.56;11-Dec-2006
101132;DBS Chola Growth Fund-Cumulative;;;30.95;30.95;31.65;11-Dec-2006
101131;DBS Chola Growth Fund-Quarterly Dividend;;;16.65;16.65;17.02;11-Dec-2006
102578;DBS Chola Mid Cap Fund-Cumulative;;;25.72;25.72;26.30;11-Dec-2006
102577;DBS Chola Mid Cap Fund-Dividend;;;14.84;14.84;15.17;11-Dec-2006
100716;DBS Chola Multi-Cap Fund-Cumulative Option;;;18.36;18.36;18.77;11-Dec-2006
100715;DBS Chola Multi-Cap Fund-Dividend Option;;;14.63;14.63;14.96;11-Dec-2006
100907;DBS Chola Opportunities Fund-Cumulative;;;26.64;26.64;27.24;11-Dec-2006
100906;DBS Chola Opportunities Fund-Regular Quarterly Dividend;;;17.32;17.32;17.71;11-Dec-2006

Deutsche Mutual Fund
101628;DWS Alpha Equity Fund - Dividend;INF223J01218;INF223J01226;18.42;18.42;18.83;11-Dec-2006
101629;DWS Alpha Equity Fund - Growth;INF223J01234;;49.94;49.94;51.06;11-Dec-2006
102195;DWS Equity Income Fund - Annual Dividend option;INF223J01EZ9;INF223J01FA9;11.1479;11.1479;11.2036;11-Dec-2006
102196;DWS Equity Income Fund - Growth Option;INF223J01FB7;;12.7749;12.7749;12.8388;11-Dec-2006
102193;DWS Equity Income Fund - Monthly Dividend option;INF223J01FC5;INF223J01FD3;10.6602;10.6602;10.7135;11-Dec-2006
102194;DWS Equity Income Fund - Quarterly  Dividend;INF223J01FE1;INF223J01FF8;10.7045;10.7045;10.7580;11-Dec-2006
102200;DWS MIP-DWS MIP Plan B-DWS MIP Plan B-  Growth Option;;;12.1146;12.1146;12.1752;11-Dec-2006
102199;DWS MIP-DWS MIP Plan B-DWS MIP Plan B- Annual Dividend option;;;10.6790;10.6790;10.7324;11-Dec-2006
102197;DWS MIP-DWS MIP Plan B-DWS MIP Plan B- Monthly Dividend option;;;10.3003;10.3003;10.3518;11-Dec-2006
102198;DWS MIP-DWS MIP Plan B-DWS MIP Plan B- Quarterly  Dividend option;;;10.3442;10.3442;10.3959;11-Dec-2006
102203;DWS Investment Opportunity Fund - Dividend Option;INF223J01275;INF223J01283;17.37;17.37;17.76;11-Dec-2006
102204;DWS Investment Opportunity Fund - Growth Option;INF223J01291;;22.76;22.76;23.27;11-Dec-2006

DSP Mutual Fund
100090;DSP BlackRock Technology.com   Fund - Regular Plan - Growth;INF740K01219;;21.533;21.533;22.017;11-Dec-2006
104480;DSP MidCap Fund - Institutional Plan - Dividend;INF740K01FX2;INF740K01FW4;10.290;10.290;10.290;11-Dec-2006
104479;DSP MidCap Fund - Institutional Plan - Growth;INF740K01FV6;;10.290;10.290;10.290;11-Dec-2006

Fidelity Mutual Fund
102962;Fidelity Equity Fund-Dividend Option;;;17.722;17.545;18.121;11-Dec-2006
102961;Fidelity Equity Fund-Growth Option;;;20.083;19.882;20.535;11-Dec-2006
103768;Fidelity India Special Situations Fund-Dividend Option;;;12.276;12.153;12.552;11-Dec-2006
103767;Fidelity India Special Situations Fund-Growth Option;;;12.276;12.153;12.552;11-Dec-2006

Franklin Templeton Mutual Fund
102270;Franklin FMCG Fund - Dividend;;;22.37;22.37;22.87;11-Dec-2006
100523;Franklin FMCG Fund - Growth;;;34.79;34.79;35.57;11-Dec-2006
100483;Franklin India Growth Fund;;;28.38;28.38;29.02;11-Dec-2006
102320;Franklin India Index Fund - BSE Plan - Growth Plan;INF090I01924;;37.2749;36.9022;37.2749;11-Dec-2006
102271;Franklin Pharma Fund - Dividend;;;17.23;17.23;17.62;11-Dec-2006
100902;Franklin Pharma Fund - Growth;;;27.82;27.82;28.45;11-Dec-2006

HDFC Mutual Fund
103468;HDFC Focused Large-Cap Fund-Dividend;INF179K01K57;INF179K01K65;11.22;0;0;11-Dec-2006
103469;HDFC Focused Large-Cap Fund-Growth;INF179K01K73;;11.22;0;0;11-Dec-2006
101282;HDFC Index Fund-Sensex Plus( FV-Rs32.161);INF179K01LB7;;142.4353;141.0109;142.4353;11-Dec-2006

ICICI Prudential Mutual Fund
103028;ICICI Prudential Blended Plan A -  Dividend;INF109K01DZ0;INF109K01AO0; 10.6506 ; 10.5973 ; 10.6506 ;11-Dec-2006
103027;ICICI Prudential Blended Plan A - Growth;INF109K01AP7;; 11.1807 ; 11.1248 ; 11.1807 ;11-Dec-2006
103659;ICICI Prudential Fusion Fund - Institutional Option - I - Growth;;; 11.95 ;0;0;11-Dec-2006
103661;ICICI Prudential Fusion Fund-Dividend Plan;;; 11.85 ;0;0;11-Dec-2006
103660;ICICI Prudential Fusion Fund-Growth Plan;;; 11.85 ;0;0;11-Dec-2006

ING Mutual Fund
104273;ING C.U.B (Competitive Upcoming Businesses) Fund-Bonus Option;INF084M01374;;11.2600;11.2600;11.2600;11-Dec-2006
104274;ING C.U.B (Competitive Upcoming Businesses) Fund-Dividend Option;INF084M01358;INF084M01366;11.2600;11.2600;11.2600;11-Dec-2006
104275;ING C.U.B (Competitive Upcoming Businesses) Fund-Growth Option;INF084M01341;;11.2600;11.2600;11.2600;11-Dec-2006
103649;ING Contra Fund -Growth Option;INF084M01382;;10.4400;10.4400;10.6700;11-Dec-2006
103651;ING Contra Fund-Bonus Option;INF084M01416;;10.4400;10.4400;10.6700;11-Dec-2006
103650;ING Contra Fund-Dividend Option;INF084M01390;INF084M01408;10.4400;10.4400;10.6700;11-Dec-2006
100188;ING Core Equity Fund-Dividend Option;INF084M01192;INF084M01200;13.8300;13.8300;14.1400;11-Dec-2006
100189;ING Core Equity Fund-Growth Option;INF084M01184;;26.1700;26.1700;26.7600;11-Dec-2006
103163;ING Dividend Yield Fund-Bonus Option;;;10.7800;10.7800;11.0200;11-Dec-2006
103162;ING Dividend Yield Fund-Dividend Option;INF084M01226;INF084M01234;9.8000;9.8000;10.0200;11-Dec-2006
103161;ING Dividend Yield Fund-Growth Option;INF084M01218;;10.7800;10.7800;11.0200;11-Dec-2006
102718;ING Domestic Opportunities Fund-Bonus Option;;;26.2800;26.2800;26.8700;11-Dec-2006
102717;ING Domestic Opportunities Fund-Dividend Option;INF084M01168;INF084M01176;14.4200;14.4200;14.7400;11-Dec-2006
102716;ING Domestic Opportunities Fund-Growth Option;INF084M01150;;26.2800;26.2800;26.8700;11-Dec-2006
103369;ING L.I.O.N. (Large cap, Intermediate cap, Opportunities, New offerings) Fund-Bonus Option;;;12.0800;12.0800;12.3500;11-Dec-2006
103368;ING L.I.O.N. (Large cap, Intermediate cap, Opportunities, New offerings)Fund-Dividend Option;;;12.0800;12.0800;12.3500;11-Dec-2006
103367;ING L.I.O.N. (Large cap, Intermediate cap, Opportunities, New offerings)Fund-Growth Option;;;12.0800;12.0800;12.3500;11-Dec-2006
102245;ING Large Cap Equity Fund-Bonus Option;;;19.7200;19.7200;20.1600;11-Dec-2006
102243;ING Large Cap Equity Fund-Dividend Option;INF084M01283;INF084M01291;13.1200;13.1200;13.4200;11-Dec-2006
102242;ING Large Cap Equity Fund-Growth Option;INF084M01275;;19.7200;19.7200;20.1600;11-Dec-2006
102933;ING Midcap Fund-Bonus Option;;;16.4900;16.4900;16.8600;11-Dec-2006
102932;ING Midcap Fund-Dividend Option;INF084M01259;INF084M01267;15.0800;15.0800;15.4200;11-Dec-2006
102931;ING Midcap Fund-Growth Option;INF084M01242;;16.4900;16.4900;16.8600;11-Dec-2006
101172;ING Vysya Equity Fund-Dividend Option;;;14.9800;14.9800;15.3200;11-Dec-2006
101173;ING Vysya Equity Fund-Growth Option;;;31.4200;31.4200;32.1300;11-Dec-2006

JM Financial Mutual Fund
103109;JM Emerging Leaders Fund-Dividend;;;10.34;10.34;10.57;11-Dec-2006
103108;JM Emerging Leaders Fund-Growth;;;10.31;10.31;10.54;11-Dec-2006
103752;JM HIFI Fund-Dividend;;;10.77;10.77;11.01;11-Dec-2006
103751;JM HIFI Fund-Growth;;;10.77;10.77;11.01;11-Dec-2006
102480;JM Large Cap Fund-Dividend;;;13.23;13.23;13.53;11-Dec-2006
102481;JM Large Cap Fund-Growth;;;16.68;16.68;17.06;11-Dec-2006
102478;JM Mid Cap Fund-Dividend;;;16.46;16.46;16.83;11-Dec-2006
102479;JM Mid Cap Fund-Growth;;;21.49;21.49;21.97;11-Dec-2006

Kotak Mahindra Mutual Fund
101733;Kotak 30-(Dividend);;;37.319;37.319;38.159;11-Dec-2006
101734;Kotak 30-(Growth);;;65.746;65.746;67.225;11-Dec-2006
102182;Kotak Global-India-Dividend;;;20.213;20.213;20.668;11-Dec-2006
102183;Kotak Global-India-Growth;;;25.276;25.276;25.845;11-Dec-2006
103473;KOTAK LIFESTYLE FUND---Dividend;;;11.038;11.038;11.286;11-Dec-2006
103474;KOTAK LIFESTYLE FUND---Growth;;;11.038;11.038;11.286;11-Dec-2006
100290;Kotak MNC;;;25.711;25.711;26.289;11-Dec-2006
100289;Kotak Tech;;;10.175;10.175;10.404;11-Dec-2006

LIC Mutual Fund
102900;LIC NOMURA MF Opportunities Fund-Dividend;INF767K01212;INF767K01204;11.4078;11.4078;11.4078;11-Dec-2006
102901;LIC NOMURA MF Opportunities Fund-Growth;INF767K01220;;16.4411;16.4411;16.4411;11-Dec-2006

Morgan Stanley Mutual Fund
100347;Morgan Stanley Growth Fund- Regular Growth Plan;INF063A01027;;49.25;0;0;11-Dec-2006

Nippon India Mutual Fund
103749;Reliance Focused Large Cap Fund-Dividend Plan;INF204K01653;INF204K01661;11.29;11.29;11.54;11-Dec-2006
103748;Reliance Focused Large Cap Fund-Growth Plan-Bonus Option;INF204K01679;;11.29;11.29;11.54;11-Dec-2006
103747;Reliance Focused Large Cap Fund-Growth Plan-Growth Option;INF204K01687;;11.29;11.29;11.54;11-Dec-2006
102909;Reliance Index Fund-Nifty Plan-Bonus Option;;;15.4975;15.4975;15.6525;11-Dec-2006
102910;Reliance Index Fund-Nifty Plan-Dividend Option;;;15.4975;15.4975;15.6525;11-Dec-2006
102908;Reliance Index Fund-Nifty Plan-Growth Option;;;15.4975;15.4975;15.6525;11-Dec-2006
102906;Reliance Index Fund-Sensex Plan-Bonus Option;;;19.6882;19.6882;19.8851;11-Dec-2006
102907;Reliance Index Fund-Sensex Plan-Dividend Option;;;19.6882;19.6882;19.8851;11-Dec-2006
102905;Reliance Index Fund-Sensex Plan-Growth Option;;;19.6882;19.6882;19.8851;11-Dec-2006

Principal Mutual Fund
102896;Principal Focussed Advantage Fund-Dividend;;;15.9;15.9;16.26;11-Dec-2006
102897;Principal Focussed Advantage Fund-Growth;;;15.91;15.91;16.27;11-Dec-2006
103058;Principal Junior Cap Fnd -Dividend Option;;;13.93;13.93;14.24;11-Dec-2006
103059;Principal Junior Cap Fnd-Growth Option;;;13.93;13.93;14.24;11-Dec-2006
102427;Principal Resurgent India Equity Fund-Dividend;;;18.43;18.43;18.84;11-Dec-2006
102426;Principal Resurgent India Equity Fund-Growth;;;70.69;70.69;72.28;11-Dec-2006
100150;Principal Child Benefit Fund-Super Saver-Future Guard Plan;;;52.37;50.8;53.55;11-Dec-2006
100151;Principal Retail Equity Savings Fund - Growth Option;INF173K01CP9;;53.07;51.48;54.26;11-Dec-2006
103453;Principal Services Industries Fund-DIVIDEND;INF173K01999;INF173K01AA5;11.39;11.39;11.65;11-Dec-2006
103454;Principal Services Industries Fund-GROWTH;INF173K01981;;11.39;11.39;11.65;11-Dec-2006

Sahara Mutual Fund
101529;Sahara Growth Fund-Dividend;INF515L01155;INF515L01163;24.4409;24.4409;24.9908;11-Dec-2006
101528;Sahara Growth Fund-Growth;INF515L01171;;48.3073;48.3073;49.3942;11-Dec-2006
103730;Sahara Infrastructure Fund ---FIXED PRICING OPTION-Dividend Option;INF515L01320;INF515L01338;10.7706;10.7706;11.0129;11-Dec-2006
103731;Sahara Infrastructure Fund ---FIXED PRICING OPTION-Growth Option;INF515L01346;;10.7706;10.7706;11.0129;11-Dec-2006
103732;Sahara Infrastructure Fund ---VARIABLE PRICING OPTION-Dividend Option;INF515L01353;INF515L01361;10.8152;10.8152;11.0585;11-Dec-2006
103733;Sahara Infrastructure Fund ---VARIABLE PRICING OPTION-Growth Option;INF515L01379;;10.8152;10.8152;11.0585;11-Dec-2006
100798;Sahara Midcap Fund-Auto Payout;INF515L01247;;17.0891;17.0891;17.4736;11-Dec-2006
100799;Sahara Midcap Fund-Bonus;INF515L01254;;17.0891;17.0891;17.4736;11-Dec-2006
100797;Sahara Midcap Fund-Dividend Plan;INF515L01213;INF515L01221;15.2536;15.2536;15.5968;11-Dec-2006
100796;Sahara Midcap Fund-Growth Plan;INF515L01239;;17.0891;17.0891;17.4736;11-Dec-2006
103119;Sahara Wealth Plus Fund-Fixed Pricing Option-Dividend Option;INF515L01262;INF515L01270;14.0958;14.0958;14.4130;11-Dec-2006
103120;Sahara Wealth Plus Fund-Fixed Pricing Option-Growth Option;INF515L01288;;14.0958;14.0958;14.4130;11-Dec-2006
103121;Sahara Wealth Plus Fund-Variable Pricing Option-Dividend Option;INF515L01296;INF515L01304;14.2;14.2000;14.5195;11-Dec-2006
103122;Sahara Wealth Plus Fund-Variable Pricing Option-Growth Option;INF515L01312;;14.2;14.2000;14.5195;11-Dec-2006

SBI Mutual Fund
102208;SBI MAGNUM NRI FLEXIASSET PLAN-DIVIDEND;INF200K01511;INF200K01529;22.8260;22.5977;23.3396;11-Dec-2006
102207;SBI MAGNUM NRI FLEXIASSET PLAN-GROWTH;INF200K01503;;22.8291;22.6008;23.3428;11-Dec-2006

Standard Chartered Mutual Fund
103054;Standard Chartered Classic Equity Fund-Plan-Dividend;;;13.31;13.31;13.6095;11-Dec-2006
103053;Standard Chartered Classic Equity Fund-Plan-Growth;;;15.0445;15.0445;15.383;11-Dec-2006
103488;Standard Chartered Imperial Equity Fund-Plan-Dividend;;;11.6932;11.6932;11.9563;11-Dec-2006
103487;Standard Chartered Imperial Equity Fund-Plan-Growth;;;11.6932;11.6932;11.9563;11-Dec-2006
103153;Standard Chartered Premier Equity Fund-Plan-Dividend;;;12.4936;12.4936;12.7747;11-Dec-2006
103152;Standard Chartered Premier Equity Fund-Plan-Growth;;;12.4936;12.4936;12.7747;11-Dec-2006

Sundaram Mutual Fund
103210;Sundaram CAPEX Opportunities Fund-Dividend;INF903J01249;INF903J01256;15.8952;15.8952;16.2528;11-Dec-2006
103211;Sundaram CAPEX Opportunities Fund-Growth;INF903J01231;;17.0316;17.0316;17.4148;11-Dec-2006
100612;Sundaram Growth Fund-Dividend;INF903J01330;INF903J01348;14.2408;14.2408;14.5612;11-Dec-2006
100613;Sundaram Growth Fund-Growth;INF903J01355;;65.1288;65.1288;66.5942;11-Dec-2006
102483;Sundaram India Leadership Fund-Dividend;INF903J01397;INF903J01405;14.0172;14.0172;14.3326;11-Dec-2006
102482;Sundaram India Leadership Fund-Growth;INF903J01413;;28.7345;28.7345;29.3810;11-Dec-2006

Tata Mutual Fund
103337;Tata Contra Fund Plan A -  Dividend;INF277K01DA8;INF277K01AM9;10.9491;10.9491;11.1955;11-Dec-2006
103336;Tata Contra Fund Plan A -  Growth;INF277K01AN7;;10.9526;10.9526;11.1990;11-Dec-2006
101745;Tata Index Fund - Nifty B;;;0.0000;0.0000;0.0000;11-Dec-2006
101871;Tata Life Science & Technology Fund - Dividend Option;INF277K01DZ5;INF277K01816;36.9667;36.9667;37.7985;11-Dec-2006
101000;Tata Life Sciences & Technology Fund - Growth;INF277K01824;;45.9305;45.9305;46.9639;11-Dec-2006
103072;Tata Mid Cap Fund Plan A- Dividend;INF277K01EA6;INF277K01832;13.7918;13.7918;14.1021;11-Dec-2006
103071;Tata Mid Cap Fund Plan A- Growth;INF277K01840;;13.7933;13.7933;14.1036;11-Dec-2006
102930;Tata Service Industries Fund - Appreciation;INF277K01AL1;;18.7469;18.7469;19.1687;11-Dec-2006
102929;Tata Service Industries Fund - Dividend;INF277K01CZ7;INF277K01AK3;18.8117;18.8117;19.2350;11-Dec-2006

UTI Mutual Fund
102518;UTI - DYNAMIC EQUITY FUND-DIVIDEND;;;18.78;18.78;19.2;11-Dec-2006
102517;UTI - DYNAMIC EQUITY FUND-GROWTH;;;34.38;34.38;35.15;11-Dec-2006
102491;UTI - GROWTH & VALUE FUND-ANNUAL DIVIDEND;;;22.67;22.67;23.18;11-Dec-2006
102494;UTI - GROWTH & VALUE FUND-GROWTH;;;56.11;56.11;57.37;11-Dec-2006
102495;UTI - GROWTH & VALUE FUND-SEMI ANNUAL DIVIDEND;;;15.83;15.83;16.19;11-Dec-2006
100712;UTI - INDEX SELECT FUND-Growth Option;;;33.44;33.44;34.19;11-Dec-2006
100711;UTI - INDEX SELECT FUND-Income Option;;;22.56;22.56;23.07;11-Dec-2006
102496;UTI - INDIA ADVANTAGE EQUITY FUND-DIVIDEND;;;8.01;8.01;8.19;11-Dec-2006
102497;UTI - INDIA ADVANTAGE EQUITY FUND-GROWTH;;;8.01;8.01;8.19;11-Dec-2006
100749;UTI - Master Index Fund-Growth Option;INF789F01JK8;;42.0464;42.0464;42.0464;11-Dec-2006
100748;UTI - Master Index Fund-Income Option;INF789F01JI2;INF789F01JJ0;42.0464;42.0464;42.0464;11-Dec-2006
100656;UTI - Master Plus Unit Scheme-Growth Option;INF789F01943;;64.99;64.99;66.45;11-Dec-2006
100657;UTI - Master Plus Unit Scheme-Income Option;INF189A01061;INF789F01935;49.95;49.95;51.07;11-Dec-2006
100751;UTI - Master Value Fund-Growth Option;INF789F01AD2;;29.53;29.53;30.19;11-Dec-2006
100750;UTI - Master Value Fund-Income Option;INF789F01AB6;INF789F01AC4;19.26;19.26;19.69;11-Dec-2006
103455;UTI Bluechip Flexicap Fund - Regular Plan - Dividend Option;INF789F01760;INF789F01778;12.02;12.02;12.29;11-Dec-2006
103457;UTI Bluechip Flexicap Fund - Regular Plan - Growth option;INF789F01786;;12.02;12.02;12.29;11-Dec-2006
103534;UTI Contra Fund-Growth-Growth Option;INF789F01430;;9.65;9.65;9.87;11-Dec-2006
103532;UTI Contra Fund-Income-Dividend Option;INF789F01414;INF789F01422;9.65;9.65;9.87;11-Dec-2006
100382;UTI Large Cap Fund-Growth Option;;;19.6;19.6;20.04;11-Dec-2006
100381;UTI Large Cap Fund-Income Option;;;17.09;17.09;17.47;11-Dec-2006
102404;UTI PSU Fund-Growth Option;;;15.94;15.94;16.3;11-Dec-2006
102403;UTI PSU Fund-Income Option;;;14.47;14.47;14.8;11-Dec-2006

Open Ended Schemes ( Balanced )


Aditya Birla Sun Life Mutual Fund
100035;Birla Sun Life Freedom Fund-Plan A (Dividend);;;18.37;18.37;18.78;11-Dec-2006
100036;Birla Sun Life Freedom Fund-Plan B (Growth);;;27.62;27.62;28.24;11-Dec-2006

HDFC Mutual Fund
100121;HDFC Balanced Fund - Dividend Option;INF179K01376;INF179K01384;20.36;20.36;20.818;11-Dec-2006
100122;HDFC Balanced Fund - Growth Option;INF179K01392;;31.661;31.661;32.373;11-Dec-2006
101978;HDFC Prudence Fund - Dividend Option;INF179K01AT2;INF179K01AU0;31.008;31.008;31.706;11-Dec-2006
101977;HDFC Prudence Fund - Growth Option;INF179K01AV8;;110.235;110.235;112.715;11-Dec-2006

ING Mutual Fund
100202;ING Balanced Fund-Dividend Option;INF084M01AC6;INF084M01AD4;12.4400;12.4400;12.7200;11-Dec-2006
100203;ING Balanced Fund-Growth Option;INF084M01AB8;;17.7700;17.7700;18.1700;11-Dec-2006

UTI Mutual Fund
101662;UTI - Variable Investment Scheme-Growth Option;;;15.949;15.949;16.1882;11-Dec-2006
101661;UTI - Variable Investment Scheme-Income Option;;;13.218;13.218;13.4163;11-Dec-2006

Open Ended Schemes ( Liquid )


Aditya Birla Sun Life Mutual Fund
101294;Birla Sun Life Cash Plus Sweep Plan-Dividend Option;;;10.0511;10.0511;10.0511;11-Dec-2006

DBS Chola Mutual Fund
100989;DBS Chola Liquid Fund-Cum -Institutional Plus;;;14.9084;14.9084;14.9084;11-Dec-2006
104329;DBS Chola Liquid Fund-Cum -Super Institutional;;;10.1350;10.1350;10.1350;11-Dec-2006
100978;DBS Chola Liquid Fund-Daily Dividend Reinvestment Plan;;;10.0317;10.0317;10.0317;11-Dec-2006
100975;DBS Chola Liquid Fund-Regular Cumulative;;;14.8205;14.8205;14.8205;11-Dec-2006
104330;DBS Chola Liquid Fund-Weekly Dividend- Super Institutional;;;10.0250;10.0250;10.0250;11-Dec-2006
101307;DBS Chola Liquid Fund - Regular Weekly Dividend;;;11.9786;11.9786;11.9786;11-Dec-2006

Deutsche Mutual Fund
101718;DWS Insta Cash Plus Fund-DIVIDEND-Daily Dividend;;INF223J01BI1;10.3010;10.3010;10.3010;11-Dec-2006
101717;DWS Insta Cash Plus Fund-DIVIDEND-MONTHLY DIVIDEND;INF223J01BK7;INF223J01BL5;10.2061;10.2061;10.2061;11-Dec-2006
101716;DWS Insta Cash Plus Fund-DIVIDEND-WEEKLY DIVIDEND;INF223J01BM3;INF223J01BN1;10.2011;10.2011;10.2011;11-Dec-2006
101719;DWS Insta Cash Plus Fund-Growth-GROWTH;INF223J01BJ9;;12.2916;12.2916;12.2916;11-Dec-2006
101722;DWS Insta Cash Plus Fund-Institutional Plan-Daily Dividend;;INF223J01BA8;10.0195;10.0195;10.0195;11-Dec-2006
101720;DWS Insta Cash Plus Fund-Institutional Plan-Dividend;INF223J01BE0;INF223J01BD2;10.0768;10.0768;10.0768;11-Dec-2006
101721;DWS Insta Cash Plus Fund-Institutional Plan-Growth;INF223J01BB6;;11.4939;11.4939;11.4939;11-Dec-2006
101723;DWS Insta Cash Plus Fund-Institutional Plan-Weekly Dividend;INF223J01BF7;INF223J01BG5;10.1096;10.1096;10.1096;11-Dec-2006

Fidelity Mutual Fund
104498;Fidelity Cash Fund - Institutional Plan - Daily Dividend Option;;INF677K01AQ1;10.0000;10.0000;10.0000;11-Dec-2006
104497;Fidelity Cash Fund - Institutional Plan - Growth Option;;;10.0350;10.0350;10.0350;11-Dec-2006
104548;Fidelity Cash Fund - Institutional Plan - Monthly Dividend Option;INF677K01AS7;INF677K01AT5;10.0350;10.0350;10.0350;11-Dec-2006
104546;Fidelity Cash Fund - Institutional Plan - Weekly Dividend Option;;INF677K01AR9;10.0002;10.0002;10.0002;11-Dec-2006
104495;Fidelity Cash Fund - Retail Plan - Daily Dividend option;;INF677K01AL2;10.0000;10.0000;10.0000;11-Dec-2006
104493;Fidelity Cash Fund - Retail Plan - Growth option;;;10.0336;10.0336;10.0336;11-Dec-2006
104547;Fidelity Cash Fund - Retail Plan - Monthly Dividend Option;;;10.0336;10.0336;10.0336;11-Dec-2006
104549;Fidelity Cash Fund - Retail Plan - Weekly Dividend Option;;INF677K01AM0;10.0002;10.0002;10.0002;11-Dec-2006
104494;Fidelity Cash Fund - Super Institutional Plan - Daily Dividend Option;;INF677K01AV1;10.0000;10.0000;10.0000;11-Dec-2006
104496;Fidelity Cash Fund - Super Institutional Plan - Growth Option;INF677K01AU3;;10.0356;10.0356;10.0356;11-Dec-2006
104551;Fidelity Cash Fund - Super Institutional Plan - Monthly Dividend Option;INF677K01AX7;INF677K01AY5;10.0356;10.0356;10.0356;11-Dec-2006
104550;Fidelity Cash Fund - Super Institutional Plan - Weekly Dividend Option;;INF677K01AW9;10.0356;10.0356;10.0356;11-Dec-2006

ING Mutual Fund
100194;ING Liquid Fund-Auto Sweep Growth Option;;;10.0000;10.0000;10.0000;11-Dec-2006
100195;ING Liquid Fund-Auto Sweep Weekly Dividend Option;;;10.0000;10.0000;10.0000;11-Dec-2006
100198;ING Liquid Fund-Institutional Daily Dividend Option;INF084M01473;;10.0103;10.0103;10.0103;11-Dec-2006
100196;ING Liquid Fund-Institutional Growth Option;INF084M01465;;11.5011;11.5011;11.5011;11-Dec-2006
100197;ING Liquid Fund-Institutional Weekly Dividend Option;INF084M01499;INF084M01481;10.0675;10.0675;10.0675;11-Dec-2006
100192;ING Liquid Fund-Regular Daily Dividend Option;INF084M01432;;10.7849;10.7849;10.7849;11-Dec-2006
100190;ING Liquid Fund-Regular Growth Option;INF084M01424;;15.5187;15.5187;15.5187;11-Dec-2006
100191;ING Liquid Fund-Regular Weekly Dividend Option;INF084M01457;INF084M01440;10.8382;10.8382;10.8382;11-Dec-2006
100200;ING Liquid Fund-Super Institutional Daily Dividend Option;INF084M01515;;10.0024;10.0024;10.0024;11-Dec-2006
100199;ING Liquid Fund-Super Institutional Growth Option;INF084M01507;;10.8848;10.8848;10.8848;11-Dec-2006
100201;ING Liquid Fund-Super Institutional Weekly Dividend Option;INF084M01531;INF084M01523;10.0982;10.0982;10.0982;11-Dec-2006
102802;ING Treasury Management Fund-Annual Dividend Option;;;10.5856;10.5856;10.5856;11-Dec-2006
102803;ING Treasury Management Fund-Bonus Option;;;11.2930;11.2930;11.2930;11-Dec-2006
102804;ING Treasury Management Fund-Daily Dividend Option;;;10.0176;10.0176;10.0176;11-Dec-2006
102798;ING Treasury Management Fund-Growth Option;;;11.2930;11.2930;11.2930;11-Dec-2006
102801;ING Treasury Management Fund-Half Yearly Dividend Option;;;10.3020;10.3020;10.3020;11-Dec-2006
102800;ING Treasury Management Fund-Quarterly Dividend Option;;;10.3392;10.3392;10.3392;11-Dec-2006
102799;ING Treasury Management Fund-Weekly Dividend Option;;;10.2546;10.2546;10.2546;11-Dec-2006

JM Financial Mutual Fund
101420;JM Floater Short Term Fund - Daily Dividend Option;;INF192K01767;10.0883;10.0883;10.0883;11-Dec-2006
101421;JM Floater Short Term Fund - Growth Option;INF192K01775;;12.0764;12.0764;12.0764;11-Dec-2006

Sahara Mutual Fund
101397;Sahara Liquid Fund-Fixed Pricing -  Weekly Dividend Option;;INF515L01064;1024.6207;1024.6207;1024.6207;11-Dec-2006
101393;Sahara Liquid Fund-Fixed Pricing - Daily Dividend Option;;INF515L01049;1024.6192;1024.6192;1024.6192;11-Dec-2006
101394;Sahara Liquid Fund-Fixed Pricing - Growth option;INF515L01056;;1311.1795;1311.1795;1311.1795;11-Dec-2006
101398;Sahara Liquid Fund-Fixed Pricing - Monthly Dividend Option;;INF515L01072;1026.2731;1026.2731;1026.2731;11-Dec-2006
101399;Sahara Liquid Fund-Variable Pricing - Daily Dividend option;;INF515L01080;1024.631;1024.6310;1024.6310;11-Dec-2006
101402;Sahara Liquid Fund-Variable Pricing - Growth option;INF515L01114;;1314.5628;1314.5628;1314.5628;11-Dec-2006
101400;Sahara Liquid Fund-Variable Pricing - Weekly Dividend Option;;INF515L01098;1025.3834;1025.3834;1025.3834;11-Dec-2006
101401;Sahara Liquid Fund-Variable Pricing- Monthly Dividend Option;;INF515L01106;1026.8829;1026.8829;1026.8829;11-Dec-2006

SBI Mutual Fund
102960;Z-OLD-SBI Magnum Inst. Income Fund -  Savings - Fortnightly(D)(Upto 22/03/07) Renamed as SBI Premier Liquid Fund;;;10.1052;10.1052;10.1052;11-Dec-2006
102870;Z-OLD-SBI Magnum Inst. Income Fund -  Savings - Wkly(D)(Upto 22/03/07) Renamed as SBI Premier Liquid Fund;;;10.5661;10.5661;10.5661;11-Dec-2006
102058;SBI Magnum Institutional Income Fund - Savings - Dividend(Upto 22/03/07) Renamed as SBI Premier Liquid Fund;;;10.0325;10.0325;10.0325;11-Dec-2006
101929;SBI Magnum Institutional Income Fund - Savings - Growth(Upto 22/03/07) Renamed as SBI Premier Liquid Fund;;;11.7859;11.7859;11.7859;11-Dec-2006

Standard Chartered Mutual Fund
103525;Standard Chartered Liquidity Manager (SCLM)-A-Dividend Daily;;;10.001;10.001;10.001;11-Dec-2006
103527;Standard Chartered Liquidity Manager (SCLM)-A-Dividend Monthly;;;10.0168;10.0168;10.0168;11-Dec-2006
103526;Standard Chartered Liquidity Manager (SCLM)-A-Dividend Weekly;;;10.0061;10.0061;10.0061;11-Dec-2006
103524;Standard Chartered Liquidity Manager (SCLM)-A-Growth;;;10.5245;10.5245;10.5245;11-Dec-2006
103598;Standard Chartered Liquidity Manager Plus-A-Dividend Daily;;;1000.1;1000.1;1000.1;11-Dec-2006
103600;Standard Chartered Liquidity Manager Plus-A-Dividend Monthly;;;1002.2969;1002.2969;1002.2969;11-Dec-2006
103599;Standard Chartered Liquidity Manager Plus-A-Dividend Weekly;;;1000.6824;1000.6824;1000.6824;11-Dec-2006
103597;Standard Chartered Liquidity Manager Plus-A-Growth;;;1049.1125;1049.1125;1049.1125;11-Dec-2006

Tata Mutual Fund
101987;Tata Liquid Fund Reglar Plan - Monthly Dividend;INF277K01LR5;INF277K01LS3;1151.6159;1151.6159;1151.6159;11-Dec-2006
101861;Tata Liquid Fund-Regular Plan  - Weekly Dividend;INF277K016C5;;1151.8695;1151.8695;1151.8695;11-Dec-2006
101984;Tata Liquid High Investment Plan - Daily;;;1114.3379;1114.3379;1114.3379;11-Dec-2006
101860;Tata Liquid High Investment Plan - Growth;INF277K01LN4;;1221.4742;1221.4742;1221.4742;11-Dec-2006
101985;Tata Liquid High Investment Plan - Monthly;INF277K01LO2;INF277K01LP9;1021.7616;1021.7616;1021.7616;11-Dec-2006
101859;Tata Liquid High Investment Plan - Weekly;;;1147.8560;1147.8560;1147.8560;11-Dec-2006
101982;Tata Liquid Retail Investment PLan - Daily;;;1116.8143;1116.8143;1116.8143;11-Dec-2006
101983;Tata Liquid Retail Investment Plan - Fortnightly;;;1147.3985;1147.3985;1147.3985;11-Dec-2006
101858;Tata Liquid Retail Investment Plan - Growth;INF277K01LM6;;1695.2763;1695.2763;1695.2763;11-Dec-2006
103631;Tata Liquidity Management Fund - Regular Plan - Daily Dividend;;;1002.2592;1002.2592;1002.2592;11-Dec-2006
103632;Tata Liquidity Management Fund - Regular Plan - Growth;INF277K01LW5;;1053.9064;1053.9064;1053.9064;11-Dec-2006
103519;Tata Liquidity Management Fund - Regular Plan  -Weekly Dividend;;;1006.6973;1006.6973;1006.6973;11-Dec-2006

Open Ended Schemes ( Money Market )


Franklin Templeton Mutual Fund
100561;Templeton India Money Market Account - Bonus Plan;;;1.0000;1.0000;1.0000;11-Dec-2006
104554;Templeton India Money Market Account - Dividend Plan;;;1.0000;1.0000;1.0000;11-Dec-2006

quant Mutual Fund
103094;Escorts Mutual Fund Unclaimed Dundee Balanced Fund;;;7.9439;7.9439;7.9439;11-Dec-2006
103093;Escorts Mutual Fund Unclaimed Dundee Corporate Bond Fund-Annual Dividend;;;10.6239;10.6239;10.6239;11-Dec-2006
103089;Escorts Mutual Fund Unclaimed Dundee Corporate Bond Fund-Appreciation;;;13.3413;13.3413;13.3413;11-Dec-2006
103092;Escorts Mutual Fund Unclaimed Dundee Corporate Bond Fund-Half Yearly Dividend;;;10.2768;10.2768;10.2768;11-Dec-2006
103090;Escorts Mutual Fund Unclaimed Dundee Corporate Bond Fund-Monthly Dividend;;;10.1601;10.1601;10.1601;11-Dec-2006
103091;Escorts Mutual Fund Unclaimed Dundee Corporate Bond Fund-Quarterly Dividend;;;10.2554;10.2554;10.2554;11-Dec-2006
103041;Escorts Mutual Fund Unclaimed Dundee Liquidity Fund-Appreciation;;;15.9871;15.9871;15.9871;11-Dec-2006
103042;Escorts Mutual Fund Unclaimed Dundee Liquidity Fund-Dividend;;;11.5063;11.5063;11.5063;11-Dec-2006
103047;Escorts Mutual Fund Unclaimed Dundee PSU Bond Fund-Annual Dividend;;;10.6356;10.6356;10.6356;11-Dec-2006
103043;Escorts Mutual Fund Unclaimed Dundee PSU Bond Fund-Appreciation;;;13.4351;13.4351;13.4351;11-Dec-2006
103046;Escorts Mutual Fund Unclaimed Dundee PSU Bond Fund-Half Yearly Dividend;;;10.2883;10.2883;10.2883;11-Dec-2006
103044;Escorts Mutual Fund Unclaimed Dundee PSU Bond Fund-Monthly Dividend;;;10.1393;10.1393;10.1393;11-Dec-2006
103045;Escorts Mutual Fund Unclaimed Dundee PSU Bond Fund-Quarterly Dividend;;;10.2670;10.2670;10.2670;11-Dec-2006
103033;Escorts Mutual Fund Unclaimed Dundee Sovereign Trust-Annual Dividend;;;11.8979;11.8979;11.8979;11-Dec-2006
103029;Escorts Mutual Fund Unclaimed Dundee Sovereign Trust-Appreciation;;;17.9707;17.9707;17.9707;11-Dec-2006
103032;Escorts Mutual Fund Unclaimed Dundee Sovereign Trust-Half Yearly Dividend;;;11.2296;11.2296;11.2296;11-Dec-2006
103030;Escorts Mutual Fund Unclaimed Dundee Sovereign Trust-Monthly Dividend;;;10.9814;10.9814;10.9814;11-Dec-2006
103095;Escorts Mutual Fund Unclaimed Dundee Tax Saver Fund;;;9.6362;9.6362;9.6362;11-Dec-2006

Tata Mutual Fund
102152;Tata Money Market Fund Regular (Bonus / Dividend);;;10.1607;10.1607;10.1607;11-Dec-2006
102153;Tata Money Market Fund Regular (Growth);INF277K01LY1;;11.7232;11.7232;11.7232;11-Dec-2006

Open Ended Schemes ( Gilt )


Aditya Birla Sun Life Mutual Fund
103190;Aditya Birla Sun Life Government Securities Fund - Short Term Plan - Growth - Regular Plan;INF209K01BD9;;15.7244;15.7244;15.7244;11-Dec-2006
103189;Aditya Birla Sun Life Govt, Securities Short Term Fund-Retail Plan A(Dividend);;INF209K01DZ8;10.3698;10.3698;10.3698;11-Dec-2006

DBS Chola Mutual Fund
100580;DBS Chola Gilt-Investment-Cumulative;;;18.5669;18.5669;18.5669;11-Dec-2006
100579;DBS Chola Gilt-Investment-Quarterly Dividend;;;10.2121;10.2121;10.2121;11-Dec-2006

HDFC Mutual Fund
101081;HDFC Gilt Fund-Short Term-Dividend;INF179K01780;INF179K01798;10.5827;10.5827;10.5827;11-Dec-2006
101082;HDFC Gilt Fund-Short Term-Growth;INF179K01806;;13.5218;13.5218;13.5218;11-Dec-2006

HSBC Mutual Fund
102065;HSBC Gilt Fund  - Dividend;INF336L01735;INF336L01727;10.7026;10.7026;10.7026;11-Dec-2006
102066;HSBC Gilt Fund  - Growth;INF336L01719;;10.9808;10.9808;10.9808;11-Dec-2006

ICICI Prudential Mutual Fund
102060;ICICI Prudential Gilt Fund Investment Plan PF Option - Growth;INF109K01JS2;; 11.9423 ; 11.8706 ; 11.9423 ;11-Dec-2006
102248;ICICI Prudential Gilt Fund Treasury Plan PF Option - Growth;INF109K01KA8;; 11.3470 ; 11.2562 ; 11.3470 ;11-Dec-2006

ING Mutual Fund
101406;ING Gilt Fund-Dividend Option;;;12.0546;12.0546;12.0546;11-Dec-2006
101405;ING Gilt Fund-Growth Option;;;12.0546;12.0546;12.0546;11-Dec-2006
102384;ING Gilt Fund Provident Fund - Dynamic Plan-Annual Dividend Option;INF084M01903;INF084M01911;10.5241;10.5241;10.5241;11-Dec-2006
102387;ING Gilt Fund Provident Fund - Dynamic Plan-Cyclical Series Option 2006;;;10.3991;10.3991;10.3991;11-Dec-2006
102382;ING Gilt Fund Provident Fund - Dynamic Plan-Growth Auto Income Payout Option;INF084M01861;;11.4333;11.4333;11.4333;11-Dec-2006
102381;ING Gilt Fund Provident Fund - Dynamic Plan-Growth Option;INF084M01853;;11.4333;11.4333;11.4333;11-Dec-2006
102383;ING Gilt Fund Provident Fund - Dynamic Plan-Half Yearly Dividend Option;INF084M01887;INF084M01895;10.2982;10.2982;10.2982;11-Dec-2006

JM Financial Mutual Fund
102180;JM G-Sec - PF Plus-Dividend Plan;;;11.0339;11.0339;11.0339;11-Dec-2006
102179;JM G-Sec - PF Plus-Growth Plan;;;11.0314;11.0314;11.0314;11-Dec-2006

Nippon India Mutual Fund
101646;Reliance Gilt Securities Fund-Retail Plan - Long Term Plan-Dividend;;;11.561;11.561;11.561;11-Dec-2006
101644;Reliance Gilt Securities Fund-Retail Plan - Long Term Plan-Growth;;;12.72;12.72;12.72;11-Dec-2006
101648;Reliance Gilt Securities Fund-Retail Plan - Short Term Plan-Growth;;;11.3051;11.3051;11.3051;11-Dec-2006
102409;Reliance Gilt Securities Fund-Long Term-P F -Plan-Automatic Capital Appreciation Payout;;;12.72;12.72;12.72;11-Dec-2006
102410;Reliance Gilt Securities Fund-Long Term-P F -Plan-Defined Maturity Debt;;;12.72;12.72;12.72;11-Dec-2006

Principal Mutual Fund
101124;Principal Gilt Fund-Provident-Annual;;;10.6066;10.5536;10.6066;11-Dec-2006
101122;Principal Gilt Fund-Provident-Growth;;;10.9421;10.8874;10.9421;11-Dec-2006
101123;Principal Gilt Fund-Provident-Haly Yearly;;;10.2195;10.1684;10.2195;11-Dec-2006
101121;Principal Gilt Fund-Savings-Dividend;;;10.3099;10.3099;10.3099;11-Dec-2006
101120;Principal Gilt Fund-Savings-Growth;;;13.9053;13.9053;13.9053;11-Dec-2006
101117;Principal Government Securities Fund-Dividend Option - Quarterly;INF173K01AN8;INF173K01AO6;11.3934;11.3934;11.3934;11-Dec-2006
101119;Principal Government Securities Fund-Dividend Option- Annually;INF173K01AQ1;INF173K01AR9;13.3773;13.3773;13.3773;11-Dec-2006
101118;Principal Government Securities Fund-Growth;INF173K01AM0;;16.2832;16.2832;16.2832;11-Dec-2006
101116;Principal Government Securities Fund-Investment-Dividend - Half Yearly;;;11.3063;11.3063;11.3063;11-Dec-2006

Sahara Mutual Fund
101171;Sahara Gilt Fund-Dividend;INF515L01122;INF515L01130;11.2259;11.2259;11.2259;11-Dec-2006
101170;Sahara Gilt Fund-Growth;INF515L01148;;12.2759;12.2759;12.2759;11-Dec-2006

Standard Chartered Mutual Fund
102306;Grindlays Government Securities Fund-Provident fund Plan-Institutional Plan-Plan B-Growth/Appreciation;;;11.1152;11.1152;11.1152;11-Dec-2006
102311;Grindlays Government Securities Fund-Provident fund Plan-Institutional Plan-Plan B-Quarterly Dividend;;;10.4643;10.4643;10.4643;11-Dec-2006
102304;Grindlays Government Securities Fund-Provident fund Plan-Regular- Plan A-Annual Dividend;;;10.7203;10.7203;10.7203;11-Dec-2006
102300;Grindlays Government Securities Fund-Provident fund Plan-Regular- Plan A-Growth/Appreciation;;;11.0831;11.0831;11.0831;11-Dec-2006
102305;Grindlays Government Securities Fund-Provident fund Plan-Regular- Plan A-Quarterly Dividend;;;10.471;10.471;10.471;11-Dec-2006

Tata Mutual Fund
101944;Tata Gilt Retirement Plan (28-2-08) Div;;;10.5423;10.4896;10.5423;11-Dec-2006
102079;Tata Gilt Retirement Plan (28-2-09) Dividend;;;10.4979;10.4454;10.4979;11-Dec-2006
102062;Tata Gilt Retirement Plan (28-2-09) Growth;;;10.5489;10.4962;10.5489;11-Dec-2006
102080;Tata Gilt Retirement Plan (28-2-10) Dividend;;;10.5780;10.5251;10.5780;11-Dec-2006
102045;Tata Gilt Retirement Plan (28-2-10) Growth;;;10.5469;10.4942;10.5469;11-Dec-2006
102067;Tata Gilt Retirement Plan (28-2-11) Growth;;;10.5531;10.5003;10.5531;11-Dec-2006
102086;Tata Gilt Retirement Plan (28-2-13) Dividend;;;10.6783;10.6249;10.6783;11-Dec-2006
101956;Tata Gilt Retirement Plan (28-2-13) Growth;;;10.6052;10.5522;10.6052;11-Dec-2006
102088;Tata Gilt Retirement Plan (28-2-14) Growth;;;0.0000;0.0000;0.0000;11-Dec-2006
102126;Tata Gilt Retirement Plan (28-2-15) Growth;;;10.4744;10.4220;10.4744;11-Dec-2006
102116;Tata Gilt Retirement Plan (28-2-16) Growth;;;10.4530;10.4007;10.4530;11-Dec-2006
101471;Tata Gilt Retirement Plan (28/2/2008) Growth;;;10.4259;10.3738;10.4259;11-Dec-2006
102047;Tata Gilt Retirement Plan 28/2/11 Dividend Option;;;0.0000;0.0000;0.0000;11-Dec-2006
102119;Tata Gilt Retirement Plan28/2/18 Dividend Option;;;0.0000;0.0000;0.0000;11-Dec-2006
101828;Tata Gilt Securities Short Maturity Fund -Regular Fund-Quarterly DIvidend;INF277K01DP6;INF277K01568;10.2630;10.2630;10.2630;11-Dec-2006
101883;Tata Gilt Securities Short Maturity Fund -Regular Plan-Growth;INF277K01576;;11.9046;11.9046;11.9046;11-Dec-2006

Taurus Mutual Fund
101094;Taurus Gilt Fund-Dividend;INF044D01AL0;INF044D01AM8;12.4348;12.4037;12.4348;11-Dec-2006
101095;Taurus Gilt Fund-Growth;INF044D01AN6;;12.7579;12.7260;12.7579;11-Dec-2006

Open Ended Schemes ( ELSS )


ABN  AMRO Mutual Fund
103446;ABN AMRO Tax  Advantage Plan (ELSS)-Dividend Option;;;13.517;13.517;13.821;11-Dec-2006
103445;ABN AMRO Tax  Advantage Plan (ELSS)-Growth Option;;;13.519;13.519;13.823;11-Dec-2006

DBS Chola Mutual Fund
103357;DBS Chola Tax Saver Fund-Cumulative Option;;;13.18;13.18;13.48;11-Dec-2006
103356;DBS Chola Tax Saver Fund-Dividend Option;;;13.18;13.18;13.48;11-Dec-2006

Deutsche Mutual Fund
103559;DWS TAX SAVING FUND-DIVIDEND;INF223J01333;INF223J01341;10.4387;10.4387;10.6736;11-Dec-2006
103558;DWS TAX SAVING FUND-GROWTH;INF223J01358;;10.4387;10.4387;10.6736;11-Dec-2006

Fidelity Mutual Fund
103421;Fidelity Tax Advantage Fund-Dividend Option;;;11.916;11.916;12.184;11-Dec-2006
103420;Fidelity Tax Advantage Fund-Growth Option;;;11.916;11.916;12.184;11-Dec-2006

Franklin Templeton Mutual Fund
101037;Franklin India Index Tax Fund;;;29.9689;29.9689;30.2686;11-Dec-2006

ING Mutual Fund
102317;ING Tax Savings Fund-Bonus Option;INF084M01333;;25.8600;25.8600;26.4400;11-Dec-2006
102316;ING Tax Savings Fund-Dividend Option;INF084M01317;INF084M01325;16.8300;16.8300;17.2100;11-Dec-2006
102315;ING Tax Savings Fund-Growth Option;INF084M01309;;25.8200;25.8200;26.4000;11-Dec-2006

Sahara Mutual Fund
100337;SaharaTax Gain-Dividend;INF515L01189;INF515L01197;17.5885;17.5885;17.9842;11-Dec-2006
100338;SaharaTax Gain-Growth;INF515L01205;;20.1355;20.1355;20.5885;11-Dec-2006

Open Ended Schemes ( Floating Rate )


DBS Chola Mutual Fund
102660;DBS Chola Floating Rate Fund-Cumulative;;;11.2879;11.2540;11.2879;11-Dec-2006
102659;DBS Chola Floating Rate Fund-Dividend;;;10.3907;10.3595;10.3907;11-Dec-2006

HDFC Mutual Fund
101671;HDFC Floating Rate Income Fund-Long Term Plan-GROWTH;INF179K01624;;12.1539;12.1539;12.1539;11-Dec-2006
101670;HDFC Floating Rate Income Fund-Long Term Plan-Weekly Dividend Option;;INF179K01616;10.1878;10.1878;10.1878;11-Dec-2006

HSBC Mutual Fund
102831;HSBC Floating Rate Fund - Long Term - Dividend - Monthly;INF336L01701;INF336L01693;10.0634;10.0634;10.0634;11-Dec-2006
102830;HSBC Floating Rate Fund - Long Term - Dividend - Weekly;INF336L01628;INF336L01610;10.3246;10.3246;10.3246;11-Dec-2006
102829;HSBC Floating Rate Fund - Long Term - Growth;INF336L01685;;11.2487;11.2487;11.2487;11-Dec-2006
102828;HSBC Floating Rate Fund - Long Term - Regular - Dividend - Monthly;INF336L01669;INF336L01651;10.0287;9.9786;10.0287;11-Dec-2006
102827;HSBC Floating Rate Fund - Long Term - Regular - Growth;INF336L01636;;11.2019;11.1459;11.2019;11-Dec-2006
102836;HSBC Floating Rate Fund - Short Term - Inst. - Dividend - Daily;;;10.0132;10.0132;10.0132;11-Dec-2006
102838;HSBC Floating Rate Fund - Short Term - Inst. - Dividend - Monthly;;;10.0473;10.0473;10.0473;11-Dec-2006
102837;HSBC Floating Rate Fund - Short Term - Inst. - Dividend - Weekly;;;10.0286;10.0286;10.0286;11-Dec-2006
102835;HSBC Floating Rate Fund - Short Term - Inst. - Growth;;;11.2675;11.2675;11.2675;11-Dec-2006
102840;HSBC Floating Rate Fund - Short Term - Inst. Plus - Dividend - Daily;;;10.0262;10.0262;10.0262;11-Dec-2006
102842;HSBC Floating Rate Fund - Short Term - Inst. Plus - Dividend - Monthly;;;0.0000;0.0000;0.0000;11-Dec-2006
102841;HSBC Floating Rate Fund - Short Term - Inst. Plus - Dividend - Weekly;;;0.0000;0.0000;0.0000;11-Dec-2006
102839;HSBC Floating Rate Fund - Short Term - Inst. Plus - Growth;;;10.6768;10.6768;10.6768;11-Dec-2006
102833;HSBC Floating Rate Fund - Short Term - Regular - Dividend - Daily;;;10.0000;10.0000;10.0000;11-Dec-2006
102834;HSBC Floating Rate Fund - Short Term - Regular - Dividend - Weekly;;;10.0071;10.0071;10.0071;11-Dec-2006
102832;HSBC Floating Rate Fund - Short Term - Regular - Growth;;;11.2209;11.2209;11.2209;11-Dec-2006

LIC Mutual Fund
102268;LIC NOMURA MF Floating Rate Fund - Short Term Plan-Growth;INF767K01477;;11.6737;11.6737;11.6737;11-Dec-2006
102269;LIC NOMURA MF Floating Rate Fund - Short Term Plan-Weekly Dividend;INF767K01451;INF767K01469;10.1619;10.1619;10.1619;11-Dec-2006

SBI Mutual Fund
102508;SBI Magnum Income Fund - F R P - Long Term - Inst. (D);;;10.5320;10.5320;10.5320;11-Dec-2006
102507;OLD-SBI Magnum Income Fund - F R P - Long Term - Inst. (G);;;11.4058;11.4058;11.4058;11-Dec-2006

Standard Chartered Mutual Fund
101630;Grindlays Floating Rate Fund - Growth;;;12.157;12.157;12.157;11-Dec-2006
101631;Grindlays Floating Rate Fund- Dividend Monthly;;;10.0476;10.0476;10.0476;11-Dec-2006

Tata Mutual Fund
102155;Tata Floating Rate Fund - Long Term Plan- Regular Plan - Growth;INF277K01YF3;;11.3458;11.3458;11.3458;11-Dec-2006
102154;Tata Floating Rate Fund - Regular Plan- Dividend;INF277K01DM3;INF277K01493;10.2986;10.2986;10.2986;11-Dec-2006

Open Ended Schemes ( Fund of Funds - Domestic )


Aditya Birla Sun Life Mutual Fund
102184;Aditya Birla Sun Life Asset Allocation Fund-Aggressive Plan-Dividend Plan;INF209K01AR1;INF209K01DU9;20.0089;20.0089;20.0089;11-Dec-2006
102185;Aditya Birla Sun Life Asset Allocation Fund-Aggressive Plan-Growth Plan;INF209K01AS9;;20.0089;20.0089;20.0089;11-Dec-2006
102188;Aditya Birla Sun Life Asset Allocation Fund-Conservative Plan-Dividend Plan;INF209K01AV3;INF209K01DW5;13.9339;13.9339;13.9339;11-Dec-2006
102189;Aditya Birla Sun Life Asset Allocation Fund-Conservative Plan-Growth Plan;INF209K01AW1;;13.9339;13.9339;13.9339;11-Dec-2006
102186;Aditya Birla Sun Life Asset Allocation Fund-Moderate Plan-Dividend Plan;INF209K01AT7;INF209K01DV7;17.2945;17.2945;17.2945;11-Dec-2006
102187;Aditya Birla Sun Life Asset Allocation Fund-Moderate Plan-Growth Plan;INF209K01AU5;;17.2945;17.2945;17.2945;11-Dec-2006

Fidelity Mutual Fund
103419;Fidelity MultiManager Cash Fund-Dividend Re-investment Option;;;10.0215;10.0215;10.0215;11-Dec-2006
103418;Fidelity MultiManager Cash Fund-Growth Option;;;10.5907;10.5907;10.5907;11-Dec-2006

ING Mutual Fund
104174;ING Asset Allocator Multi-Manager FoF Scheme - Dividend;INF084M01AF9;INF084M01AG7;12.0701;12.0701;12.3719;11-Dec-2006
104175;ING Asset Allocator Multi-Manager FoF Scheme - Growth;INF084M01AE2;;12.0701;12.0701;12.3719;11-Dec-2006
104561;ING Income Growth Multi-Manager FoF Scheme -15% Equity Plan Option B -Growth;;;N.A.;N.A.;N.A.;11-Dec-2006
103740;ING Income Growth Multi-Manager FoF Scheme Option A -15% Equity Plan-Growth;INF084M01AK9;;10.5064;10.5064;10.6115;11-Dec-2006
103739;ING Income Growth Multi-Manager FoF Scheme-15% Equity Plan Option A-Dividend;INF084M01AL7;INF084M01AM5;10.5064;10.5064;10.6115;11-Dec-2006
104563;ING Income Growth Multi-Manager FoF Scheme-15% Equity Plan Option B-Dividend;;;N.A.;N.A.;N.A.;11-Dec-2006
103741;ING Income Growth Multi-Manager FoF Scheme-30% Equity Plan Option A -Dividend;INF084M01AO1;INF084M01AP8;10.3771;10.3771;10.4809;11-Dec-2006
103742;ING Income Growth Multi-Manager FoF Scheme-30% Equity Plan Option A -Growth;INF084M01AN3;;10.3771;10.3771;10.4809;11-Dec-2006
104562;ING Income Growth Multi-Manager FoF Scheme-30% Equity Plan Option B -Dividend;;;N.A.;N.A.;N.A.;11-Dec-2006
104560;ING Income Growth Multi-Manager FoF Scheme-30% Equity Plan Option B -Growth;;;N.A.;N.A.;N.A.;11-Dec-2006

Standard Chartered Mutual Fund
102736;Standard Chartered All Seasons Bond Fund-Plan A-Dividend - Annual;;;10.6272;10.6272;10.6272;11-Dec-2006
102735;Standard Chartered All Seasons Bond Fund-Plan A-Dividend - Half Yearly;;;10.348;10.348;10.348;11-Dec-2006
102733;Standard Chartered All Seasons Bond Fund-Plan A-Dividend - Quarterly;;;10.3134;10.3134;10.3134;11-Dec-2006
102734;Standard Chartered All Seasons Bond Fund-Plan A-Growth;;;11.2222;11.2222;11.2222;11-Dec-2006

Open Ended Schemes ( Other ETFs )


Benchmark Mutual Fund
101296;Banking Index Benchmark Exchange Traded Scheme (Bank BeES);;;586.7544;586.7544;586.7544;11-Dec-2006
101884;Liquid Benchmark Exchange Traded Scheme (Liquid BeES);;;1000.0000;1000.0000;1000.0000;11-Dec-2006
101325;Nifty Benchmark Exchange Traded Scheme- Nifty BeES;;;392.6861;392.6861;392.6861;11-Dec-2006
101621;Nifty Junior Benchmark Exchange Traded Scheme (Junior BeES);;;69.9219;69.9219;69.9219;11-Dec-2006

UTI Mutual Fund
101898;UTI Sunder;INF789F01042;;391.1664;391.1664;391.1664;11-Dec-2006

Open Ended Schemes ( Fund of Funds - Overseas )


Franklin Templeton Mutual Fund
101620;Franklin India International Fund;;;10.3202;10.2686;10.3202;11-Dec-2006

Open Ended Schemes ( Equity Scheme - Multi Cap Fund )


Baroda BNP Paribas Mutual Fund
102020;Baroda BNP Paribas MULTI CAP FUND - Regular Plan - Growth Option;INF955L01674;;29.61;29.61;30.73;11-Dec-2006
102021;Baroda BNP Paribas MULTI CAP FUND - Regular Plan - IDCW Option;INF955L01658;INF955L01666;18.68;18.68;19.39;11-Dec-2006

ICICI Prudential Mutual Fund
101228;ICICI Prudential Multicap Fund - Growth;INF109K01613;; 79.29 ; 79.29 ; 81.07 ;11-Dec-2006
101706;ICICI Prudential Multicap Fund - IDCW;INF109K01FK7;INF109K01621; 21.48 ; 21.48 ; 21.96 ;11-Dec-2006
102957;ICICI Prudential Multicap Fund - Institutional Option - I;INF109K01639;; 21.10 ; 21.10 ; 21.57 ;11-Dec-2006

Nippon India Mutual Fund
101163;NIPPON INDIA MULTI CAP FUND - IDCW Option;INF204K01455;INF204K01463;19.2886;19.2886;19.7226;11-Dec-2006
101162;Nippon India Multi Cap Fund-Growth Plan-Bonus Option;INF204K01471;;20.5587;20.5587;21.0213;11-Dec-2006
101161;Nippon India Multi Cap Fund-Growth Plan-Growth Option;INF204K01489;;20.5587;20.5587;21.0213;11-Dec-2006

Principal Mutual Fund
100966;Principal Multi Cap Growth Fund- Half Yearly Income Distribution CUM Capital Withdrawal Option;INF173K01957;INF173K01965;23.49;23.02;24.02;11-Dec-2006
100967;Principal Multi Cap Growth Fund-Growth Option;INF173K01940;;48.53;47.56;49.62;11-Dec-2006

quant Mutual Fund
100631;quant Multi Cap Fund-GROWTH OPTION - Regular Plan;INF966L01234;;53.5527;53.5527;54.7576;11-Dec-2006
100630;quant Multi Cap Fund-IDCW Option - Regular Plan;INF966L01218;INF966L01226;15.7697;15.7697;16.1245;11-Dec-2006

Open Ended Schemes ( Equity Scheme - Large Cap Fund )


Aditya Birla Sun Life Mutual Fund
103174;Aditya Birla Sun Life Large Cap Fund-Growth;INF209K01BR9;;48.51;48.51;49.60;11-Dec-2006
103173;Aditya Birla Sun Life Large Cap Fund-Regular - IDCW;INF209K01BO6;INF209K01EC5;20.45;20.45;20.91;11-Dec-2006

DSP Mutual Fund
101635;DSP Large Cap Fund - Regular Plan - Growth;INF740K01243;;55.159;55.159;56.400;11-Dec-2006
101636;DSP Large Cap Fund - Regular Plan - IDCW;INF740K01227;INF740K01235;21.966;21.966;22.460;11-Dec-2006

Franklin Templeton Mutual Fund
100470;Franklin India BLUECHIP FUND - IDCW ;INF090I01155;INF090I01163;42.23;42.23;43.18;11-Dec-2006
100471;Franklin India Bluechip Fund-Growth;INF090I01171;;127.31;127.31;130.17;11-Dec-2006

HDFC Mutual Fund
102000;HDFC Large Cap Fund - Growth Option - Regular Plan;INF179K01BE2;;106.422;106.422;108.816;11-Dec-2006
102001;HDFC Large Cap Fund - IDCW Option - Regular Plan;INF179K01BC6;INF179K01BD4;39.828;39.828;40.724;11-Dec-2006

HSBC Mutual Fund
101594;HSBC Large Cap Fund - Regular Growth;INF336L01016;;69.9483;69.5986;71.5221;11-Dec-2006
101593;HSBC Large Cap Fund - Regular IDCW;INF336L01024;INF336L01032;31.1616;31.0058;31.8627;11-Dec-2006

JM Financial Mutual Fund
100219;JM Large Cap Fund (Regular) - Growth Option;INF192K01601;;37.55;37.55;38.39;11-Dec-2006
100218;JM Large Cap Fund (Regular) - IDCW ;INF192K01585;INF192K01593;16.87;16.87;17.25;11-Dec-2006

LIC Mutual Fund
100332;LIC MF Large Cap Fund-Regular Plan-IDCW;INF767K01097;INF767K01089;10.5470;10.5470;10.5470;11-Dec-2006

SBI Mutual Fund
103616;SBI Large Cap Fund - Regular Plan - Income Distribution cum Capital Withdrawal Option (IDCW);INF200K01164;INF200K01172;11.40;11.29;11.66;11-Dec-2006
103504;SBI Large Cap FUND-REGULAR PLAN GROWTH;INF200K01180;;11.40;11.29;11.66;11-Dec-2006

Tata Mutual Fund
100475;Tata Large Cap Fund -Regular Plan - Growth Option;INF277K01931;;59.4473;59.4473;60.7849;11-Dec-2006
102036;Tata Large Cap Fund- Regular Plan - Payout of IDCW Option;INF277K01EG3;INF277K01923;28.1379;28.1379;28.7710;11-Dec-2006

Taurus Mutual Fund
101209;Taurus Large Cap Fund - Regular Plan - Growth;INF044D01773;;34.39;34.39;35.16;11-Dec-2006

UTI Mutual Fund
100651;UTI Large Cap Fund - Regular Plan - Growth Option;INF789F01976;;33.45;33.45;34.2;11-Dec-2006
100650;UTI Large Cap Fund - Regular Plan - IDCW;INF189A01038;INF789F01950;26.94;26.94;27.55;11-Dec-2006

Open Ended Schemes ( Equity Scheme - Large & Mid Cap Fund )


Aditya Birla Sun Life Mutual Fund
100033;Aditya Birla Sun Life Large & Mid Cap Fund - Regular Growth;INF209K01165;;121.59;121.59;124.33;11-Dec-2006
100034;Aditya Birla Sun Life Large & Mid Cap Fund -Regular - IDCW;INF209K01157;INF209K01CE5;87.23;87.23;89.19;11-Dec-2006

Canara Robeco Mutual Fund
102920;CANARA ROBECO LARGE AND MID CAP FUND - REGULAR PLAN - GROWTH OPTION;INF760K01167;;15.48;15.48;15.83;11-Dec-2006
102921;CANARA ROBECO LARGE AND MID CAP FUND - REGULAR PLAN - IDCW (Payout/Reinvestment);INF760K01175;INF760K01183;13.19;13.19;13.49;11-Dec-2006
102922;Canara Robeco Large and Mid Cap Fund -BONUS OPTION;INF760K01159;;15.48;15.48;15.83;11-Dec-2006

DSP Mutual Fund
103819;DSP Large & Mid Cap Fund - Regular Plan - Growth;INF740K01094;;54.305;54.305;55.527;11-Dec-2006
103820;DSP Large & Mid Cap Fund - Regular Plan - IDCW;INF740K01078;INF740K01086;29.957;29.957;30.631;11-Dec-2006

Franklin Templeton Mutual Fund
102883;Franklin India Equity Advantage Fund - Growth Plan;INF090I01205;;20.40;20.20;20.86;11-Dec-2006
102884;Franklin India Equity Advantage Fund - IDCW ;INF090I01189;INF090I01197;18.09;17.91;18.50;11-Dec-2006

ICICI Prudential Mutual Fund
100349;ICICI Prudential Large & Mid Cap Fund - Growth;INF109K01431;; 91.02 ; 91.02 ; 93.07 ;11-Dec-2006
100348;ICICI Prudential Large & Mid Cap Fund - IDCW;INF109K01EQ7;INF109K01449; 24.76 ; 24.76 ; 25.32 ;11-Dec-2006
100350;ICICI Prudential Large & Mid Cap Fund - Institutional Option - I - Growth;INF109K01456;; 12.06 ; 12.06 ; 12.33 ;11-Dec-2006

Kotak Mahindra Mutual Fund
103234;Kotak Large & Midcap Fund - Growth-Regular;INF174K01187;;27.16;27.16;27.771;11-Dec-2006
103233;Kotak Large & Midcap Fund - IDCW-Regular;INF174K01203;INF174K01195;17.457;17.457;17.85;11-Dec-2006

Nippon India Mutual Fund
100378;NIPPON INDIA VISION FUND - IDCW Option;INF204K01372;INF204K01380;51.96;51.96;53.13;11-Dec-2006
100379;Nippon India Vision Fund-GROWTH PLAN-Bonus Option;INF204K01398;;29.22;29.22;29.88;11-Dec-2006
100380;Nippon India Vision Fund-GROWTH PLAN-Growth Option;INF204K01406;;174.34;174.34;178.26;11-Dec-2006

quant Mutual Fund
104515;quant Large & Mid Cap Fund - Bonus Option - Regular Plan;INF966L01424;;0.00;0.00;0.00;11-Dec-2006
104513;quant Large & Mid Cap Fund - Growth Option;INF966L01341;;0.00;0.00;0.00;11-Dec-2006
104514;quant Large & Mid Cap Fund - IDCW Option - Regular Plan;INF966L01325;INF966L01333;0.00;0.00;0.00;11-Dec-2006

SBI Mutual Fund
101530;SBI Large & Midcap Fund - Regular Plan - Income Distribution cum Capital Withdrawal Option (IDCW);INF200K01289;INF200K01297;47.36;46.89;48.43;11-Dec-2006
103024;SBI LARGE & MIDCAP FUND- REGULAR PLAN -Growth;INF200K01305;;51.94;51.42;53.11;11-Dec-2006

Tata Mutual Fund
101823;Tata Large & Mid Cap Fund Regular Plan - Payout of IDCW Option;INF277K01DH3;INF277K01410;19.5279;19.5279;19.9673;11-Dec-2006
101824;Tata Large & Mid Cap Fund- Regular Plan - Growth Option;INF277K01428;;55.8237;55.8237;57.0797;11-Dec-2006

UTI Mutual Fund
100664;UTI Large & Mid Cap Fund - Regular Plan - Growth Option;INF789F01869;;43.47;43.47;44.45;11-Dec-2006
100663;UTI Large & Mid Cap Fund - Regular Plan - IDCW;INF189A01046;INF789F01851;40.08;40.08;40.98;11-Dec-2006

Open Ended Schemes ( Equity Scheme - Mid Cap Fund )


Aditya Birla Sun Life Mutual Fund
101591;Aditya Birla Sun Life Midcap Fund -REGULAR - IDCW;INF209K01355;INF209K01CN6;25.37;25.37;25.94;11-Dec-2006
101592;Aditya Birla Sun Life MIDCAP Fund-Growth;INF209K01363;;61.13;61.13;62.51;11-Dec-2006

DSP Mutual Fund
104481;DSP Midcap Fund - Regular Plan - Growth;INF740K01128;;10.284;10.284;10.515;11-Dec-2006
104482;DSP Midcap Fund - Regular Plan - IDCW;INF740K01102;INF740K01110;10.284;10.284;10.515;11-Dec-2006

Franklin Templeton Mutual Fund
100472;Franklin India PRIMA FUND - IDCW ;INF090I01726;INF090I01734;57.24;56.10;58.53;11-Dec-2006
100473;Franklin India Prima Fund-Growth;INF090I01809;;205.58;201.47;210.21;11-Dec-2006

ICICI Prudential Mutual Fund
102528;ICICI Prudential MidCap Fund - Growth;INF109K01AN2;; 26.48 ; 26.48 ; 27.07 ;11-Dec-2006
102529;ICICI Prudential MidCap Fund - IDCW;INF109K01EH6;INF109K01AL6; 21.51 ; 21.51 ; 22.00 ;11-Dec-2006
102530;ICICI Prudential MidCap Fund - Institutional Option - I;INF109K01AM4;; 10.35 ; 10.35 ; 10.58 ;11-Dec-2006

Nippon India Mutual Fund
100375;NIPPON INDIA GROWTH FUND - IDCW Option;INF204K01299;INF204K01307;54.17;54.17;55.39;11-Dec-2006
100376;Nippon India Growth Fund-Growth Plan-Bonus Option;INF204K01315;;42.02;42.02;42.97;11-Dec-2006
100377;Nippon India Growth Fund-Growth Plan-Growth Option;INF204K01323;;253.48;253.48;259.18;11-Dec-2006

quant Mutual Fund
101065;quant Mid Cap Fund - Growth Option - Regular Plan;INF966L01176;;24.8658;24.8658;24.8658;11-Dec-2006
101066;quant Mid Cap Fund - IDCW Option - Regular Plan;INF966L01150;INF966L01168;13.9651;13.9651;13.9651;11-Dec-2006

SBI Mutual Fund
102941;SBI MIDCAP FUND - REGULAR PLAN - GROWTH;INF200K01560;;21.40;21.19;21.88;11-Dec-2006
102942;SBI Midcap Fund - Regular Plan - Income Distribution cum Capital Withdrawal Option (IDCW);INF200K01578;INF200K01586;18.39;18.21;18.80;11-Dec-2006

Sundaram Mutual Fund
101539;Sundaram Mid Cap Fund Regular Plan - Growth;INF903J01173;;88.4051;88.4051;90.3942;11-Dec-2006
101538;Sundaram Mid Cap Fund Regular Plan - Income Distribution cum Capital Withdrawal (IDCW);INF903J01181;INF903J01199;17.5482;17.5482;17.9430;11-Dec-2006

Tata Mutual Fund
102328;Tata Mid Cap Growth Fund Regular Plan- Growth Option;INF277K01626;;30.0744;29.4729;30.7511;11-Dec-2006
102326;Tata Mid Cap Growth Fund-Regular Plan - IDCW Option;INF277K01DS0;INF277K01642;26.0202;25.4998;26.6057;11-Dec-2006
102329;Tata Mid Cap Growth Fund Regular Plan  - Bonus (Growth);INF277K01634;;26.1712;25.6478;26.7601;11-Dec-2006

Taurus Mutual Fund
100477;Taurus Mid Cap Fund - Regular Plan - Growth;INF044D01815;;14.92;14.92;15.26;11-Dec-2006

UTI Mutual Fund
102393;UTI Mid Cap Fund - Regular Plan - IDCW;INF789F01794;INF789F01802;18.98;18.98;19.41;11-Dec-2006
102394;UTI Mid Cap Fund-Growth Option;INF789F01810;;22.41;22.41;22.91;11-Dec-2006

Open Ended Schemes ( Equity Scheme - Small Cap Fund )


Franklin Templeton Mutual Fund
103361;Franklin India Smaller Companies Fund - IDCW ;INF090I01544;INF090I01551;10.66;10.23;10.66;11-Dec-2006
103360;Franklin India Smaller Companies Fund-Growth;INF090I01569;;10.66;10.23;10.66;11-Dec-2006

Kotak Mahindra Mutual Fund
102875;Kotak-Small Cap Fund - Growth;INF174K01211;;18.72;18.72;19.141;11-Dec-2006
102874;Kotak-Small Cap Fund - Payout of Income Distribution cum capital withdrawal option;INF174K01237;INF174K01229;14.362;14.362;14.685;11-Dec-2006

quant Mutual Fund
100177;quant Small Cap Fund - Growth - Regular Plan;INF966L01AA0;;20.0267;20.0267;20.0267;11-Dec-2006
100176;quant Small Cap Fund - IDCW Option - Regular Plan;INF206A01022;INF966L01044;16.9061;16.9061;16.9061;11-Dec-2006

Sundaram Mutual Fund
100795;Sundaram Small Cap Fund Regular Plan - Growth;INF903J01470;;17.9049;17.9049;18.3078;11-Dec-2006
100794;Sundaram Small Cap Fund Regular Plan - Income Distribution cum Capital Withdrawal (IDCW);INF903J01454;INF903J01462;15.4608;15.4608;15.8087;11-Dec-2006

Open Ended Schemes ( Equity Scheme - Dividend Yield Fund )


Aditya Birla Sun Life Mutual Fund
101738;Aditya Birla Sun Life Dividend Yield Fund - Growth - Regular Plan;INF209K01405;;40.36;40.36;41.27;11-Dec-2006
101737;Aditya Birla Sun Life Dividend Yield Fund -REGULAR - IDCW;INF209K01397;INF209K01CP1;10.57;10.57;10.81;11-Dec-2006

Franklin Templeton Mutual Fund
103679;Templeton India EQUITY INCOME FUND - IDCW ;INF090I01932;INF090I01940;11.37;11.26;11.63;11-Dec-2006
103678;Templeton India Equity Income Fund-Growth Plan;INF090I01957;;11.37;11.26;11.63;11-Dec-2006

Principal Mutual Fund
102808;Principal Dividend Yield Fund- Half Yearly Income Distribution CUM Capital Withdrawal Plan;INF173K01AD9;INF173K01AE7;12.45;12.45;12.73;11-Dec-2006
102807;Principal Dividend Yield Fund-Growth Plan;INF173K01AC1;;15.28;15.28;15.62;11-Dec-2006

Tata Mutual Fund
102858;Tata Dividend Yield Fund  Regular Plan -( Div);INF277K01DD2;INF277K01337;13.7945;13.7945;14.1049;11-Dec-2006
102859;Tata Dividend Yield Fund Regular Plan;INF277K01345;;16.7922;16.7922;17.1700;11-Dec-2006

UTI Mutual Fund
103025;UTI Dividend Yield Fund - Regular Plan - IDCW;INF789F01448;INF789F01455;11.88;11.88;12.15;11-Dec-2006
103026;UTI-Dividend Yield Fund.-Growth;INF789F01463;;15.19;15.19;15.53;11-Dec-2006

Open Ended Schemes ( Equity Scheme - Value Fund )


Franklin Templeton Mutual Fund
100496;Templeton India Value Fund - Growth Plan;INF090I01296;;62.99;62.36;64.41;11-Dec-2006
100497;Templeton India Value Fund - IDCW ;INF090I01270;INF090I01288;41.18;40.77;42.11;11-Dec-2006

HDFC Mutual Fund
101764;HDFC Value Fund - Growth Plan;INF179K01426;;61.287;61.287;62.666;11-Dec-2006
101765;HDFC Value Fund - IDCW Plan;INF179K01400;INF179K01418;24.655;24.655;25.21;11-Dec-2006

ICICI Prudential Mutual Fund
102596;ICICI Prudential Value Discovery Fund - Institutional Option - I - Growth;INF109K01AE1;; 11.20 ; 11.20 ; 11.45 ;11-Dec-2006
102594;ICICI Prudential Value Fund (erstwhile Value Discovery Fund) - Growth;INF109K01AF8;; 26.43 ; 26.43 ; 27.03 ;11-Dec-2006
102595;ICICI Prudential Value Fund (erstwhile Value Discovery Fund) - IDCW;INF109K01EC7;INF109K01AD3; 18.27 ; 18.27 ; 18.68 ;11-Dec-2006

JM Financial Mutual Fund
100254;JM Value Fund (Regular) - Growth Option;INF137A01037;;18.18;18.18;18.59;11-Dec-2006

Nippon India Mutual Fund
103085;Nippon India Value Fund- Growth Plan;INF204K01GB3;;15.1969;15.1969;15.1969;11-Dec-2006
103087;Reliance Regular Savings Fund-BALANCED OPTION-Growth Option;;;11.4012;11.4012;11.4012;11-Dec-2006
103083;Reliance Regular Savings Fund-DEBT OPTION -Growth Option;;;10.4647;10.4647;10.4647;11-Dec-2006

Quantum Mutual Fund
103490;Quantum Value Fund - Direct Plan Growth Option;INF082J01036;;11.41;10.95;11.41;11-Dec-2006
103491;Quantum Value Fund - Direct Plan IDCW;INF082J01044;INF082J01051;11.41;10.95;11.41;11-Dec-2006

Tata Mutual Fund
101672;Tata Equity P/E Fund - Regular Plan -Growth Option;INF277K01451;;24.4574;24.4574;25.0077;11-Dec-2006
102428;Tata Equity P/E Fund Regular Plan - Payout of IDCW-Option B(10%);INF277K01DJ9;INF277K01444;23.4136;23.4136;23.9404;11-Dec-2006

UTI Mutual Fund
103098;UTI Value Fund - Regular Plan - Growth Option;INF789F01AG5;;13.85;13.85;14.16;11-Dec-2006
103097;UTI Value Fund - Regular Plan - IDCW;INF789F01AE0;INF789F01AF7;12.17;12.17;12.44;11-Dec-2006

Open Ended Schemes ( Equity Scheme - Contra Fund )


Kotak Mahindra Mutual Fund
103040;Kotak Contra Fund - Regular Plan - Growth;INF174K01245;;13.884;13.884;14.196;11-Dec-2006
103039;Kotak Contra Fund - Regular Plan - IDCW - Payout & Re-investment of Income Distribution cum capital withdrawal option;INF174K01260;INF174K01252;13.884;13.884;14.196;11-Dec-2006

SBI Mutual Fund
100915;SBI Contra Fund - Regular Plan - Income Distribution cum Capital Withdrawal Option (IDCW);INF200K01347;INF200K01354;27.35;27.08;27.97;11-Dec-2006
102414;SBI CONTRA FUND - REGULAR PLAN -GROWTH;INF200K01362;;36.30;35.94;37.12;11-Dec-2006

Open Ended Schemes ( Equity Scheme - Focused Fund )


Aditya Birla Sun Life Mutual Fund
103309;Aditya Birla Sun Life Focused Fund -Growth Option;INF209K01462;;15.5371;15.3817;15.8867;11-Dec-2006
103308;Aditya Birla Sun Life Focused Fund -Regular - IDCW;INF209K01454;INF209K01CS5;15.5371;15.3817;15.8867;11-Dec-2006

HDFC Mutual Fund
102760;HDFC Focused Fund - GROWTH PLAN;INF179K01574;;25.283;25.283;25.852;11-Dec-2006
102761;HDFC Focused Fund - IDCW PLAN;INF179K01558;INF179K01566;22.383;22.383;22.887;11-Dec-2006

Principal Mutual Fund
103335;Principal Focused Multicap Fund-Growth Option;INF173K01189;;16.6;16.6;16.97;11-Dec-2006
103334;Principal Focused Multicap Fund-Half Yearly Income Distribution CUM Capital Withdrawal Option;INF173K01197;INF173K01205;16.61;16.61;16.98;11-Dec-2006

SBI Mutual Fund
102765;SBI Focused Fund - Regular Plan - Income Distribution cum Capital Withdrawal Option (IDCW);INF200K01388;INF200K01396;17.75;17.57;18.15;11-Dec-2006
102756;SBI FOCUSED FUND - REGULAR PLAN -GROWTH;INF200K01370;;28.89;28.60;29.54;11-Dec-2006

Sundaram Mutual Fund
101537;Sundaram Select Focus Regular Plan - Growth;INF903J01116;;58.3653;58.3653;59.6785;11-Dec-2006
101536;Sundaram Select Focus Regular Plan - Income Distribution cum Capital Withdrawal (IDCW);INF903J01124;INF903J01132;12.7038;12.7038;12.9896;11-Dec-2006

Open Ended Schemes ( Equity Scheme - Sectoral/ Thematic )


Aditya Birla Sun Life Mutual Fund
103168;Aditya Birla Sun Life Digital India Fund - Growth - Regular Plan;INF209K01140;;18.50;18.50;18.92;11-Dec-2006
103167;Aditya Birla Sun Life Digital India Fund -Regular - IDCW;INF209K01132;INF209K01CD7;15.77;15.77;16.12;11-Dec-2006
103110;Aditya Birla Sun Life India Gennext Fund -Regular - IDCW;INF209K01439;INF209K01CR7;14.90;14.90;15.24;11-Dec-2006
103111;Aditya Birla Sun Life India Gennext Fund-Growth Option;INF209K01447;;14.90;14.90;15.24;11-Dec-2006
103475;Aditya Birla Sun Life Infrastructure Fund -  Regular - IDCW;INF209K01470;INF209K01CT3;11.79;11.79;12.06;11-Dec-2006
103476;Aditya Birla Sun Life Infrastructure Fund-Growth;INF209K01504;;11.79;11.79;12.06;11-Dec-2006
100064;Aditya Birla Sun Life MNC Fund - Growth - Regular Plan;INF209K01322;;119.72;119.72;122.41;11-Dec-2006
100063;Aditya Birla Sun Life MNC Fund - Regular - IDCW;INF209K01314;INF209K01CL0;60.01;60.01;61.36;11-Dec-2006

Canara Robeco Mutual Fund
103390;CANARA ROBECO INFRASTRUCTURE FUND - REGULAR PLAN - GROWTH OPTION;INF760K01274;;13.62;13.62;13.93;11-Dec-2006
103389;CANARA ROBECO INFRASTRUCTURE FUND - REGULAR PLAN - IDCW (Payout/Reinvestment);INF760K01258;INF760K01266;11.64;11.64;11.90;11-Dec-2006

DSP Mutual Fund
102434;DSP India T.I.G.E.R. Fund - Regular Plan - Growth;INF740K01151;;31.787;31.787;32.502;11-Dec-2006
102435;DSP India T.I.G.E.R. Fund - Regular Plan - IDCW;INF740K01136;INF740K01144;22.520;22.520;23.027;11-Dec-2006

Franklin Templeton Mutual Fund
103151;Franklin India Opportunities Fund - Growth;INF090I01841;;25.68;25.17;26.26;11-Dec-2006
100524;Franklin INDIA OPPORTUNITIES FUND - IDCW ;INF090I01858;INF090I01866;15.38;15.07;15.73;11-Dec-2006
100521;Franklin India Technology Fund - IDCW ;INF090I01759;INF090I01767;24.66;24.66;25.21;11-Dec-2006
100522;Franklin India Technology Fund-Growth;INF090I01742;;53.00;53.00;54.19;11-Dec-2006

ICICI Prudential Mutual Fund
103312;ICICI Prudential Exports & Services Fund - Growth;INF109K01BB5;; 14.05 ; 14.05 ; 14.37 ;11-Dec-2006
103313;ICICI Prudential Exports & Services Fund - IDCW;INF109K01FL5;INF109K01BA7; 14.05 ; 14.05 ; 14.37 ;11-Dec-2006
100352;ICICI Prudential FMCG Fund - Growth;INF109K01415;; 40.23 ; 40.23 ; 41.14 ;11-Dec-2006
100351;ICICI Prudential FMCG Fund - IDCW;INF109K01EO2;INF109K01423; 33.74 ; 33.74 ; 34.50 ;11-Dec-2006
103149;ICICI Prudential Infrastructure Fund - Growth;INF109K01AV5;; 17.95 ; 17.95 ; 18.35 ;11-Dec-2006
103150;ICICI Prudential Infrastructure Fund - IDCW;INF109K01FB6;INF109K01AT9; 15.56 ; 15.56 ; 15.91 ;11-Dec-2006
100363;ICICI Prudential Technology Fund - Growth;INF109K01506;; 13.77 ; 13.77 ; 14.08 ;11-Dec-2006

Nippon India Mutual Fund
101864;Nippon India Banking & Financial Services Fund - IDCW Option;INF204K01893;INF204K01901;19.01;19.01;19.44;11-Dec-2006
101863;Nippon India Banking & Financial Services Fund-Growth Plan-Bonus Option;INF204K01919;;36.75;36.75;37.58;11-Dec-2006
101862;Nippon India Banking & Financial Services Fund-Growth Plan-Growth Option;INF204K01927;;36.75;36.75;37.58;11-Dec-2006
102753;NIPPON INDIA CONSUMPTION FUND - IDCW Option;INF204K01AN1;INF204K01AO9;19.959;19.959;20.4081;11-Dec-2006
102752;Nippon India Consumption Fund-Growth Plan-Bonus Option;INF204K01AP6;;21.3243;21.3243;21.8041;11-Dec-2006
102751;Nippon India Consumption Fund-Growth Plan-Growth Option;INF204K01AQ4;;21.3243;21.3243;21.8041;11-Dec-2006
102433;NIPPON INDIA PHARMA FUND - IDCW Option;INF204K01935;INF204K01943;18.0257;18.0257;18.4313;11-Dec-2006
102432;Nippon India Pharma Fund-Growth Plan-Bonus Option;INF204K01950;;19.1516;19.1516;19.5825;11-Dec-2006
102431;Nippon India Pharma Fund-Growth Plan-Growth Option;INF204K01968;;19.1516;19.1516;19.5825;11-Dec-2006
101264;NIPPON INDIA POWER & INFRA FUND - IDCW Option;INF204K01AB6;INF204K01AC4;29.4836;29.4836;30.147;11-Dec-2006
101262;Nippon India Power & Infra Fund-Growth Plan -Growth Option;INF204K01AE0;;35.6319;35.6319;36.4336;11-Dec-2006
101263;Nippon India Power & Infra Fund-Growth Plan-Bonus Option;INF204K01AD2;;35.6319;35.6319;36.4336;11-Dec-2006

SBI Mutual Fund
103145;SBI COMMA Fund - REGULAR PLAN - Growth;INF200K01339;;15.61;15.45;15.96;11-Dec-2006
103146;SBI Comma Fund - Regular Plan - Income Distribution cum Capital Withdrawal Option (IDCW);INF200K01313;INF200K01321;14.16;14.02;14.48;11-Dec-2006
100645;SBI Consumption Opportunities Fund - Regular Plan - Income Distribution cum Capital Withdrawal Option (IDCW);INF200K01404;INF200K01412;14.45;14.31;14.78;11-Dec-2006
104523;SBI ESG Exclusionary Strategy Fund - Regular Plan - Growth;INF200K01214;;26.95;26.68;27.56;11-Dec-2006
101295;SBI ESG Exclusionary Strategy Fund - Regular Plan - Income Distribution cum Capital Withdrawal Option (IDCW);INF200K01198;INF200K01206;26.94;26.67;27.55;11-Dec-2006
100644;SBI Healthcare Opportunities Fund - Regular Plan - Income Distribution cum Capital Withdrawal Option (IDCW);INF200K01453;INF200K01461;28.46;28.18;29.10;11-Dec-2006
102823;SBI HEALTHCARE OPPORTUNITIES FUND - REGULAR PLAN -GROWTH;INF200K01446;;34.60;34.25;35.38;11-Dec-2006
103114;SBI Magnum Global Fund - Regular Plan - Income Distribution cum Capital Withdrawal Option (IDCW);INF200K01255;INF200K01263;33.31;32.98;34.06;11-Dec-2006
103034;SBI MNC FUND - REGULAR PLAN -GROWTH;INF200K01271;;42.64;42.21;43.60;11-Dec-2006
100643;SBI Technology Opportunities Fund - Regular Plan - Income Distribution cum Capital Withdrawal Option (IDCW);INF200K01420;INF200K01438;25.38;25.13;25.95;11-Dec-2006

Sundaram Mutual Fund
103743;Sundaram Consumption Fund (Formerly Known as Sundaram Rural and Consumption Fund Regular Plan - Income Distribution cum Capital Withdrawal (IDCW);INF903J01546;INF903J01553;10.4302;10.4302;10.6649;11-Dec-2006
102142;Sundaram Consumption Fund(Formerly Known as Sundaram Rural and Consumption Fund Regular Plan - Growth);INF903J01561;;11.4317;11.4317;11.6889;11-Dec-2006

Tata Mutual Fund
101833;Tata Ethical Fund- Regular Plan - Payout of IDCW Option;INF277K01EH1;INF277K01949;39.6736;39.6736;40.5663;11-Dec-2006
100415;Tata Ethical Fund-Regular Plan - Growth Option;INF277K01956;;46.2899;46.2899;47.3314;11-Dec-2006
101852;TATA Infrastructure Fund Regular Plan - Payout of IDCW Option;INF277K01DY8;INF277K01774;20.9452;20.9452;21.4165;11-Dec-2006
101766;Tata Infrastructure Fund-Regular Plan- Growth Option;INF277K01782;;23.3355;23.3355;23.8605;11-Dec-2006

UTI Mutual Fund
102401;UTI Banking and Financial Services Fund - Regular Plan - Growth Option;INF789F01372;;19.83;19.83;20.28;11-Dec-2006
102402;UTI Banking and Financial Services Fund - Regular Plan - IDCW;INF789F01356;INF789F01364;16.67;16.67;17.05;11-Dec-2006
100805;UTI Energy Fund-Growth Option;INF789F01497;;24.36;24.36;24.91;11-Dec-2006
100804;UTI Energy Fund-Income Option;INF789F01471;INF789F01489;17.07;17.07;17.45;11-Dec-2006
100801;UTI Growth Sector Funds-UTI - GSF - Brand Value-Growth Option;;;26.51;26.51;27.11;11-Dec-2006
100800;UTI Growth Sector Funds-UTI - GSF - Brand Value-Income Option;;;20.29;20.29;20.75;11-Dec-2006
100807;UTI Healthcare Fund - Regular Plan - Growth Option;INF789F01695;;21.07;21.07;21.54;11-Dec-2006
100806;UTI Healthcare Fund - Regular Plan - IDCW;INF789F01679;INF789F01687;18.58;18.58;19;11-Dec-2006
100809;UTI Services Industries Fund-Growth Option;INF789F01729;;48.11;48.11;49.19;11-Dec-2006
100808;UTI Services Industries Fund-Income Option;INF789F01703;INF789F01711;35.56;35.56;36.36;11-Dec-2006
100802;UTI Software Fund-Growth Option;;;26.34;26.34;26.93;11-Dec-2006
100803;UTI Software Fund-Income Option;;;22.15;22.15;22.65;11-Dec-2006
102396;UTI Infrastructure Fund - Regular Plan - IDCW;INF789F01737;INF789F01745;20.16;20.16;20.61;11-Dec-2006
102395;UTI Infrastructure Fund-Growth Option;INF789F01752;;27.58;27.58;28.2;11-Dec-2006
100740;UTI - MNC Fund - Regular Plan - Growth Option;INF789F01844;;34.08;34.08;34.85;11-Dec-2006
100739;UTI MNC Fund - Regular Plan - IDCW;INF789F01828;INF789F01836;28.3;28.3;28.94;11-Dec-2006
102397;UTI Transportation and Logistics Fund - Regular Plan - IDCW;INF789F01273;INF789F01281;14.97;14.97;15.31;11-Dec-2006
102398;UTI-Transportation and Logistics  Fund-Growth Option;INF789F01299;;18.71;18.71;19.13;11-Dec-2006

Open Ended Schemes ( Equity Scheme - ELSS )


Aditya Birla Sun Life Mutual Fund
103164;Aditya Birla Sun Life ELSS Tax Saver Fund-Regular - IDCW;INF209K01090;INF209K01CB1;167.02;167.02;170.78;11-Dec-2006
104331;Aditya Birla Sun Life Tax Plan - Regular Plan - Growth Option;INF209K01348;;10.52;10.52;10.76;11-Dec-2006
100067;Aditya Birla Sun Life Tax Plan -Regular - IDCW;INF209K01330;INF209K01CM8;55.33;55.33;56.57;11-Dec-2006

Baroda BNP Paribas Mutual Fund
100068;BARODA ELSS 96 - Plan A - IDCW;INF955L01641;;25.07;25.07;25.70;11-Dec-2006

Canara Robeco Mutual Fund
100593;CANARA ROBECO ELSS TAX SAVER - REGULAR PLAN -IDCW (Payout);INF760K01084;INF760K01092;21.23;21.23;21.71;11-Dec-2006

Franklin Templeton Mutual Fund
100525;Franklin India ELSS Tax Saver Fund - IDCW;INF090I01783;INF090I01791;39.20;39.20;39.98;11-Dec-2006
100526;Franklin India ELSS Tax Saver Fund-Growth;INF090I01775;;124.31;124.31;126.80;11-Dec-2006

HDFC Mutual Fund
101979;HDFC ELSS Tax saver - Growth Plan;INF179K01BB8;;142.885;142.885;146.1;11-Dec-2006
101980;HDFC ELSS Tax saver - IDCW Plan;INF179K01AZ9;INF179K01BA0;68.361;68.361;69.899;11-Dec-2006
100998;HDFC Long Term Advantage Plan - Growth Plan;INF179K01996;;89.858;89.858;91.88;11-Dec-2006
100997;HDFC Long Term Advantage Plan - IDCW Plan;INF179K01970;INF179K01988;44.859;44.859;45.868;11-Dec-2006

ICICI Prudential Mutual Fund
100354;ICICI Prudential ELSS Tax Saver Fund - Growth;INF109K01464;; 89.55 ; 89.55 ; 91.56 ;11-Dec-2006
100353;ICICI Prudential ELSS Tax Saver Fund - IDCW;INF109K01FN1;INF109K01472; 26.35 ; 26.35 ; 26.95 ;11-Dec-2006

Kotak Mahindra Mutual Fund
103339;Kotak ELSS Tax Saver Fund-Growth;INF174K01369;;13.591;13.591;13.897;11-Dec-2006
103338;Kotak ELSS Tax Saver Fund-Payout of Income Distribution cum capital withdrawal option;INF174K01385;INF174K01377;13.591;13.591;13.897;11-Dec-2006

LIC Mutual Fund
100865;LIC MF ELSS Tax Saver-Regular Plan-Growth;INF767K01956;;25.4626;25.4626;25.9719;11-Dec-2006
100864;LIC MF ELSS Tax Saver-Regular Plan-IDCW;INF767K01931;INF767K01949;11.1714;11.1714;11.3948;11-Dec-2006
100325;LIC MF ULIS (5 Yrs. Single Premium)-Regular Plan-IDCW Reinvestment;;INF767K01964;12.4212;12.4212;12.4212;11-Dec-2006

Nippon India Mutual Fund
103197;NIPPON INDIA TAX SAVER (ELSS) FUND - IDCW Option;INF204K01GL2;INF204K01GM0;13.99;13.99;14.3;11-Dec-2006
103196;Nippon India Tax Saver (ELSS) Fund-Growth Plan-Growth Option;INF204K01GK4;;13.99;13.99;14.3;11-Dec-2006

Principal Mutual Fund
101815;Principal Personal Tax Saver Fund;INF173K01353;;120.38;120.38;123.09;11-Dec-2006
100156;Principal Tax Savings Fund;INF173K01361;;78.05;78.05;79.81;11-Dec-2006

quant Mutual Fund
100175;quant ELSS Tax Saver Fund - Growth Option - Regular Plan;INF966L01135;;42.4315;42.4315;43.3862;11-Dec-2006
100174;quant ELSS Tax Saver Fund - IDCW Option - Regular Plan;INF966L01119;;14.9360;14.9360;15.2721;11-Dec-2006

SBI Mutual Fund
103883;SBI ELSS Tax Saver Fund - Regular Plan - Income Distribution cum Capital Withdrawal Option (IDCW);INF200K01479;;53.00;53.00;54.19;11-Dec-2006

Sundaram Mutual Fund
101853;Sundaram Diversified Equity (ELSS) Regular Plan - Growth;INF903J01538;;26.5419;26.5419;27.1391;11-Dec-2006
100614;Sundaram Diversified Equity (ELSS) Regular Plan - Income Distribution cum Capital Withdrawal (IDCW);INF903J01512;INF903J01520;14.6661;14.6661;14.9961;11-Dec-2006

Tata Mutual Fund
100474;Tata ELSS Tax Saver Fund- Regular Plan - Payout of IDCW Option;INF277K01I60;;40.8343;40.8343;41.7531;11-Dec-2006

Taurus Mutual Fund
100480;Taurus ELSS Tax Saver Fund - Regular Plan - Growth;INF044D01AC9;;16.76;16.76;17.14;11-Dec-2006

UTI Mutual Fund
100821;UTI ELSS Tax Saver Fund - Regular Plan - Growth Option;INF789F01547;;30.27;30.27;30.95;11-Dec-2006
100820;UTI ELSS Tax Saver Fund - Regular Plan - IDCW;INF789F01521;INF789F01539;18.59;18.59;19.01;11-Dec-2006

Open Ended Schemes ( Debt Scheme - Overnight Fund )


HDFC Mutual Fund
101996;HDFC Overnight Fund - Growth Option;INF179KB1HS3;;12.6197;12.6197;12.6197;11-Dec-2006
101997;HDFC Overnight Fund - IDCW Option (Daily);;INF179KB1IF8;10.4266;10.4266;10.4266;11-Dec-2006

SBI Mutual Fund
101206;SBI OVERNIGHT FUND - REGULAR PLAN - GROWTH;INF200K01LQ9;;12.6600;12.6600;12.6600;11-Dec-2006
103140;SBI Overnight Fund - Regular Plan - Weekly Income Distribution cum Capital Withdrawal Option (IDCW);INF200K01LO4;INF200K01LP1;10.2328;10.2328;10.2328;11-Dec-2006

UTI Mutual Fund
100812;UTI - G-Sec Fund-GrowthN;INF789F01638;;19.0086;19.0086;19.0086;11-Dec-2006
100811;UTI - G-Sec Fund-Income;INF789F01612;INF789F01620;10.4603;10.4603;10.4603;11-Dec-2006
100814;UTI - Overnight  Fund - Regular Plan - Growth Option;INF789F01604;;11.5186;11.5186;11.5186;11-Dec-2006
100813;UTI Overnight Fund - Regular Plan - Periodic IDCW;INF789F01588;INF789F01596;10.5493;10.5493;10.5493;11-Dec-2006

Open Ended Schemes ( Debt Scheme - Liquid Fund )


Aditya Birla Sun Life Mutual Fund
100049;Aditya Birla Sun Life Cash Plus-Institutional - Fortnightly Dividend;;;10.8269;10.8269;10.8269;11-Dec-2006
100052;Aditya Birla Sun Life Cash Plus-Institutional Premium - Fortnightly Dividend;;;10.0643;10.0643;10.0643;11-Dec-2006
100053;Aditya Birla Sun Life Cash Plus-Institutional Premium Plan-Monthly Dividend;;;10.0214;10.0214;10.0214;11-Dec-2006
100047;Aditya Birla Sun Life Liquid Fund - Growth;INF209K01RU9;;11.6418;11.6418;11.6418;11-Dec-2006
100046;Aditya Birla Sun Life Liquid Fund -Daily IDCW;INF209K01KQ2;INF209K01SQ5;10.0195;10.0195;10.0195;11-Dec-2006
100041;Aditya Birla Sun Life Liquid Fund -Institutional - IDCW;;INF209K01KN9;10.8023;10.8023;10.8023;11-Dec-2006
100048;Aditya Birla Sun Life Liquid Fund -Institutional - weekly  IDCW;INF209KA1LK7;INF209K01KY6;10.8127;10.8127;10.8127;11-Dec-2006
100044;Aditya Birla Sun Life Liquid Fund -Retail - IDCW;;INF209K01KP4;16.3694;16.3694;16.3694;11-Dec-2006
100051;Aditya Birla Sun Life Liquid Fund -weekly IDCW;INF209K01KU4;INF209KA1LJ9;10.0282;10.0282;10.0282;11-Dec-2006
100043;Aditya Birla Sun Life Liquid Fund-Institutional (Growth);INF209K01RT1;;19.8315;19.8315;19.8315;11-Dec-2006
100042;Aditya Birla Sun Life Liquid Fund-Retail (Growth);INF209K01ME4;;19.6982;19.6982;19.6982;11-Dec-2006

Baroda BNP Paribas Mutual Fund
101408;Baroda BNP Paribas LIQUID FUND- Defunct Plan -Growth Option;INF955L01575;;13.1168;13.1168;13.1168;11-Dec-2006
101407;Baroda BNP Paribas LIQUID FUND-Defunct Plan- IDCW Option;INF955L01559;INF955L01567;11.2490;11.2490;11.2490;11-Dec-2006
101409;Baroda BNP Paribas LIQUID FUND-Defunct Plan-Daily IDCW Option;INF955L01518;INF955L01526;10.0375;10.0375;10.0375;11-Dec-2006

Canara Robeco Mutual Fund
101363;Canara Robeco Liquid Fund- INSTITUTIONAL-Daily Dividend Reinvestment;;INF760K01CC1;10.0410;10.0410;10.0410;11-Dec-2006
101362;Canara Robeco Liquid Fund- INSTITUTIONAL-Growth;INF760K01CD9;;13.3594;13.3594;13.3594;11-Dec-2006
101361;Canara Robeco Liquid Fund- INSTITUTIONAL-Weekly dividend;;INF760K01CE7;10.0486;10.0486;10.0486;11-Dec-2006
101364;Canara Robeco Liquid Fund-Retail-DRI;;INF760K01CF4;10.0410;10.0410;10.0410;11-Dec-2006
101365;Canara Robeco Liquid Fund-Retail-Growth;INF760K01CH0;;13.3466;13.3466;13.3466;11-Dec-2006

DSP Mutual Fund
103347;DSP Liquidity Fund - Regular Plan - Growth;INF740K01FK9;;1070.0778;1070.0778;1070.0778;11-Dec-2006
103348;DSP Liquidity Fund - Regular Plan - IDCW - Weekly;INF740K01FM5;INF740K01FL7;1000.7820;1000.7820;1000.7820;11-Dec-2006
103349;DSP Liquidity Fund- Regular Plan - IDCW - Daily;;INF740KA1OE0;1000.2000;1000.2000;1000.2000;11-Dec-2006
100943;DSP BlackRock Liquidity Fund - Regular Plan - Daily Dividend;;;10.0100;10.0100;10.0100;11-Dec-2006
100940;DSP BlackRock Liquidity Fund - Regular Plan - Growth;INF740K01CN0;;17.9272;17.9272;17.9272;11-Dec-2006
100941;DSP BlackRock Liquidity Fund - Regular Plan Weekly Dividend;;;12.4070;12.4070;12.4070;11-Dec-2006

Franklin Templeton Mutual Fund
100543;Franklin India Liquid Fund - Liquid Plan - Daily IDCW;;;1000.2500;1000.2500;1000.2500;11-Dec-2006
100544;Franklin India Liquid Fund - Liquid Plan - Growth;;;1121.0669;1121.0669;1121.0669;11-Dec-2006
100542;Franklin India Liquid Fund - Liquid Plan - Weekly Dividend;;;1000.7474;1000.7474;1000.7474;11-Dec-2006
100541;Franklin India Liquid Fund - Regular Plan - Daily - IDCW;;INF090I01BA3;1512.3400;1512.3400;1512.3400;11-Dec-2006
100538;Franklin India Liquid Fund - Regular Plan - Growth;INF090I01BB1;;1821.3861;1821.3861;1821.3861;11-Dec-2006
100537;Franklin India Liquid Fund - Regular Plan - Weekly - IDCW;INF090I01BL0;INF090I01BI6;1244.5468;1244.5468;1244.5468;11-Dec-2006
100547;Franklin India Liquid Fund - Super Institutional Plan - Daily - IDCW;;INF090I01BF2;1000.2500;1000.2500;1000.2500;11-Dec-2006
100546;Franklin India Liquid Fund - Super Institutional Plan - Growth;INF090I01BG0;;1081.9957;1081.9957;1081.9957;11-Dec-2006
100548;Franklin India Liquid Fund - Super Institutional Plan - Weekly - IDCW;INF090I01BM8;INF090I01BH8;1016.3355;1016.3355;1016.3355;11-Dec-2006
102441;Franklin India Liquid Fund - Institution-Growth;INF090I01BD7;;1145.1594;1145.1594;1145.1594;11-Dec-2006
102443;Franklin India Liquid Fund - Institutional Plan - Daily - IDCW;;INF090I01BC9;1000.2500;1000.2500;1000.2500;11-Dec-2006
102442;Franklin India Liquid Fund - Institutional Plan - Weekly - IDCW;INF090I01BJ4;INF090I01BE5;1000.7886;1000.7886;1000.7886;11-Dec-2006

HDFC Mutual Fund
100868;HDFC Liquid Fund - Growth Plan;INF179KB1HK0;;14.5267;14.5267;14.5267;11-Dec-2006
100875;HDFC Liquid Fund - IDCW Daily;;INF179KB1IC5;10.1982;10.1982;10.1982;11-Dec-2006
100876;HDFC Liquid Fund - IDCW Monthly;INF179KB1HM6;INF179KB1HL8;10.2905;10.2905;10.2905;11-Dec-2006
100874;HDFC Liquid Fund - IDCW Plan Weekly;INF179KB1ID3;;10.3243;10.3243;10.3243;11-Dec-2006
100877;HDFC Liquid Fund-Premium Plan - Dividend-Daily;;INF179K01KN4;12.2598;12.2598;12.2598;11-Dec-2006
100878;HDFC Liquid Fund-Premium Plan - Dividend-Weekly;INF179K01KP9;;12.493;12.493;12.493;11-Dec-2006
100881;HDFC Liquid Fund-Premium Plus Plan - Dividend-Weekly;INF179K01KS3;;12.4347;12.4347;12.4347;11-Dec-2006
100872;HDFC Liquid Fund-PREMIUM PLUS- Growth;INF179K01KQ7;;14.6508;14.6508;14.6508;11-Dec-2006
100873;HDFC Liquid Fund-PREMIUM- Growth;INF179KB1HN4;;14.6194;14.6194;14.6194;11-Dec-2006

HSBC Mutual Fund
101700;HSBC Cash Fund - Dividend - Daily;;INF336L01321;10.0056;10.0056;10.0056;11-Dec-2006
101702;HSBC Cash Fund - Dividend - Monthly;INF336L01305;INF336L01297;10.0412;10.0412;10.0412;11-Dec-2006
101701;HSBC Cash Fund - Dividend - Weekly;;INF336L01347;10.0117;10.0117;10.0117;11-Dec-2006
101692;HSBC Cash Fund - Inst. - Dividend - Daily;;INF336L01354;10.4401;10.4401;10.4401;11-Dec-2006
101694;HSBC Cash Fund - Inst. - Dividend - Monthly;INF336L01370;INF336L01362;10.4862;10.4862;10.4862;11-Dec-2006
101693;HSBC Cash Fund - Inst. - Dividend - Weekly;;INF336L01388;10.4553;10.4553;10.4553;11-Dec-2006
101691;HSBC Cash Fund - Inst. - Growth;INF336L01289;;12.3583;12.3583;12.3583;11-Dec-2006
101697;HSBC Cash Fund - Regular - Dividend - Daily;;INF336L01263;10.1930;10.1930;10.1930;11-Dec-2006
101698;HSBC Cash Fund - Regular - Dividend - Weekly;;INF336L01313;10.0093;10.0093;10.0093;11-Dec-2006
101696;HSBC Liquid Fund - Growth closed plan;INF336L01271;;12.3250;12.3250;12.3250;11-Dec-2006
101699;HSBC Liquid Fund Closed;INF336L01339;;11.5315;11.5315;11.5315;11-Dec-2006

ICICI Prudential Mutual Fund
100357;ICICI Prudential Liquid Fund -Quarterly IDCW;INF109K01UU5;INF109K01UT7; 10.8658 ; 10.8658 ; 10.8658 ;11-Dec-2006
100361;ICICI Prudential Liquid Fund-Dividend-Institutional Plus - Monthly;;INF109K01VL2; 11.9419 ; 11.9419 ; 11.9419 ;11-Dec-2006
100359;ICICI Prudential Liquid Institutional Plus Fund - Div - Daily;INF109K01VJ6;; 11.8515 ; 11.8515 ; 11.8515 ;11-Dec-2006
100360;ICICI Prudential Liquid Institutional Plus Fund - Div - Weekly;INF109K01VM0;; 11.8693 ; 11.8693 ; 11.8693 ;11-Dec-2006
100362;ICICI Prudential Liquid Institutional Plus Fund - Growth;INF109K01VK4;; 18.1757 ; 18.1757 ; 18.1757 ;11-Dec-2006
103343;ICICI Prudential Liquid Fund - Daily IDCW;INF109K01VP3;; 10.0000 ; 10.0000 ; 10.0000 ;11-Dec-2006
103340;ICICI Prudential Liquid Fund - Growth;INF109K01VQ1;; 10.7132 ; 10.7132 ; 10.7132 ;11-Dec-2006
104308;ICICI Prudential Liquid Fund - Half Yearly IDCW;INF109K01UX9;INF109K01UW1; 10.1448 ; 10.1448 ; 10.1448 ;11-Dec-2006
103344;ICICI Prudential Liquid Fund - Institutional Option - I;INF109K01VH0;; 10.4867 ; 10.4867 ; 10.4867 ;11-Dec-2006
103342;ICICI Prudential Liquid Fund - Weekly IDCW;INF109K01VS7;; 10.0147 ; 10.0147 ; 10.0147 ;11-Dec-2006
103341;ICICI Prudential Liquid Fund -Monthly IDCW;INF109K01VR9;; 10.0236 ; 10.0236 ; 10.0236 ;11-Dec-2006
101748;ICICI Prudential Liquid Fund - Institutional - Daily - Div;INF109K01VE7;; 11.8502 ; 11.8502 ; 11.8502 ;11-Dec-2006
101749;ICICI Prudential Liquid Fund - Institutional - Monthly - Div;;INF109K01VG2; 10.0227 ; 10.0227 ; 10.0227 ;11-Dec-2006
101753;ICICI Prudential Liquid Fund - Institutional - Weekly - Div;INF109K01VI8;; 11.8568 ; 11.8568 ; 11.8568 ;11-Dec-2006
101754;ICICI Prudential Liquid Fund Retail Daily Dividend;INF109K01UR1;; 11.8514 ; 11.8514 ; 11.8514 ;11-Dec-2006
101750;ICICI Prudential Liquid Fund Retail Growth;INF109K01UQ3;; 17.9400 ; 17.9400 ; 17.9400 ;11-Dec-2006
101755;ICICI Prudential Liquid Fund Retail Monthly Dividend;INF109K01US9;; 11.8581 ; 11.8581 ; 11.8581 ;11-Dec-2006
101752;ICICI Prudential Liquid Fund Retail Weekly Dividend;INF109K01UV3;; 11.8456 ; 11.8456 ; 11.8456 ;11-Dec-2006
101751;ICICI Prudential Liquid Institutional Fund - Growth;INF109K01VF4;; 18.1194 ; 18.1194 ; 18.1194 ;11-Dec-2006

Invesco Mutual Fund
104484;Invesco India Liquid Fund - Daily IDCW (Reinvestment);;INF205K01HN3;10.0001;10.0001;10.0001;11-Dec-2006
104486;Invesco India Liquid Fund - Growth;INF205K01HM5;;10.0489;10.0489;10.0489;11-Dec-2006
104488;Invesco India Liquid Fund - Regular - Growth;INF205K01HG7;;10.0459;10.0459;10.0459;11-Dec-2006
104489;Invesco India Liquid Fund - Regular - Weekly IDCW (Reinvestment);;INF205K01HH5;10.0001;10.0001;10.0001;11-Dec-2006
104485;Invesco India Liquid Fund - Weekly IDCW (Reinvestment);;INF205K01HO1;10.0001;10.0001;10.0001;11-Dec-2006
104483;Religare Invesco Liquid Fund - Institutional - Daily Dividend;;INF205K01HJ1;10.0001;10.0001;10.0001;11-Dec-2006
104491;Religare Invesco Liquid Fund - Institutional - Growth;INF205K01HI3;;10.0482;10.0482;10.0482;11-Dec-2006
104490;Religare Invesco Liquid Fund - Institutional - Weekly Dividend;;INF205K01HK9;10.0001;10.0001;10.0001;11-Dec-2006

JM Financial Mutual Fund
100241;JM High Liquidity Fund-- Institutional Plan - Dividend;INF192K01924;INF192K01932;10.1441;10.1441;10.1441;11-Dec-2006
100237;JM High Liquidity Fund-- Institutional Plan - Growth;INF192K01940;;12.1306;12.1306;12.1306;11-Dec-2006
100243;JM High Liquidity Fund-- Premium Plan - Daily Dividend Option;;;10.0000;10.0000;10.0000;11-Dec-2006
100238;JM High Liquidity Fund-Institutional Plan - Daily Dividend;;INF192K01916;10.0159;10.0159;10.0159;11-Dec-2006
100245;JM High Liquidity Fund-Super Institutional Plan- Daily Dividend;;INF192K01957;10.0165;10.0165;10.0165;11-Dec-2006
100246;JM High Liquidity Fund-Super Institutional Plan- Weekly  Dividend;INF192K01965;INF192K01973;10.1319;10.1319;10.1319;11-Dec-2006
100244;JM Liquid Fund (Regular) - Quarterly IDCW;INF192K01866;INF192K01874;11.5769;11.5769;11.5769;11-Dec-2006
100247;JM Liquid Fund (Regular) - Super Institutional Plan - Growth Option;INF192K01981;;11.5347;11.5347;11.5347;11-Dec-2006
100233;JM Liquid Fund (Regular) - Weekly IDCW;INF192K01841;INF192K01858;10.3790;10.3790;10.3790;11-Dec-2006
100234;JM Liquid Fund - Growth Option;INF192K01882;;20.1068;20.1068;20.1068;11-Dec-2006
101549;JM Liquid Fund (Regular) - Bonus Option - Principal Units;INF192K01890;;10.5592;10.5592;10.5592;11-Dec-2006
101078;JM Liquid Fund (Regular) - Daily IDCW;;INF192K01833;10.4302;10.4302;10.4302;11-Dec-2006

Kotak Mahindra Mutual Fund
100833;Kotak Liquid Fund - Regular  - Daily Reinvestment of Income Distribution cum capital withdrawal option;;INF174K01NL3;12.2281;12.2281;12.2281;11-Dec-2006
100835;Kotak Liquid Fund - Regular Plan - Growth;INF174K01NI9;;14.7932;14.7932;14.7932;11-Dec-2006
100831;Kotak Liquid Fund -Institutional Plan - (Daily Dividend);;INF174K01GA0;12.2281;12.2281;12.2281;11-Dec-2006
100836;Kotak Liquid Fund -Sweep Daily Dividend;;;10.0071;10.0071;10.0071;11-Dec-2006
100834;Kotak Liquid Fund Regular Plan Weekly Reinvestment of Income Distribution cum capital withdrawal option Dividend;INF174K01NK5;;10.0487;10.0487;10.0487;11-Dec-2006
100830;Kotak Liquid-Institutional Plan  (Growth);INF174K01FZ9;;14.6973;14.6973;14.6973;11-Dec-2006
100832;Kotak Liquid-Institutional Plan (Weekly Dividend);;INF174K01GB8;10.0351;10.0351;10.0351;11-Dec-2006
100828;Kotak Liquid-Regular (Dividend);;INF174K01FY2;10.032;10.032;10.032;11-Dec-2006
100829;Kotak Liquid-Regular (Growth);INF174K01NM1;;14.4896;14.4896;14.4896;11-Dec-2006

LIC Mutual Fund
101184;LIC MF Liquid Fund-Regular Plan-Daily IDCW;INF767K01IQ3;INF767K01IR1;10.9801;10.9801;10.9801;11-Dec-2006
101185;LIC MF Liquid Fund-Regular Plan-Growth;INF767K01IS9;;13.2820;13.2820;13.2820;11-Dec-2006

Nippon India Mutual Fund
100852;NIPPON INDIA LIQUID FUND - DAILY IDCW OPTION;;INF204K01UM1;15.2862;15.2862;15.2862;11-Dec-2006
100855;NIPPON INDIA LIQUID FUND - MONTHLY IDCW OPTION;INF204K01UO7;INF204K01UP4;13.0166;13.0166;13.0166;11-Dec-2006
100837;Nippon India Liquid Fund - Retail Option - Growth Plan;INF204K01UL3;;17.6664;17.6664;17.6664;11-Dec-2006
100842;NIPPON INDIA LIQUID FUND - RETAIL Plan - DAILY IDCW OPTION;;INF204K01UJ7;15.2416;15.2416;15.2416;11-Dec-2006
100843;NIPPON INDIA LIQUID FUND - RETAIL plan - MONTHLY IDCW OPTION;INF204K01UT6;INF204K01UU4;11.1498;11.1498;11.1498;11-Dec-2006
100844;NIPPON INDIA LIQUID FUND - RETAIL Plan - QUARTERLY IDCW OPTION;INF204K01UV2;INF204K01UW0;17.2823;17.2823;17.2823;11-Dec-2006
100838;NIPPON INDIA LIQUID FUND - RETAIL Plan - WEEKLY IDCW OPTION;;INF204K01UK5;10.3469;10.3469;10.3469;11-Dec-2006
100853;NIPPON INDIA LIQUID FUND - WEEKLY IDCW OPTION;INF204KC1FM8;INF204K01US8;15.311;15.311;15.311;11-Dec-2006
100851;Nippon India Liquid Fund -Growth Plan;INF204K01UN9;;17.8191;17.8191;17.8191;11-Dec-2006
100849;Reliance Liquid Fund-Cash Plan-Daily Dividend Reinvestment Option;;;11.1411;11.1411;11.1411;11-Dec-2006
100845;Reliance Liquid Fund-Cash Plan-Growth Plan;;;12.7895;12.7895;12.7895;11-Dec-2006
100848;Reliance Liquid Fund-Cash Plan-Weekly Dividend Reinvestment Option;;;10.9216;10.9216;10.9216;11-Dec-2006

Principal Mutual Fund
100895;Principal Cash Management Fund - Daily Income Distribution CUM Capital Withdrawal;;INF173K01DB7;10.0007;10.0007;10.0007;11-Dec-2006
100897;Principal Cash Management Fund - Monthly Income Distribution CUM Capital Withdrawal Option;INF173K01BV9;INF173K01BW7;10.0243;10.0243;10.0243;11-Dec-2006
100896;Principal Cash Management Fund - Weekly Income Distribution CUM Capital Withdrawal Option;;INF173K01DC5;10.0087;10.0087;10.0087;11-Dec-2006
100898;Principal Cash Management Fund -Growth Option;INF173K01DA9;;11.4147;11.4147;11.4147;11-Dec-2006
100892;Principal Cash Management-Liquid Option-Daily Dividend;;;10.0022;10.0022;10.0022;11-Dec-2006
100887;Principal Cash Management-Liquid Option-Dividend Plan;;;10.1276;10.1276;10.1276;11-Dec-2006
100888;Principal Cash Management-Liquid Option-Growth Plan;;;14.3979;14.3979;14.3979;11-Dec-2006
100894;Principal Cash Management-Liquid Option-Institutional - Daily Dividend Plan;;;10.0022;10.0022;10.0022;11-Dec-2006
100893;Principal Cash Management-Liquid Option-Institutional - Growth Plan;;;12.0932;12.0932;12.0932;11-Dec-2006
100891;Principal Cash Management-Liquid Option-Institutional - Monthly Dividend Plan;;;10.0241;10.0241;10.0241;11-Dec-2006
100890;Principal Cash Management-Liquid Option-Institutional - Weekly Dividend Plan;;;10.0094;10.0094;10.0094;11-Dec-2006
100889;Principal Cash Management-Liquid Option-Monthly Dividend;;;10.0233;10.0233;10.0233;11-Dec-2006

quant Mutual Fund
103225;quant Liquid Fund - Growth Option - Regular Plan;INF966L01317;;10.6747;10.6747;10.6747;11-Dec-2006
103228;quant Liquid Fund - Monthly IDCW Option - Regular Plan;INF966L01291;INF966L01309;10.6747;10.6747;10.6747;11-Dec-2006
103227;quant Liquid Fund - Weekly IDCW Option - Regular Plan;INF966L01499;INF966L01283;10.6747;10.6747;10.6747;11-Dec-2006
103226;quant Liquid Fund-Daily IDCW Option - Regular Plan;;INF966L01275;10.6747;10.6747;10.6747;11-Dec-2006

Quantum Mutual Fund
103736;Quantum Liquid Fund - Direct Plan Daily IDCW;;INF082J01135;10.0000;10.0000;10.0000;11-Dec-2006
103734;Quantum Liquid Fund - Direct Plan Growth Option;INF082J01127;;10.4209;10.4209;10.4209;11-Dec-2006
103735;Quantum Liquid Fund - Direct Plan Monthly IDCW;INF082J01143;INF082J01200;10.0294;10.0294;10.0294;11-Dec-2006

Sundaram Mutual Fund
102701;Sundaram Money Fund Institutional Plan - Daily Reinvestment of Income Distribution cum Capital Withdrawal (IDCW);;INF903J01GP2;10.0953;10.0953;10.0953;11-Dec-2006
102702;Sundaram Money Fund Institutional Plan - Fortnightly Reinvestment of Income Distribution cum Capital Withdrawal (IDCW);;INF903J01GR8;0.0000;0.0000;0.0000;11-Dec-2006
102703;Sundaram Money Fund Institutional Plan - Growth;INF903J01GN7;;15.4172;15.4172;15.4172;11-Dec-2006
102704;Sundaram Money Fund Institutional Plan - Monthly Income Distribution cum Capital Withdrawal (IDCW);INF903J01GO5;INF903J01GS6;10.1764;10.1764;10.1764;11-Dec-2006
102705;Sundaram Money Fund Institutional Plan - Quarterly Reinvestment of Income Distribution cum Capital Withdrawal (IDCW);;INF903J01GT4;0.0000;0.0000;0.0000;11-Dec-2006
102706;Sundaram Money Fund Institutional Plan - Weekly Reinvestment of Income Distribution cum Capital Withdrawal (IDCW);;INF903J01GQ0;10.3376;10.3376;10.3376;11-Dec-2006
103392;Sundaram Money Fund Regular Plan - Daily Reinvestment of Income Distribution cum Capital Withdrawal (IDCW);;INF903J01GW8;10.0953;10.0953;10.0953;11-Dec-2006
103395;Sundaram Money Fund Regular Plan - Fortnightly Reinvestment of Income Distribution cum Capital Withdrawal (IDCW);;INF903J01GY4;0.0000;0.0000;0.0000;11-Dec-2006
103397;Sundaram Money Fund Regular Plan - Growth;INF903J01GU2;;15.4591;15.4591;15.4591;11-Dec-2006
103396;Sundaram Money Fund Regular Plan - Monthly Income Distribution cum Capital Withdrawal (IDCW);INF903J01GV0;INF903J01GZ1;0.0000;0.0000;0.0000;11-Dec-2006
103393;Sundaram Money Fund Regular Plan - Quarterly Reinvestment of Income Distribution cum Capital Withdrawal (IDCW);;INF903J01HA2;0.0000;0.0000;0.0000;11-Dec-2006
100620;Sundaram Money Fund Retail Plan - Daily Reinvestment of Income Distribution cum Capital Withdrawal (IDCW);;INF903J01GI7;10.0953;10.0953;10.0953;11-Dec-2006
100622;Sundaram Money Fund Retail Plan - Fortnightly Reinvestment of Income Distribution cum Capital Withdrawal (IDCW);;INF903J01GK3;10.2136;10.2136;10.2136;11-Dec-2006
100618;Sundaram Money Fund Retail Plan - Growth;INF903J01GG1;;15.3684;15.3684;15.3684;11-Dec-2006
100623;Sundaram Money Fund Retail Plan - Monthly Income Distribution cum Capital Withdrawal (IDCW);INF903J01GH9;INF903J01GL1;10.1319;10.1319;10.1319;11-Dec-2006
100619;Sundaram Money Fund Retail Plan - Quarterly Reinvestment of Income Distribution cum Capital Withdrawal (IDCW);;INF903J01GM9;10.3002;10.3002;10.3002;11-Dec-2006
100621;Sundaram Money Fund Retail Plan - Weekly Reinvestment of Income Distribution cum Capital Withdrawal (IDCW);;INF903J01GJ5;10.3041;10.3041;10.3041;11-Dec-2006
103394;Sundaram Money Fund Regular Plan - Weekly Reinvestment of Income Distribution cum Capital Withdrawal (IDCW);;INF903J01GX6;10.3393;10.3393;10.3393;11-Dec-2006

Tata Mutual Fund
102672;Tata Liquid Fund -Regular Plan - Growth Option;INF277K01YD8;;11.4275;11.4275;11.4275;11-Dec-2006
101714;Tata Liquid Fund- Regular Plan - Daily Reinvestment of IDCW Option;;INF277K011D4;10.0055;10.0055;10.0055;11-Dec-2006

Taurus Mutual Fund
104240;Taurus Liquid Fund-Dividend;INF044D01542;INF044D01559;10.0063;10.0063;10.0063;11-Dec-2006
104241;Taurus Liquid Fund-Growth;INF044D01575;;10.1262;10.1262;10.1262;11-Dec-2006

UTI Mutual Fund
102010;UTI Liquid Fund - Regular Plan - Daily IDCW (Reinvestment);;INF789F01PG3;1019.4457;1019.4457;1019.4457;11-Dec-2006
102011;UTI Liquid Fund - Regular Plan - Monthly IDCW;INF789F01PI9;INF789F01PJ7;1027.2106;1027.2106;1027.2106;11-Dec-2006
102013;UTI Liquid Fund - Regular Plan - Weekly IDCW;;INF789F01PK5;1023.0806;1023.0806;1023.0806;11-Dec-2006
102012;UTI-  Liquid Cash Plan - Regular Plan - Growth Option;INF789F01PH1;;1204.9419;1204.9419;1204.9419;11-Dec-2006
102008;UTI-  Liquid Cash Plan- Discontinued - Regular Plan - Monthly Dividend Option;INF789F01BC2;INF789F01BA6;1030.169;1030.169;1030.169;11-Dec-2006
102009;UTI-  Liquid Cash Plan- Discontinued - Regular Plan -Growth;INF789F01BB4;;1198.8265;1198.8265;1198.8265;11-Dec-2006
102007;UTI-  Liquid Cash Plan- Discontinued -Regular Plan Periodic Dividend Option;;INF789F01AZ5;1017.3028;1017.3028;1017.3028;11-Dec-2006
102004;UTI-  Liquid Fund-Short Term Plan-Growth;;;12.0935;12.0935;12.0935;11-Dec-2006
102003;UTI-  Liquid Fund-Short Term Plan-Income;;;10.3155;10.3155;10.3155;11-Dec-2006

Open Ended Schemes ( Debt Scheme - Ultra Short Duration Fund )


Aditya Birla Sun Life Mutual Fund
101317;Aditya Birla Sun Life Savings Fund - Growth - Regular Plan;INF209K01LZ1;;13.7769;13.7425;13.7769;11-Dec-2006
101315;Aditya Birla Sun Life Savings Fund-Insititutional Fortnightly Dividend;;;10.4947;10.4685;10.4947;11-Dec-2006
101318;Aditya Birla Sun Life Savings Fund-Retail Fortnightly Dividend;;;11.2647;11.2365;11.2647;11-Dec-2006
101316;Aditya Birla Sun Life Savings Fund-Retail Growth;INF209K01MC8;;13.6534;13.6193;13.6534;11-Dec-2006

DSP Mutual Fund
104138;DSP Ultra Short Fund - Regular Plan - Growth;INF740K01QQ3;;1024.9069;1024.9069;1024.9069;11-Dec-2006
104140;DSP Ultra Short Fund - Regular Plan - IDCW - Daily Reinvest;;INF740KA1NW4;1000.2000;1000.2000;1000.2000;11-Dec-2006
104139;DSP Ultra Short Fund - Regular Plan - IDCW - Weekly Reinvest;;;1000.7649;1000.7649;1000.7649;11-Dec-2006

JM Financial Mutual Fund
104270;JM Money Manager Fund - Super Plan - Dividend option - Daily dividend;;;10.0000;10.0000;10.0000;11-Dec-2006
104269;JM Money Manager Fund - Super Plan - Growth Plan;;;10.1491;10.1491;10.1491;11-Dec-2006
104268;JM Money Manager Fund - Super Plus Plan - Dividend option - Daily dividend;;;10.0000;10.0000;10.0000;11-Dec-2006
104267;JM Money Manager Fund - Super Plus Plan - Growth option;;;10.1521;10.1521;10.1521;11-Dec-2006
104272;JM Ultra Short Duration Fund - Daily Dividend;;INF192K01AN8;10.0000;10.0000;10.0000;11-Dec-2006
104271;JM Ultra Short Duration Fund - Growth option;INF192K01AQ1;;10.1337;10.1337;10.1337;11-Dec-2006

Kotak Mahindra Mutual Fund
102591;Kotak Savings Fund -Growth;INF174K01FD6;;11.4273;11.4273;11.4273;11-Dec-2006
102592;Kotak Savings Fund -Monthly Payout of Income Distribution cum capital withdrawal option;INF174K01FH7;;10.0563;10.0563;10.0563;11-Dec-2006
102590;Kotak Savings Fund -Weekly Weekly Reinvestment of Income Distribution cum capital withdrawal option;INF174K01FF1;;10.0467;10.0467;10.0467;11-Dec-2006

SBI Mutual Fund
100641;SBI MAGNUM ULTRA SHORT DURATION FUND - REGULAR PLAN - GROWTH;INF200K01LJ4;;16.4209;16.4209;16.4209;11-Dec-2006
103884;SBI Magnum Ultra Short Duration Fund - Regular Plan - Weekly Income Distribution cum Capital Withdrawal Option (IDCW);INF200K01LM8;INF200K01LL0;10.6174;10.6174;10.6174;11-Dec-2006

UTI Mutual Fund
102532;UTI Ultra Short Duration Fund - Regular Plan - Growth Option;INF789F01570;;1196.4491;1196.4491;1196.4491;11-Dec-2006
102531;UTI Ultra Short Duration Fund - Regular Plan - Weekly IDCW (Reinvestment);;INF789F01562;1014.7584;1014.7584;1014.7584;11-Dec-2006

Open Ended Schemes ( Debt Scheme - Low Duration Fund )


Aditya Birla Sun Life Mutual Fund
103192;Aditya Birla Sun Life Low Duration Fund - Growth Plan;INF209K01LQ0;;17.9822;17.9822;17.9822;11-Dec-2006
103195;Aditya Birla Sun Life Low Duration Fund - Institutional Plan - Growth;INF209K01KE8;;12.2093;12.2093;12.2093;11-Dec-2006
103191;Aditya Birla Sun Life Low Duration Fund -INSTITUTIONAL - DAILY IDCW;;INF209K01KD0;10.0020;10.0020;10.0020;11-Dec-2006
103194;Aditya Birla Sun Life Low Duration Fund -Institutional - weekly  IDCW;;INF209K01KG3;10.0121;10.0121;10.0121;11-Dec-2006
103193;Aditya Birla Sun Life Low Duration Fund -REGULAR - WEEKLY IDCW;;INF209KA1LQ4;10.0118;10.0118;10.0118;11-Dec-2006

Canara Robeco Mutual Fund
104559;CANARA ROBECO SAVINGS FUND - REGULAR PLAN - DAILY IDCW (Reinvestment);;INF760K01803;10.2600;10.2600;10.2600;11-Dec-2006
102913;CANARA ROBECO SAVINGS FUND - REGULAR PLAN - GROWTH OPTION;INF760K01795;;11.1850;11.1850;11.1850;11-Dec-2006
102914;CANARA ROBECO SAVINGS FUND - REGULAR PLAN - IDCW (Payout/Reinvestment);INF760K01779;INF760K01787;10.7572;10.7572;10.7572;11-Dec-2006
102915;CANARA ROBECO SAVINGS FUND - REGULAR PLAN - WEEKLY IDCW (Payout/Reinvestment);INF760K01CB3;INF760K01811;10.2677;10.2677;10.2677;11-Dec-2006

Franklin Templeton Mutual Fund
100503;Franklin India Low Duration Fund - Monthly - IDCW;INF090I01BQ9;INF090I01BR7;10.2738;10.2224;10.2738;11-Dec-2006
100504;Franklin India Low Duration Fund - Quarterly - IDCW;INF090I01BS5;INF090I01BT3;10.3435;10.2918;10.3435;11-Dec-2006
100506;Templeton Monthly Income Plan-Growth;;;19.7610;19.6622;19.7610;11-Dec-2006
100505;Templeton Monthly Income Plan-Half Yearly Dividend;;;12.2563;12.1950;12.2563;11-Dec-2006

HDFC Mutual Fund
102452;HDFC Low Duration  Fund - Growth;INF179K01442;;15.8695;15.8695;15.8695;11-Dec-2006
102453;HDFC Low Duration  Fund - Weekly IDCW;INF179K01475;INF179K01483;10.0277;10.0277;10.0277;11-Dec-2006

HSBC Mutual Fund
104344;HSBC Low Duration Fund  - Growth;INF336L01AH1;;10.1198;10.1147;10.1198;11-Dec-2006
104350;HSBC Low Duration Fund  - Regular - Growth;INF336L01AP4;;10.1174;10.1123;10.1174;11-Dec-2006
104342;HSBC Low Duration Fund - Daily IDCW;;INF336L01AO7;10.0006;9.9956;10.0006;11-Dec-2006
104346;HSBC Low Duration Fund - Inst. Plus - Monthly IDCW;INF336L01AN9;INF336L01AM1;10.0404;10.0354;10.0404;11-Dec-2006
104345;HSBC Low Duration Fund - Inst. Plus - Weekly IDCW;;INF336L01AK5;10.0076;10.0026;10.0076;11-Dec-2006
104349;HSBC Low Duration Fund - Inst.Plus - Daily IDCW;;INF336L01AS8;10.0006;9.9956;10.0006;11-Dec-2006
104351;HSBC Low Duration Fund - Regular Monthly IDCW;;INF336L01AG3;10.0006;9.9956;10.0006;11-Dec-2006
104343;HSBC Low Duration Fund - Weekly IDCW;;INF336L01AQ2;10.0074;10.0024;10.0074;11-Dec-2006
104347;HSBC Ultra Short Term Bond Fund - Inst. Plus - Growth;INF336L01AR0;;10.1213;10.1162;10.1213;11-Dec-2006

ICICI Prudential Mutual Fund
101618;ICICI Prudential Savings Fund - Daily IDCW;INF109K01738;; 10.5767 ; 10.5767 ; 10.5767 ;11-Dec-2006
101619;ICICI Prudential Savings Fund - Growth;INF109K01746;; 13.4031 ; 13.4031 ; 13.4031 ;11-Dec-2006
101617;ICICI Prudential Savings Fund - Weekly IDCW;INF109K01JO1;INF109K01753; 10.5426 ; 10.5426 ; 10.5426 ;11-Dec-2006

LIC Mutual Fund
101830;LIC MF Low Duration Fund-Regular Plan-Growth;INF767K01AO5;;11.7816;11.7816;11.7816;11-Dec-2006
101829;LIC MF Low Duration Fund-Regular Plan-Monthly IDCW;INF767K01AM9;INF767K01AN7;10.0266;10.0266;10.0266;11-Dec-2006

Principal Mutual Fund
102721;Principal Floating Rate Fund - FMP-Monthly Dividend;;;10.2369;10.2113;10.2369;11-Dec-2006
102720;Principal Floating Rate Fund - FMP-Weekly Dividend;;;10.0089;9.9839;10.0089;11-Dec-2006
102719;Principal Low Duration Fund - Growth;;;11.402;11.3735;11.402;11-Dec-2006
102723;Principal Low Duration Fund - Weekly Income Distribution CUM Capital Withdrawal Option;;INF173K01DI2;10.0088;10.0088;10.0088;11-Dec-2006
102722;Principal Low Duration Fund- Growth Option;INF173K01DG6;;11.4386;11.4386;11.4386;11-Dec-2006
102724;Principal Low Duration Fund- Monthly Income Distribution CUM Capital Withdrawal Option;INF173K01DJ0;INF173K01DK8;10.1106;10.1106;10.1106;11-Dec-2006

Tata Mutual Fund
103159;Tata Treasury Advantage Fund - Regular Plan - Growth Option;INF277K01MA9;;10.8080;10.8080;10.8620;11-Dec-2006
103160;Tata Treasury Advantage Fund Regular Plan - Daily Reinvestment of IDCW Option;;INF277K01LZ8;10.0511;10.0511;10.1014;11-Dec-2006
103158;Tata Treasury Advantage Fund Regular Plan - Weekly Payout of IDCW Option;INF277K01MD3;INF277K01MB7;10.1171;10.1171;10.1677;11-Dec-2006

UTI Mutual Fund
102538;UTI Low Duration Fund - Discontinued - Annaul Dividend Option;INF789F01OK8;INF789F01OL6;11.375;11.375;11.375;11-Dec-2006
102541;UTI Low Duration Fund - Discontinued - Quarterly Dividend Option;INF789F01OO0;INF789F01OP7;11.0317;11.0317;11.0317;11-Dec-2006
102539;UTI Low Duration Fund - Discontinued Bonus Option;INF789F01OM4;;12.4543;12.4543;12.4543;11-Dec-2006
102540;UTI Low Duration Fund - Discontinued Growth Option;INF789F01331;;18.6835;18.6835;18.6835;11-Dec-2006
102545;UTI Low Duration Fund - Regular Plan - Bonus Option;INF789F01OS1;;11.4334;11.4334;11.4334;11-Dec-2006

Open Ended Schemes ( Debt Scheme - Money Market Fund )


Aditya Birla Sun Life Mutual Fund
101973;Aditya Birla Sun Life Money Manager Fund - Daily IDCW;;INF209K01SZ6;10.0086;10.0086;10.0086;11-Dec-2006
101976;Aditya Birla Sun Life Money Manager Fund - Growth;INF209K01RV7;;10.7162;10.7162;10.7162;11-Dec-2006
101972;Aditya Birla Sun Life Money Manager Fund - Retail - Daily IDCW;;INF209K01JZ5;10.0015;10.0015;10.0015;11-Dec-2006
101970;Aditya Birla Sun Life Money Manager Fund - RETAIL - WEEKLY IDCW;;INF209K01JY8;10.3804;10.3804;10.3804;11-Dec-2006
101971;Aditya Birla Sun Life Money Manager Fund - Retail Growth;INF209K01MJ3;;12.0458;12.0458;12.0458;11-Dec-2006
101974;Aditya Birla Sun Life Money Manager Fund - WEEKLY IDCW;;INF209K01SY9;10.0134;10.0134;10.0134;11-Dec-2006
101969;Birla Sun Life Floating Rate - Long Term - Retail - Growth;;;12.0362;11.9760;12.0362;11-Dec-2006
101968;Birla Sun Life Floating Rate Fund-Long Term - Retail Plan-Dividend;;INF209K01DS3;10.3957;10.3437;10.3957;11-Dec-2006

DSP Mutual Fund
100087;DSP Savings Fund - Regular Plan - Growth;INF740K01714;;16.7370;16.7370;16.7370;11-Dec-2006
100088;DSP Savings Fund - Regular Plan - IDCW;INF740K01706;INF740K01AJ2;11.0412;11.0412;11.0412;11-Dec-2006
100089;DSP Savings Fund - Regular Plan - IDCW - Monthly;INF740K01722;INF740K01AK0;10.0505;10.0505;10.0505;11-Dec-2006

Franklin Templeton Mutual Fund
101357;Franklin India Money Market Fund - Growth Option;INF090I01CA1;;13.1746;13.1351;13.1746;11-Dec-2006
101359;Franklin India Money Market Fund - Institutional Option - Dividend;INF090I01BW7;INF090I01BV9;10.3403;10.3144;10.3403;11-Dec-2006
101358;Franklin India Money Market Fund - Institutional Option - Growth;INF090I01BX5;;10.7737;10.7468;10.7737;11-Dec-2006
101356;Franklin India Money Market Fund Retail Option - Quarterly - IDCW;INF090I01BZ0;INF090I01BY3;10.4992;10.4677;10.4992;11-Dec-2006
101352;Templeton Floating Rate Income Fund-Short Term Plan-Dividend Option;;;10.0103;10.0103;10.0103;11-Dec-2006
101353;Templeton Floating Rate Income Fund-Short Term Plan-Growth Option;;;13.1671;13.1671;13.1671;11-Dec-2006
101355;Templeton Floating Rate Income Fund-Short Term Plan-Institutional Option - Dividend;;;10.0104;10.0104;10.0104;11-Dec-2006
101354;Templeton Floating Rate Income Fund-Short Term Plan-Institutional Option - Growth;;;10.7892;10.7892;10.7892;11-Dec-2006

HDFC Mutual Fund
101994;HDFC Money Market Fund - Daily IDCW Option;;INF179KB1IG6;10.6364;10.6364;10.6364;11-Dec-2006
101993;HDFC Money Market Fund - Growth Option;INF179KB1HR5;;15.2597;15.2597;15.2597;11-Dec-2006
101995;HDFC Money Market Fund - Weekly IDCW Option;INF179KB1IH4;INF179KB1II2;10.6309;10.6309;10.6309;11-Dec-2006

ICICI Prudential Mutual Fund
101221;ICICI Prudential Money Market Fund Retail Growth (erstwhile Cash Option);INF109K01TW3;; 12.4348 ; 12.4348 ; 12.4348 ;11-Dec-2006
103634;ICICI Prudential Money Market Fund Option - Daily IDCW;INF109K01TY9;; 10.0000 ; 10.0000 ; 10.0000 ;11-Dec-2006
103633;ICICI Prudential Money Market Fund Option - Growth;INF109K01TX1;; 10.5193 ; 10.5193 ; 10.5193 ;11-Dec-2006
103637;ICICI Prudential Money Market Fund Option - Monthly IDCW;INF109K01UC3;INF109K01UB5; 10.0212 ; 10.0212 ; 10.0212 ;11-Dec-2006
103635;ICICI Prudential Money Market Fund Option - Weekly IDCW;INF109K01TZ6;; 10.0124 ; 10.0124 ; 10.0124 ;11-Dec-2006
103636;ICICI Prudential Money Market Fund Option -Fortnightly IDCW;INF109K01UA7;; 10.0211 ; 10.0211 ; 10.0211 ;11-Dec-2006

Kotak Mahindra Mutual Fund
101893;Kotak Money Market Fund - (Growth);INF174K01NA6;;12.0298;12.0298;12.0298;11-Dec-2006
101892;Kotak Money market Fund - (Monthly Payout of Income Distribution cum capital withdrawal option);INF174K018O0;INF174K01NB4;10.0584;10.0584;10.0584;11-Dec-2006
101894;Kotak Money Market Fund - (Weekly Reinvestment of Income Distribution cum capital withdrawal option);INF174K01NC2;;10.019;10.019;10.019;11-Dec-2006

Nippon India Mutual Fund
103050;NIPPON INDIA MONEY MARKET FUND - DAILY IDCW Option;;INF204K01UY6;10.0031;10.0031;10.0031;11-Dec-2006
103052;NIPPON INDIA MONEY MARKET FUND - MONTHLY IDCW Option;INF204K01VB2;INF204K01VC0;10.6832;10.6832;10.6832;11-Dec-2006
103051;NIPPON INDIA MONEY MARKET FUND - WEEKLY IDCW Option;;INF204K01UZ3;10.0077;10.0077;10.0077;11-Dec-2006
103048;Nippon India Money Market Fund-Growth Plan-Growth Option;INF204K01VA4;;10.9616;10.9616;10.9616;11-Dec-2006

quant Mutual Fund
103465;Quant Money Market Fund-Dividend Option;INF966L01382;INF966L01390;10.4312;10.4312;10.4312;11-Dec-2006
103464;Quant Money Market Fund-Growth Option;INF966L01408;;10.4312;10.4312;10.4312;11-Dec-2006

SBI Mutual Fund
102503;SBI  SAVINGS FUND - REGULAR PLAN - GROWTH;INF200K01636;;11.3808;11.3580;11.3808;11-Dec-2006
102504;SBI Savings Fund - Regular Plan - Income Distribution cum Capital Withdrawal Option (IDCW);INF200K01644;INF200K01651;10.0881;10.0679;10.0881;11-Dec-2006
102860;SBI Savings Fund - Regular Plan Weekly Income Distribution cum Capital Withdrawal Option (IDCW);INF200K01669;INF200K01677;10.1901;10.1697;10.1901;11-Dec-2006

Tata Mutual Fund
101986;Tata Money Market Fund- Regular Plan - Daily Reinvestment of IDCW Option;;INF277K014C0;1114.5200;1114.5200;1114.5200;11-Dec-2006
101847;Tata Money Market Fund-Regular Plan - Growth Option;INF277K01LQ7;;1348.7659;1348.7659;1348.7659;11-Dec-2006

UTI Mutual Fund
100724;UTI MMF- Discontinued - Regular Plan - Flexi Dividend Option;;INF789F01BD0;17.6005;17.6005;17.6005;11-Dec-2006
100725;UTI MMF- Discontinued - Regular Plan - Periodic Dividend Option;INF789F01BE8;;17.485;17.485;17.485;11-Dec-2006
100723;UTI MMF-Discontinued - Regular Plan -Growth;INF789F01BF5;;20.5404;20.5404;20.5404;11-Dec-2006

Open Ended Schemes ( Debt Scheme - Short Duration Fund )


Aditya Birla Sun Life Mutual Fund
101844;Aditya Birla Sun Life Short Term Fund - Growth - Regular Plan;INF209K01942;;11.5087;11.4799;11.5087;11-Dec-2006
101843;Aditya Birla Sun Life Short Term Fund - REGULAR - IDCW;INF209K01975;INF209K01DK0;10.3843;10.3583;10.3843;11-Dec-2006

DSP Mutual Fund
101306;DSP Short Term Fund - IDCW - Monthly;INF740K01664;INF740K01AG8;10.4148;10.4148;10.4148;11-Dec-2006
101304;DSP Short Term Fund - Regular Plan - Growth;INF740K01656;;12.8088;12.8088;12.8088;11-Dec-2006
101305;DSP Short Term Fund - Regular Plan - IDCW;INF740K01649;INF740K01AF0;10.6276;10.6276;10.6276;11-Dec-2006
101303;DSP Short Term Fund - Regular Plan - Regular Plan - IDCW - Weekly;INF740KA1PF4;;10.1837;10.1837;10.1837;11-Dec-2006

Franklin Templeton Mutual Fund
101236;Franklin India Short Term Income Plan -  Retail Plan - Monthly - IDCW;INF090I01338;INF090I01346;1018.2628;1018.2628;1018.2628;11-Dec-2006
101238;Franklin India Short Term Income Plan -  Retail Plan - Quarterly - IDCW;INF090I01312;INF090I01320;1031.7498;1031.7498;1031.7498;11-Dec-2006
101242;Franklin India Short Term Income Plan -  Retail Plan - Weekly - IDCW;INF090I01353;;1094.6895;1094.6895;1094.6895;11-Dec-2006
101232;Franklin India Short-Term Income Plan-Growth;INF090I01304;;1347.4010;1347.4010;1347.4010;11-Dec-2006
101244;Franklin India Short-Term Income Plan-Institutional Plan - Growth;INF090I01361;;1076.7734;1074.0815;1076.7734;11-Dec-2006
101246;Franklin India Short-Term Income Plan-Institutional Plan - Monthly Dividend;INF090I01387;INF090I01395;1051.7966;1049.1671;1051.7966;11-Dec-2006
101237;Franklin India Short-Term Income Plan-Weekly Bonus;INF090I01DY9;;1056.5021;1056.5021;1056.5021;11-Dec-2006
101245;Templeton India Short-Term Income Plan-Institutional Plan - Weekly Dividend;;INF090I01379;1005.1222;1002.6094;1005.1222;11-Dec-2006

HSBC Mutual Fund
101597;HSBC Income Fund - Short Term - Inst. - Growth;INF336L01966;;12.5330;12.5330;12.5330;11-Dec-2006
101598;HSBC Income Fund-Short Term-Institutional-IDCW;INF336L01974;INF336L01AB4;10.0315;10.0315;10.0315;11-Dec-2006
104429;HSBC Short Duration Fund - Closed (Direct - Monthly IDCW);;INF336L01982;10.0043;10.0043;10.0043;11-Dec-2006
101600;HSBC Short Duration Fund - Closed (Monthly IDCW);INF336L01990;INF336L01AA6;10.3748;10.3748;10.3748;11-Dec-2006
104430;HSBC Short Duration Fund - Institutional-Weekly IDCW;;INF336L01AC2;10.0053;10.0053;10.0053;11-Dec-2006
101599;HSBC Short Duration Fund - Regular Growth;INF336L01917;;12.3788;12.3788;12.3788;11-Dec-2006

ICICI Prudential Mutual Fund
101758;ICICI Prudential Short Term Fund - Growth Option;INF109K01654;; 13.9483 ; 13.9483 ; 13.9483 ;11-Dec-2006
101759;ICICI Prudential Short Term Fund - Reinvestment of IDCW Fortnightly;INF109KB12M9;INF109K01662; 10.8011 ; 10.8011 ; 10.8011 ;11-Dec-2006
101165;ICICI Prudential Short Term Fund - Monthly IDCW;INF109K01WL0;INF109K01647; 10.7939 ; 10.7939 ; 10.7939 ;11-Dec-2006
101229;ICICI Prudential Short Term Fund - Institutional Plan - Dividend Monthly;INF109K01WK2;INF109K01670; 11.0612 ; 11.0612 ; 11.0612 ;11-Dec-2006
101231;ICICI Prudential Short Term Fund-Institutional Growth;INF109K01696;; 14.0749 ; 14.0749 ; 14.0749 ;11-Dec-2006
101230;ICICI Prudential Short Term Fund-Institutional Plan-Dividend Fortnightly;INF109K01688;; 11.0500 ; 11.0500 ; 11.0500 ;11-Dec-2006

JM Financial Mutual Fund
101524;JM Short Term Fund - Dividend Option;INF192K01BE5;INF192K01BF2;10.3166;10.3166;10.3166;11-Dec-2006
101521;JM Short Term Fund - Growth Option;INF192K01BG0;;12.3760;12.3760;12.3760;11-Dec-2006
101519;JM Short Term Fund - Regular Plan - Dividend Option;INF192K01BA3;INF192K01BB1;11.0334;11.0334;11.0334;11-Dec-2006
101520;JM Short Term Fund - Regular Plan - Growth Option;INF192K01BC9;;13.1034;13.1034;13.1034;11-Dec-2006

Kotak Mahindra Mutual Fund
101373;Kotak Bond Short Term Plan-(Growth);INF174K01ES7;;13.249;13.249;13.249;11-Dec-2006
101372;Kotak Bond Short Term Plan-(Payout of Income Distribution cum capital withdrawal option);INF174K01EU3;INF174K01ET5;10.1141;10.1141;10.1141;11-Dec-2006

Nippon India Mutual Fund
101667;NIPPON INDIA SHORT DURATION FUND - MONTHLY IDCW Option;INF204K01FM2;INF204K01FN0;10.4762;10.4762;10.4762;11-Dec-2006
101669;NIPPON INDIA SHORT TERM FUND - QUARTERLY IDCW OPTION;INF204K01FO8;INF204K01FP5;12.6384;12.6384;12.6384;11-Dec-2006
101665;Nippon India Short Term Fund-Growth Plan;INF204K01FL4;;12.7765;12.7765;12.7765;11-Dec-2006

Principal Mutual Fund
101467;Principal Income Fund - Short Term Plan-Institutional - Weekly Dividend Plan;;;10.9341;10.9341;10.9341;11-Dec-2006
101466;Principal Short Term Debt Fund - Income Distribution CUM Capital Withdrawal Option - Monthly;INF173K01BB1;INF173K01BC9;10.2452;10.2452;10.2452;11-Dec-2006
101465;Principal Short Term Debt Fund- Growth Plan;INF173K01BA3;;12.3212;12.3212;12.3212;11-Dec-2006
101462;Principal Short Term Plan-Dividend;;;10.2015;10.176;10.2015;11-Dec-2006
101463;Principal Short Term Plan-Growth;;;13.2687;13.2355;13.2687;11-Dec-2006

Sundaram Mutual Fund
101572;Sundaram Seleic Asset Plan-Half-yearly Dividendct  Debt-Dynam;;;10.2265;10.2265;10.2265;11-Dec-2006
101565;Sundaram Short Term Debt Fund Regular Plan - Fortnightly Income Distribution cum Capital Withdrawal (IDCW);INF903J01FI9;INF903J01FO7;10.6198;10.6198;10.6198;11-Dec-2006
101563;Sundaram Short Term Debt Fund Regular Plan - Growth;INF903J01FG3;;12.7921;12.7921;12.7921;11-Dec-2006
101566;Sundaram Short Term Debt Fund Regular Plan - Income Distribution cum Capital Withdrawal (IDCW);INF903J01FJ7;INF903J01FP4;10.5546;10.5546;10.5546;11-Dec-2006
101564;Sundaram Short Term Debt Fund Regular Plan - Weekly Income Distribution cum Capital Withdrawal (IDCW);INF903J01FH1;INF903J01FN9;10.9769;10.9769;10.9769;11-Dec-2006
101560;Sundaram Short Term Debt Fund Regular Plan -Income Distribution cum Capital Withdrawal ( IDCW );INF903J01FK5;;10.3893;10.3893;10.3893;11-Dec-2006
101561;Sundaram Short Term Debt Fund Regular Plan- Income Distribution cum Capital Withdrawal (IDCW );INF903J01FL3;;10.3899;10.3899;10.3899;11-Dec-2006
101562;Sundaram Short Term Debt Fund Regular Plan- Income Distribution cum Capital Withdrawal (IDCW);INF903J01FM1;;10.3948;10.3948;10.3948;11-Dec-2006

Tata Mutual Fund
101548;Tata Short Term Bond Fund -Regular Plan- Growth Option;INF277K01972;;13.0273;13.0273;13.0273;11-Dec-2006
101547;Tata Short Term Bond Fund- Regular Plan - Monthly Payout of IDCW Option;INF277K01EI9;INF277K01964;11.0117;11.0117;11.0117;11-Dec-2006

Taurus Mutual Fund
101113;Taurus Short Term Income Fund- Regular Plan - Dividend Option;INF044D01583;INF044D01591;13.5509;13.5170;13.5509;11-Dec-2006
101114;Taurus Short Term Income Fund- Regular Plan - Growth Option;INF044D01617;;13.9317;13.8969;13.9317;11-Dec-2006

Open Ended Schemes ( Debt Scheme - Medium Duration Fund )


DSP Mutual Fund
100078;DSP Bond Fund - Growth;INF740K01557;;24.6912;24.6912;24.6912;11-Dec-2006
100077;DSP Bond Fund - IDCW;INF740K01565;INF740K01995;10.6901;10.6901;10.6901;11-Dec-2006
100079;DSP Bond Fund - IDCW - Monthly;INF740K01573;INF740K01AA1;10.3667;10.3667;10.3667;11-Dec-2006

HDFC Mutual Fund
101990;HDFC Medium Term Debt Fund - Fornightly IDCW Option;INF179K01897;INF179K01905;10.5878;10.5878;10.5878;11-Dec-2006
101989;HDFC Medium Term Debt Fund - Growth Option;INF179K01913;;13.3706;13.3706;13.3706;11-Dec-2006

ICICI Prudential Mutual Fund
102742;ICICI Prudential Medium Term Bond Fund - Dividend;INF109K01UE9;INF109K01AG6; 10.1155 ; 10.0650 ; 10.1155 ;11-Dec-2006
102741;ICICI Prudential Medium Term Bond Fund - Growth;INF109K01AH4;; 11.2826 ; 11.2262 ; 11.2826 ;11-Dec-2006
102744;ICICI Prudential Medium Term Bond Fund-Plan B-Dividend;INF109K01UH2;INF109K01AI2; 10.1343 ; 10.1343 ; 10.1343 ;11-Dec-2006
102743;ICICI Prudential Medium Term Bond Fund-Plan B-Growth;INF109K01AJ0;; 11.3897 ; 11.3897 ; 11.3897 ;11-Dec-2006

SBI Mutual Fund
102053;SBI MAGNUM MEDIUM DURATION FUND - REGULAR PLAN - GROWTH;INF200K01719;;12.8117;12.6836;12.8117;11-Dec-2006
102054;SBI Magnum Medium Duration Fund - Regular Plan - Income Distribution cum Capital Withdrawal Option (IDCW);INF200K01727;INF200K01735;10.5225;10.4173;10.5225;11-Dec-2006

Sundaram Mutual Fund
100608;Sundaram Medium Duration Fund (Formerly Known as Sundaram Medium Term Bond Fund) Institutional Plan - Growth;INF903J01FY6;;0.0000;0.0000;0.0000;11-Dec-2006
100611;Sundaram Medium Duration Fund (Formerly Known as Sundaram Medium Term Bond Fund) Institutional Plan -Growth;INF903J01GF3;;11.5659;11.5659;11.5659;11-Dec-2006
100607;Sundaram Medium Duration Fund (Formerly Known as Sundaram Medium Term Bond Fund) Institutional Plan -Income Distribution cum Capital Withdrawal (IDCW);INF903J01GB2;INF903J01GE6;0.0000;0.0000;0.0000;11-Dec-2006
100606;Sundaram Medium Duration Fund (Formerly Known as Sundaram Medium Term Bond Fund) Institutional Plan- Income Distribution cum Capital Withdrawal (IDCW);INF903J01GA4;INF903J01GD8;0.0000;0.0000;0.0000;11-Dec-2006
100605;Sundaram Medium Duration Fund (Formerly Known as Sundaram Medium Term Bond Fund) Institutional Plan- Income Distribution cum Capital Withdrawal(IDCW );INF903J01FZ3;INF903J01GC0;0.0000;0.0000;0.0000;11-Dec-2006
100603;Sundaram Medium Duration Fund (Formerly Known as Sundaram Medium Term Bond Fund) Regular Plan - Growth;INF903J01FQ2;;22.6321;22.6321;22.6321;11-Dec-2006
100604;Sundaram Medium Duration Fund (Formerly Known as Sundaram Medium Term Bond Fund) Regular Plan -Growth;INF903J01FX8;;11.9130;11.9130;11.9130;11-Dec-2006
100610;Sundaram Medium Duration Fund (Formerly Known as Sundaram Medium Term Bond Fund) Regular Plan -Income Distribution cum Capital Withdrawal (IDCW);INF903J01FT6;INF903J01FW0;10.4001;10.4001;10.4001;11-Dec-2006
100609;Sundaram Medium Duration Fund (Formerly Known as Sundaram Medium Term Bond Fund) Regular Plan- Income Distribution cum Capital Withdrawal(IDCW);INF903J01FS8;INF903J01FV2;10.3983;10.3983;10.3983;11-Dec-2006
100602;Sundaram Medium Duration Fund (Formerly Known as Sundaram Medium Term Bond Fund) Regular Plan-Income Distribution cum Capital Withdrawal(IDCW);INF903J01FR0;INF903J01FU4;10.4026;10.4026;10.4026;11-Dec-2006

Tata Mutual Fund
101703;Tata Medium Term Fund -Regular Plan - Growth Option;INF277K01717;;12.4437;12.4437;12.4437;11-Dec-2006
101605;Tata Medium Term Fund- Regular Plan - Payout of IDCW option;INF277K01DW2;INF277K01709;10.5857;10.5857;10.5857;11-Dec-2006
101704;Tata Medium Term Fund B - Growth Option;INF277K01733;;12.4772;12.4772;12.4772;11-Dec-2006
101606;Tata Medium Term Fund B - Income / Bonus Option;INF277K01DX0;;10.6132;10.6132;10.6132;11-Dec-2006

Open Ended Schemes ( Debt Scheme - Medium to Long Duration Fund )


Aditya Birla Sun Life Mutual Fund
100038;Aditya Birla Sun Life Income Fund - Growth - Regular Plan;INF209K01579;;30.3415;30.1595;30.3415;11-Dec-2006
100037;Aditya Birla Sun Life Income Fund - Regular - Quarterly IDCW;INF209K01587;INF209K01CY3;10.3451;10.2830;10.3451;11-Dec-2006

Baroda BNP Paribas Mutual Fund
101155;BARODA INCOME FUND - Plan A - Dividend Option;INF955L01211;INF955L01229;12.4953;12.4328;12.4953;11-Dec-2006
101154;BARODA INCOME FUND - Plan A - Growth Option;INF955L01237;;12.4953;12.4328;12.4953;11-Dec-2006

Canara Robeco Mutual Fund
101588;CANARA ROBECO INCOME FUND - REGULAR PLAN - GROWTH OPTION;INF760K01324;;13.0685;13.0685;13.0685;11-Dec-2006
101587;CANARA ROBECO INCOME FUND - REGULAR PLAN - QUARTERLY IDCW (Payout/Reinvestment);INF760K01340;INF760K01357;11.8877;11.8877;11.8877;11-Dec-2006
101589;Canara Robeco Income Fund-Bonus option;INF760K01365;;11.9729;11.9729;11.9729;11-Dec-2006

HDFC Mutual Fund
100124;HDFC Income Fund - Growth Option;INF179K01962;;16.7186;16.7186;16.7186;11-Dec-2006
100123;HDFC Income Fund - Quarterly IDCW Option;INF179K01947;INF179K01954;10.3345;10.3345;10.3345;11-Dec-2006

HSBC Mutual Fund
101687;HSBC Income Fund - Investment - Inst. - Growth;INF336L01826;;12.6714;12.6714;12.6714;11-Dec-2006
101685;HSBC Medium to Long Duration Fund - Regular Growth;INF336L01776;;12.3288;12.2672;12.3288;11-Dec-2006
101686;HSBC Medium to Long Duration Fund - Regular Quarterly IDCW;INF336L01784;INF336L01792;10.5043;10.4518;10.5043;11-Dec-2006

JM Financial Mutual Fund
100223;JM Medium to Long Duration Fund (Regular) - Growth Option;INF192K01AB3;;28.4716;28.4716;28.4716;11-Dec-2006
100222;JM Medium to Long Duration Fund (Regular) - Quarterly IDCW;INF192K01999;INF192K01AA5;10.2714;10.2714;10.2714;11-Dec-2006
101181;JM Medium to Long Duration Fund (Regular) - Bonus Option- Principal Units;INF192K01AC1;;11.6480;11.6480;11.6480;11-Dec-2006

Kotak Mahindra Mutual Fund
100300;Kotak Bond Fund - Regular Plan - Standard IDCW Option;INF174K01EQ1;INF174K01EP3;12.9766;12.9766;12.9766;11-Dec-2006
100299;Kotak Bond Fund - Regular Plan Growth;INF174K01EM0;;19.4171;19.4171;19.4171;11-Dec-2006
100301;Kotak Bond Regular Plan Bonus Plan;INF174K01ER9;;12.9425;12.9425;12.9425;11-Dec-2006
100298;Kotak Bond Regular Plan Quaterly Payout of Income Distribution cum capital withdrawal option;INF174K01EO6;INF174K01EN8;10.5867;10.5867;10.5867;11-Dec-2006
100291;Kotak Bond-Deposit-Dividend;INF174K01EK4;INF174K01EL2;11.7254;11.7254;11.7254;11-Dec-2006
100292;Kotak Bond-Deposit-Growth;INF174K01EJ6;;18.5527;18.5527;18.5527;11-Dec-2006

LIC Mutual Fund
100315;LIC MF Medium to Long Duration Fund-Regular Plan-Growth;INF767K01923;;20.0136;20.0136;20.0136;11-Dec-2006
100314;LIC MF Medium to Long Duration Fund-Regular Plan-IDCW;INF767K01907;INF767K01915;10.3271;10.3271;10.3271;11-Dec-2006

Nippon India Mutual Fund
100386;NIPPON INDIA MEDIUM TO LONG DURATION  FUND - ANNUAL IDCW Option;INF204K01CT4;INF204K01CU2;12.0167;12.0167;12.0167;11-Dec-2006
100388;Nippon India Medium to Long Duration  Fund - Growth Plan Bonus Option;INF204K01CM9;;10.9005;10.9005;10.9005;11-Dec-2006
100387;Nippon India Medium to Long Duration  Fund - Growth Plan Growth Option;INF204K01CL1;;23.1346;23.1346;23.1346;11-Dec-2006
100385;NIPPON INDIA MEDIUM TO LONG DURATION  FUND - HALF YEARLY IDCW Option;INF204K01CR8;INF204K01CS6;11.2953;11.2953;11.2953;11-Dec-2006
100384;NIPPON INDIA MEDIUM TO LONG DURATION  FUND - QUARTERLY IDCW Option;INF204K01CP2;INF204K01CQ0;11.8624;11.8624;11.8624;11-Dec-2006
100383;NIPPON INDIA MEDIUM TO LONG DURATION FUND - MONTHLY IDCW Option;INF204K01CN7;INF204K01CO5;11.0965;11.0965;11.0965;11-Dec-2006

SBI Mutual Fund
100638;SBI Magnum Income Fund - Regular Plan - Half Yearly - Income Distribution cum Capital Withdrawal Option (IDCW);INF200K01610;INF200K01628;10.1993;10.1483;10.1993;11-Dec-2006
100640;SBI Magnum Income Fund-REGULAR PLAN-Bonus;INF200K01602;;11.9599;11.9001;11.9599;11-Dec-2006
100639;SBI Magnum Income Fund-REGULAR PLAN-Growth;INF200K01594;;19.7443;19.6456;19.7443;11-Dec-2006

Tata Mutual Fund
100418;Tata Income Fund -Regular Plan - Growth Option;INF277K01659;;24.8072;24.3111;24.8072;11-Dec-2006
101186;Tata Income Fund- Regular Plan - Periodic Payout of IDCW Option;INF277K01DT8;INF277K01667;14.3669;14.0796;14.3669;11-Dec-2006
100417;Tata Income Fund-Regular Plan - Half Yearly Payout of IDCW Option;INF277K01DU6;INF277K01675;10.9078;10.6896;10.9078;11-Dec-2006
101419;Tata Long Term Debt Fund - Regular Plan  -Bonus;INF277K01691;;12.4150;12.1667;12.4150;11-Dec-2006
100416;Tata Long Term Debt Fund - Regular Plan - Quarterly Dividend;INF277K01DV4;INF277K01683;10.4960;10.2861;10.4960;11-Dec-2006

UTI Mutual Fund
100742;UTI Medium to Long Duration Fund - Regular Plan - Quarterly IDCW;INF789F01380;INF789F01398;10.9906;10.9906;10.9906;11-Dec-2006
100741;UTI Medium to Long Duration Fund- Regular Plan - Growth;INF789F01406;;21.5384;21.5384;21.5384;11-Dec-2006

Open Ended Schemes ( Debt Scheme - Long Duration Fund )


ICICI Prudential Mutual Fund
100365;ICICI Prudential Long Term Bond Fund - Growth;INF109K01365;; 21.6508 ; 21.5425 ; 21.6508 ;11-Dec-2006
100364;ICICI Prudential Long Term Bond Fund - Half Yearly IDCW;INF109K01EX3;INF109K01357; 10.6421 ; 10.5889 ; 10.6421 ;11-Dec-2006
100367;ICICI Prudential Long Term Bond Fund - Quarterly IDCW;INF109K01EZ8;INF109K01399; 11.2213 ; 11.1652 ; 11.2213 ;11-Dec-2006
100366;ICICI Prudential Long Term Bond Fund-Institutional Quarterly Dividend;INF109K01EY1;INF109K01381; 10.3887 ; 10.3367 ; 10.3887 ;11-Dec-2006
101643;ICICI Prudential Long Term Bond Fund-Institutional Option-Growth;INF109K01407;; 22.1967 ; 22.0857 ; 22.1967 ;11-Dec-2006

Open Ended Schemes ( Debt Scheme - Dynamic Bond )


Aditya Birla Sun Life Mutual Fund
102767;Aditya Birla Sun Life Dynamic Bond Fund - Growth - Regular Plan;INF209K01793;;11.2656;11.2656;11.2656;11-Dec-2006
102766;Aditya Birla Sun Life Dynamic Bond Fund -Regular - Quarterly IDCW;INF209K01819;INF209K01DH6;10.2144;10.2144;10.2144;11-Dec-2006

Franklin Templeton Mutual Fund
100498;Franklin India Dynamic Accrual Fund - IDCW ;INF090I01BN6;INF090I01BO4;10.6335;10.5803;10.6335;11-Dec-2006
100499;Franklin India Dynamic Accrual Fund-Growth;INF090I01BP1;;25.6411;25.5129;25.6411;11-Dec-2006

HDFC Mutual Fund
101872;HDFC Dynamic Debt Fund - Growth Option;INF179K01848;;24.5477;24.5477;24.5477;11-Dec-2006
101874;HDFC Dynamic Debt Fund - Half Yearly IDCW Option;INF179K01855;INF179K01863;10.3112;10.3112;10.3112;11-Dec-2006
101873;HDFC Dynamic Debt Fund - Quarterly IDCW Option;INF179K01871;INF179K01889;10.587;10.587;10.587;11-Dec-2006
101875;HDFC Dynamic Debt Fund - Yearly IDCW Option;INF179K01921;INF179K01939;11.0028;11.0028;11.0028;11-Dec-2006

ICICI Prudential Mutual Fund
101351;ICICI Prudential All Seasons Bond Fund - Weekly IDCW;INF109K01FD2;INF109K01704; 10.4914 ; 10.4914 ; 10.4914 ;11-Dec-2006
101350;ICICI Prudential All Seasons Bond Fund Retail - Cumulative;INF109K01712;; 15.3218 ; 15.3218 ; 15.3218 ;11-Dec-2006

JM Financial Mutual Fund
101806;JM Dynamic Bond Fund (Regular) - Growth Option;INF192K01700;;11.7961;11.7961;11.7961;11-Dec-2006
101805;JM Dynamic Bond Fund (Regular) - IDCW;INF192K01684;INF192K01692;11.8346;11.8346;11.8346;11-Dec-2006
101807;JM Dynamic Bond Fund (Regular)- Premium Plan IDCW;INF192K01734;INF192K01742;10.0872;10.0872;10.0872;11-Dec-2006
101808;JM Dynamic Bond Fund - Premium Plan - Growth Option;INF192K01759;;11.3182;11.3182;11.3182;11-Dec-2006

Nippon India Mutual Fund
102851;NIPPON INDIA DYNAMIC BOND FUND - IDCW Option;INF204K01FJ8;INF204K01FK6;11.1134;11.0578;11.1134;11-Dec-2006
102849;Nippon India Dynamic Bond Fund-Growth Plan-Growth Option;INF204K01FI0;;11.1134;11.0578;11.1134;11-Dec-2006

Principal Mutual Fund
100960;Principal Dynamic Bond Fund - Dividend Option -Annual;INF173K01AX7;INF173K01AY5;10.4617;10.4094;10.4617;11-Dec-2006
100963;Principal Dynamic Bond Fund - Growth Option;INF173K01AT5;;12.2557;12.2557;12.2557;11-Dec-2006
100961;Principal Dynamic Bond Fund -Dividend Option - Quarterly;INF173K01AU3;INF173K01AV1;11.1023;11.1023;11.1023;11-Dec-2006
100957;Principal Income Fund-Dividend Plan-Half Yearly;;;10.5999;10.5469;10.5999;11-Dec-2006
100958;Principal Income Fund-Dividend Plan-Quaterly;;;10.6102;10.5571;10.6102;11-Dec-2006
100962;Principal Income Fund-Growth Plan-growth;;;17.3717;17.2848;17.3717;11-Dec-2006

quant Mutual Fund
100173;Quant Dynamic Bond-Bonus;INF966L01101;;11.9020;11.9020;11.9020;11-Dec-2006
100171;Quant Dynamic Bond-Dividend;INF966L01077;INF966L01085;10.1842;10.1842;10.1842;11-Dec-2006
100172;Quant Dynamic Bond-Growth;INF966L01093;;22.5971;22.5971;22.5971;11-Dec-2006

SBI Mutual Fund
102205;SBI Dynamic Bond Fund - REGULAR PLAN - Growth;INF200K01958;;10.6376;10.5844;10.6376;11-Dec-2006
102206;SBI Dynamic Bond Fund - Regular Plan - Income Distribution cum Capital Withdrawal Option (IDCW);INF200K01966;INF200K01974;10.2160;10.1649;10.2160;11-Dec-2006

Tata Mutual Fund
101909;Tata Dynamic Bond Fund- Regular Plan - Growth Option;INF277K01360;;11.8013;11.6833;11.8013;11-Dec-2006
101224;Tata Dynamic Bond Fund- Regular Plan - Payout of IDCW Option;INF277K01DE0;INF277K01352;10.3090;10.2059;10.3090;11-Dec-2006
102031;Tata Dynamic Bond Fund B - Dividend;INF277K01DF7;INF277K01378;10.2555;10.2555;10.2555;11-Dec-2006
101910;Tata Dynamic Bond Fund B - Growth;INF277K01386;;11.8197;11.8197;11.8197;11-Dec-2006

Open Ended Schemes ( Debt Scheme - Corporate Bond Fund )


Aditya Birla Sun Life Mutual Fund
103178;Aditya Birla Sun Life Corporate Bond Fund - Growth - Regular Plan;INF209K01785;;25.6143;25.4606;25.6143;11-Dec-2006
103183;Aditya Birla Sun Life Corporate Bond Fund -REGULAR - MONTHLY IDCW;INF209K01983;INF209K01DL8;10.4599;10.3971;10.4599;11-Dec-2006
103177;Aditya Birla Sun Life Income Fund-Plan A(Dividend);;;10.8130;10.7481;10.8130;11-Dec-2006
103179;Aditya Birla Sun Life Income Fund-Plan D(54EA Dividend);;INF209K01DI4;11.2791;11.2114;11.2791;11-Dec-2006
103180;Aditya Birla Sun Life Income Fund-Plan E(54EA Growth);;;25.5963;25.4427;25.5963;11-Dec-2006
103181;Aditya Birla Sun Life Income Fund-PLan F(54EB Dividend);;;11.2912;11.2235;11.2912;11-Dec-2006
103182;Aditya Birla Sun Life Income Fund-Plan G(54EB Growth);;;25.4352;25.2826;25.4352;11-Dec-2006

Franklin Templeton Mutual Fund
100528;Franklin India Corporate Debt Fund - Growth;INF090I01DG6;;25.0617;25.0617;25.0617;11-Dec-2006
100532;Franklin India Corporate Debt Fund - Monthly Bonus;INF090I01DC5;;19.5147;19.5147;19.5147;11-Dec-2006
100527;Franklin India Corporate Debt Fund - Plan A - Annual - IDCW;INF090I01DH4;INF090I01DI2;10.6836;10.6836;10.6836;11-Dec-2006
100531;Franklin India Corporate Debt Fund - Plan B - Half yearly - IDCW;INF090I01DN2;INF090I01DO0;14.0712;14.0712;14.0712;11-Dec-2006
100529;Franklin India Corporate Debt Fund - Plan B - Monthly - IDCW;INF090I01DJ0;INF090I01DK8;13.8797;13.8797;13.8797;11-Dec-2006
100530;Franklin India Corporate Debt Fund - Plan B - Quarterly - IDCW;INF090I01DL6;INF090I01DM4;14.1831;14.1831;14.1831;11-Dec-2006

Nippon India Mutual Fund
100859;Nippon India Corporate Bond Fund - Growth Plan - Bonus Option;INF204KA12N8;;11.001;10.946;11.001;11-Dec-2006
100856;Nippon India Corporate Bond Fund - Growth Plan - Growth Option;INF204K01EF9;;15.4007;15.3237;15.4007;11-Dec-2006
100857;NIPPON INDIA CORPORATE BOND FUND - MONTHLY IDCW Option;INF204K01EJ1;INF204K01EK9;10.3194;10.2678;10.3194;11-Dec-2006
100858;NIPPON INDIA CORPORATE BOND FUND - QUARTERLY IDCW Option;INF204K01EL7;INF204K01EM5;10.1496;10.0989;10.1496;11-Dec-2006

Principal Mutual Fund
102169;Principal Corporate Bond Fund - Dividend - Monthly;INF173K01312;INF173K01320;10.7166;10.663;10.7166;11-Dec-2006
102170;Principal Corporate Bond Fund - Dividend - Quarterly;INF173K01338;INF173K01346;10.8349;10.7807;10.8349;11-Dec-2006
102171;Principal Corporate Bond Fund -Growth;INF173K01288;;12.6211;12.558;12.6211;11-Dec-2006

Sundaram Mutual Fund
100792;Sundaram Corporate Bond Fund Institutional Plan - Growth;INF903J01IF9;;13.0016;13.0016;13.0016;11-Dec-2006
100790;Sundaram Corporate Bond Fund Institutional Plan - Income Distribution cum Capital Withdrawal (IDCW);INF903J01IG7;INF903J01II3;10.2454;10.2454;10.2454;11-Dec-2006
100791;Sundaram Corporate Bond Fund Institutional Plan -Income Distribution cum Capital Withdrawal-(IDCW);INF903J01IH5;INF903J01IJ1;0.0000;0.0000;0.0000;11-Dec-2006
100786;Sundaram Corporate Bond Fund Regular Plan - Income Distribution cum Capital Withdrawal (IDCW );INF903J01HY2;INF903J01IC6;10.2875;10.2875;10.2875;11-Dec-2006
100785;Sundaram Corporate Bond Fund Regular Plan -Income Distribution cum Capital Withdrawal(IDCW);INF903J01HX4;INF903J01IB8;10.2443;10.2443;10.2443;11-Dec-2006
100789;Sundaram Corporate Bond Fund Regular Plan- Growth;INF903J01HW6;;11.0903;11.0903;11.0903;11-Dec-2006
100788;Sundaram Corporate Bond Fund Regular Plan- Income Distribution cum Capital Withdrawal (IDCW);INF903J01IA0;INF903J01IE2;10.2847;10.2847;10.2847;11-Dec-2006
100787;Sundaram Corporate Bond Fund Regular Plan-Income Distribution cum Capital Withdrawal (IDCW);INF903J01HZ9;INF903J01ID4;10.2883;10.2883;10.2883;11-Dec-2006

Open Ended Schemes ( Debt Scheme - Credit Risk Fund )


DSP Mutual Fund
101839;DSP Credit Risk Fund - Regular Plan - IDCW;INF740K01581;INF740K01AB9;10.3250;10.3250;10.3250;11-Dec-2006
101840;DSP Credit Risk Fund - Regular Plan - IDCW - Daily;;INF740KA1OA8;10.0312;10.0312;10.0312;11-Dec-2006
101838;DSP Credit Risk Fund - Regular Plan - IDCW - Weekly;INF740K01FR4;INF740K01FQ6;10.0402;10.0402;10.0402;11-Dec-2006
101837;DSP Credit Risk Fund - Regular Plan -Growth;INF740K01599;;12.0769;12.0769;12.0769;11-Dec-2006

Principal Mutual Fund
102729;Principal Credit Risk Fund - Regular Plan - Growth Option;INF173K01DM4;;11.4;11.4;11.4;11-Dec-2006
102732;Principal Credit Risk Fund - Regular Plan - Monthly Dividend Option;INF173K01BJ4;INF173K01BK2;10.3376;10.3376;10.3376;11-Dec-2006
102726;Principal Floating Rate Fund - SMP-Daily Dividend;;;10.0007;10.0007;10.0007;11-Dec-2006
102725;Principal Floating Rate Fund - SMP-Growth;;;11.3603;11.3603;11.3603;11-Dec-2006
102730;Principal Floating Rate Fund - SMP-Insti. Daily Dividend;;;10.0007;10.0007;10.0007;11-Dec-2006
102731;Principal Floating Rate Fund - SMP-Insti. Weekly Dividend;;;10.0085;10.0085;10.0085;11-Dec-2006
102728;Principal Floating Rate Fund - SMP-Monthly Dividend;;;10.1548;10.1548;10.1548;11-Dec-2006
102727;Principal Floating Rate Fund - SMP-Weekly Dividend;;;10.0084;10.0084;10.0084;11-Dec-2006

SBI Mutual Fund
102505;SBI CREDIT RISK FUND - REGULAR PLAN - GROWTH;INF200K01685;;11.3007;11.2442;11.3007;11-Dec-2006
102506;SBI Credit Risk Fund - Regular Plan - Income Distribution cum Capital Withdrawal Option (IDCW);INF200K01693;INF200K01701;10.3637;10.3119;10.3637;11-Dec-2006

Sundaram Mutual Fund
101544;Sundaram Short Term Credit Risk Fund -Dividend;INF903J01EV5;INF903J01EW3;10.4426;10.4426;10.4426;11-Dec-2006
101545;Sundaram Short Term Credit Risk Fund-Appreciation;INF903J01EU7;;12.6795;12.6795;12.6795;11-Dec-2006

Open Ended Schemes ( Debt Scheme - Banking and PSU Fund )


Aditya Birla Sun Life Mutual Fund
103176;Aditya Birla Sun Life Banking & PSU Debt Fund - Retail Plan-Growth;INF209K01LT4;;13.0286;12.7680;13.0286;11-Dec-2006
103175;Aditya Birla Sun Life Ultra Short Term Fund- Retail Plan A(Monthly Dividend);;INF209K01EB7;10.4193;10.2109;10.4193;11-Dec-2006
103188;Aditya Birla Sun Life Banking & PSU Debt Fund - Growth - Regular Plan;INF209K01BF4;;19.6934;19.6934;19.6934;11-Dec-2006
103187;Aditya Birla Sun Life Banking & PSU Debt Fund - Regular Plan;INF209K01BE7;INF209K01EA9;10.4228;10.4228;10.4228;11-Dec-2006

Sundaram Mutual Fund
100782;Sundaram Banking & PSU Fund (Formerly Known as Sundaram Banking and PSU Debt Fund) Regular Plan - Daily Reinvestment of Income Distribution cum Capital Withdrawal (IDCW);;INF903J01IP8;10.0519;10.0519;10.0519;11-Dec-2006
100784;Sundaram Banking & PSU Fund (Formerly Known as Sundaram Banking and PSU Debt Fund) Regular Plan - Growth;INF903J01IN3;;11.2231;11.2231;11.2231;11-Dec-2006
100793;Sundaram Banking & PSU Fund (Formerly Known as Sundaram Banking and PSU Debt Fund) Regular Plan - Income Distribution cum Capital Withdrawal (IDCW);INF903J01IO1;INF903J01IR4;10.2042;10.2042;10.2042;11-Dec-2006
100783;Sundaram Banking & PSU Fund (Formerly Known as Sundaram Banking and PSU Debt Fund) Regular Plan - Weekly Reinvestment of Income Distribution cum Capital Withdrawal (IDCW);;INF903J01IQ6;0.0000;0.0000;0.0000;11-Dec-2006
100781;Sundaram Banking & PSU Fund (Formerly Known as Sundaram Banking and PSU Debt Fund) Retail Plan - Growth;INF903J01IK9;;11.1113;11.1113;11.1113;11-Dec-2006
100780;Sundaram Banking & PSU Fund (Formerly Known as Sundaram Banking and PSU Debt Fund) Retail Plan - Monthly Income Distribution cum Capital Withdrawal (IDCW);INF903J01IL7;INF903J01IM5;10.1804;10.1804;10.1804;11-Dec-2006

Open Ended Schemes ( Debt Scheme - Gilt Fund )


Aditya Birla Sun Life Mutual Fund
100061;Aditya Birla Sun Life Constant Maturity 10 Year Gilt Fund - Growth - Regular Plan;INF209K01AH2;;23.4237;23.4237;23.4237;11-Dec-2006
100060;Aditya Birla Sun Life Constant Maturity 10 Year Gilt Fund - Quarterly Dividend - Regular Plan;INF209K01AI0;INF209K01DR5;11.4554;11.4554;11.4554;11-Dec-2006
100056;Aditya Birla Sun Life Gilt Plus - Liquid Plan - Annual Dividend - Regular Plan;INF209K01991;INF209K01DM6;11.9265;11.9265;11.9265;11-Dec-2006
100055;Aditya Birla Sun Life Gilt Plus - Liquid Plan - Growth - Regular Plan;INF209K01AA7;;17.9106;17.9106;17.9106;11-Dec-2006
100054;Aditya Birla Sun Life Gilt Plus - Liquid Plan - Quarterly Dividend - Regular Plan;INF209K01AB5;;10.8454;10.8454;10.8454;11-Dec-2006
100059;Aditya Birla Sun Life Gilt Plus-PF Plan (Annual Dividend);;INF209K01DO2;20.8033;20.8033;20.8033;11-Dec-2006
100062;Aditya Birla Sun Life Gilt Plus-Regular Plan (Annual Dividend);;INF209K01DQ7;23.4717;23.4717;23.4717;11-Dec-2006
100057;Aditya Birla Sun Life Govenment Securities Fund -Regular - Quarterly IDCW;INF209K01AF6;INF209K01DP9;10.8654;10.7567;10.8654;11-Dec-2006
100058;Aditya Birla Sun Life Government Securities Fund  - Growth - Regular Plan;INF209K01AC3;INF209K01AD1;20.8026;20.5946;20.8026;11-Dec-2006

Baroda BNP Paribas Mutual Fund
101187;Baroda BNP Paribas GILT FUND - Regular Plan - Growth Option;INF955L01450;;11.1393;11.0836;11.1393;11-Dec-2006
101188;Baroda BNP Paribas GILT FUND - Regular Plan - IDCW Option;INF955L01435;INF955L01443;11.1405;11.0848;11.1405;11-Dec-2006
101190;BOB GILT FUND-PF Plan (Growth);;;10.5219;10.5219;10.5219;11-Dec-2006

Canara Robeco Mutual Fund
100597;CANARA ROBECO GILT FUND - REGULAR PLAN - GROWTH OPTION;INF760K01AE1;;18.2751;18.2751;18.2751;11-Dec-2006
100596;CANARA ROBECO GILT FUND - REGULAR PLAN - IDCW (Payout/Reinvestment);INF760K01AB7;INF760K01AC5;10.4301;10.4301;10.4301;11-Dec-2006

DSP Mutual Fund
100084;DSP Gilt Fund - Regular Plan - Growth;INF740K01615;;23.1815;23.1815;23.1815;11-Dec-2006
100085;DSP Gilt Fund - Regular Plan - IDCW;INF740K01607;INF740K01AD5;11.5537;11.5537;11.5537;11-Dec-2006
100086;DSP Gilt Fund - Regular Plan - IDCW - Monthly;INF740K01623;INF740K01AE3;10.1717;10.1717;10.1717;11-Dec-2006

Franklin Templeton Mutual Fund
100493;Franklin India Government Securities Fund - Growth;INF090I01CU9;;16.5104;16.5104;16.5104;11-Dec-2006
100494;Franklin India Government Securities Fund - IDCW ;INF090I01CS3;INF090I01CT1;11.0304;11.0304;11.0304;11-Dec-2006
100486;Franklin India Govt.Sec. Fund-Composite Plan - Dividend;INF090I01CP9;INF090I01CQ7;10.9393;10.8846;10.9393;11-Dec-2006
100485;Franklin India Govt.Sec. Fund-Composite Plan - Growth;INF090I01CR5;;24.1434;24.0227;24.1434;11-Dec-2006
100495;Franklin India Govt.Sec. Fund-Long Term Plan - Bonus;INF090I01CO2;;12.2981;12.2981;12.2981;11-Dec-2006
100491;Franklin India Govt.Sec. Fund-PF Plan - Dividend;INF090I01CW5;INF090I01CX3;10.6046;10.5675;10.6046;11-Dec-2006
100490;Franklin India Govt.Sec. Fund-PF Plan - Growth;INF090I01CY1;;10.6046;10.5675;10.6046;11-Dec-2006
100487;Franklin India Govt.Sec. Fund-Treasury Plan(Dividend Option);INF090I01CZ8;INF090I01DA9;10.7900;10.7900;10.7900;11-Dec-2006
100489;Franklin India Govt.Sec. Fund-Treasury Plan(Growth Option);INF090I01DB7;;13.7681;13.7681;13.7681;11-Dec-2006

HDFC Mutual Fund
101083;HDFC Gilt Fund - Growth Plan;INF179K01756;;15.6315;15.6315;15.6315;11-Dec-2006
101084;HDFC Gilt Fund - IDCW Plan;INF179K01772;INF179K01764;10.3564;10.3564;10.3564;11-Dec-2006

ICICI Prudential Mutual Fund
100369;ICICI Prudential Gilt Fund - Growth;INF109K01JR4;; 22.5148 ; 22.5148 ; 22.5148 ;11-Dec-2006
100368;ICICI Prudential Gilt Fund - IDCW;INF109K01JQ6;INF109K01JP8; 10.6507 ; 10.6507 ; 10.6507 ;11-Dec-2006
100370;ICICI Prudential Short Term Gilt Fund - Dividend;INF109K01JW4;INF109K01JV6; 10.5147 ; 10.5147 ; 10.5147 ;11-Dec-2006
100371;ICICI Prudential Short Term Gilt Fund - Growth;INF109K01JX2;; 17.8699 ; 17.8699 ; 17.8699 ;11-Dec-2006
100372;ICICI Prudential Short Term Gilt Fund - Half Yearly Dividend;INF109K01JZ7;INF109K01JY0; 10.1068 ; 10.1068 ; 10.1068 ;11-Dec-2006

JM Financial Mutual Fund
100253;JM G-Sec Fund - Bonus Option - Principal Units;INF192K01817;;10.2244;10.2244;10.2244;11-Dec-2006
100250;JM G-Sec Fund - Growth Option;INF192K01809;;21.0188;21.0188;21.0188;11-Dec-2006
100249;JM G-Sec Fund - Quarterly Dividend Option;INF192K01783;INF192K01791;10.2759;10.2759;10.2759;11-Dec-2006
100251;JM G-Sec Fund-PF Plan - Growth Plan;;;21.8889;21.8889;21.8889;11-Dec-2006
100252;JM G-Sec Fund-PF Plan -Dividend Plan;;;20.0568;20.0568;20.0568;11-Dec-2006

Kotak Mahindra Mutual Fund
100281;Kotak Gilt-Investment  Provident Fund and Trust-Growth;INF174K01FL9;;24.2021;24.2021;24.2021;11-Dec-2006
100280;Kotak Gilt-Investment  Provident Fund and Trust-Payout of Income Distribution cum capital withdrawal option;INF174K01FM7;;11.0925;11.0925;11.0925;11-Dec-2006
100265;Kotak Gilt-Investment Regular-Growth;INF174K01FI5;;23.9155;23.9155;23.9155;11-Dec-2006
100264;Kotak Gilt-Investment Regular-Payout of Income Distribution cum capital withdrawal option;INF174K01FK1;INF174K01FJ3;11.5038;11.5038;11.5038;11-Dec-2006
100263;Kotak Gilt-Savings-Annual Dividend;;;12.0005;12.0005;12.0005;11-Dec-2006
100262;Kotak Gilt-Savings-Growth;;;17.9453;17.9453;17.9453;11-Dec-2006
100261;Kotak Gilt-Savings-Monthly Dividend;;;10.4628;10.4628;10.4628;11-Dec-2006

LIC Mutual Fund
100319;LIC MF Gilt Fund-PF Plan-Growth;INF767K01733;;10.8682;10.8682;10.8682;11-Dec-2006
100318;LIC MF Gilt Fund-PF Plan-IDCW;INF767K01717;INF767K01725;10.8682;10.8682;10.8682;11-Dec-2006
100317;LIC MF Gilt Fund-Regular Plan-Growth;INF767K01709;;18.8474;18.8474;18.8474;11-Dec-2006
100316;LIC MF Gilt Fund-Regular Plan-IDCW;INF767K01683;INF767K01691;10.9539;10.9539;10.9539;11-Dec-2006

SBI Mutual Fund
102061;SBI MAGNUM GILT FUND -  GROWTH - PF (Fixed Period - 1 Yr) Option;INF200K01AB4;;10.7883;10.7344;10.7883;11-Dec-2006
101933;SBI MAGNUM GILT FUND -  GROWTH - PF (Fixed Period - 2 Yrs) Option;INF200K01AE8;;10.8243;10.7485;10.8243;11-Dec-2006
101934;SBI MAGNUM GILT FUND -  GROWTH - PF (Fixed Period - 3 Yrs) Option;INF200K01AH1;;10.7126;10.6162;10.7126;11-Dec-2006
101932;SBI MAGNUM GILT FUND -  GROWTH - PF (Regular) Option;INF200K01AK5;;10.9181;10.9181;10.9181;11-Dec-2006
101950;SBI Magnum Gilt Fund - Income Distribution cum Capital Withdrawal Option (IDCW) - PF (Fixed Period - 1 Yr);INF200K01AC2;INF200K01AD0;10.2181;10.1670;10.2181;11-Dec-2006
101951;SBI Magnum Gilt Fund - Income Distribution cum Capital Withdrawal Option (IDCW) - PF (Fixed Period - 2 Yrs);INF200K01AF5;INF200K01AG3;10.2143;10.1428;10.2143;11-Dec-2006
101952;SBI Magnum Gilt Fund - Income Distribution cum Capital Withdrawal Option (IDCW) - PF (Fixed Period - 3 Yrs);INF200K01AI9;INF200K01AJ7;10.1971;10.1053;10.1971;11-Dec-2006
101935;SBI Magnum Gilt Fund - Income Distribution cum Capital Withdrawal Option (IDCW) - PF (Regular);INF200K01AL3;INF200K01AM1;10.2660;10.2660;10.2660;11-Dec-2006
101001;SBI MAGNUM GILT FUND - REGULAR PLAN - GROWTH;INF200K01982;;17.0740;17.0740;17.0740;11-Dec-2006
100999;SBI Magnum Gilt Fund - Regular Plan - Income Distribution cum Capital Withdrawal Option (IDCW);INF200K01990;INF200K01AA6;10.2225;10.2225;10.2225;11-Dec-2006

Sundaram Mutual Fund
101092;SUNDARAM GILT FUND (Growth. OPTION);INF903J01FA6;;13.2463;13.2463;13.2463;11-Dec-2006
101059;SUNDARAM GILT FUND (DIV. OPTION);INF903J01FB4;INF903J01FC2;10.5934;10.5934;10.5934;11-Dec-2006

Tata Mutual Fund
101902;Tata Gilt High Fund - Dividend Opt;INF277K01DO9;INF277K01543;12.1834;12.0616;12.1834;11-Dec-2006
102016;Tata Gilt High Fund - Growth;INF277K01550;;14.1451;14.0036;14.1451;11-Dec-2006
102069;Tata Gilt Retirement Plan (28-2--06) Growth;;;0.0000;0.0000;0.0000;11-Dec-2006
101946;Tata Gilt Retirement Plan (28-2-04) Div;;;0.0000;0.0000;0.0000;11-Dec-2006
102070;Tata Gilt Retirement Plan (28-2-07) Growth;;;10.4663;10.4140;10.4663;11-Dec-2006
101927;Tata Gilt Retirement Plan (28-2-2006) Dividend;;;0.0000;0.0000;0.0000;11-Dec-2006
101936;Tata Gilt Retirement Plan - 28/2/07 Dividend Option;;;10.4728;10.4204;10.4728;11-Dec-2006
102046;Tata Gilt Retirement Plan (28/2/25) - Payout of IDCW Option;;;10.4368;10.3846;10.4368;11-Dec-2006
101945;Tata Gilt Retirement Plan- 28/2/25 Growth Option;;;10.4618;10.4095;10.4618;11-Dec-2006
101049;Tata Gilt Securities Fund - Regular Plan - Payout of IDCW Option;INF277K01DN1;INF277K01535;11.8450;11.8450;11.8450;11-Dec-2006
101042;Tata Gilt Securities Fund -Regular Plan- Growth Option;INF277K01519;;23.0812;23.0812;23.0812;11-Dec-2006
102263;Tata Gilt Securities Fund RIP ( Bonus);INF277K01527;;11.5240;11.5240;11.5240;11-Dec-2006

UTI Mutual Fund
102513;UTI - GILT ADVANTAGE-LONG TERM PF-( PRESCRIBED APPRECIATION AUTO REDEMPTION;INF789F01PP4;INF789F01PQ2;11.3179;11.3179;11.3179;11-Dec-2006
102512;UTI - GILT FUND - Discontinued PF Plan - Growth Option;INF789F01PT6;;11.3011;11.3011;11.3011;11-Dec-2006
102514;UTI - GILT FUND - Discontinued PF Plan Prescribed Date Auto Redemption Option;INF789F01PU4;;11.3039;11.3039;11.3039;11-Dec-2006
102510;UTI - GILT FUND - Regular Plan - Growth Option;INF789F01661;;15.1959;15.1959;15.1959;11-Dec-2006
102511;UTI - GILT FUND -Discontinued PF Plan -Dividend Option;INF789F01PR0;INF789F01PS8;10.6251;10.6251;10.6251;11-Dec-2006
102509;UTI Gilt Fund - Regular Plan - IDCW;INF789F01646;INF789F01653;10.6721;10.6721;10.6721;11-Dec-2006

Open Ended Schemes ( Debt Scheme - Gilt Fund with 10 year constant duration )


SBI Mutual Fund
101002;SBI MAGNUM CONSTANT MATURITY FUND - REGULAR PLAN - GROWTH;INF200K01AN9;;14.5425;14.5425;14.5425;11-Dec-2006
101003;SBI Magnum Constant Maturity Fund - Regular Plan - Income Distribution cum Capital Withdrawal Option (IDCW);INF200K01AO7;INF200K01AP4;10.0230;10.0230;10.0230;11-Dec-2006

Open Ended Schemes ( Debt Scheme - Floater Fund )


Franklin Templeton Mutual Fund
101048;Franklin India Floating Rate Fund - Growth Plan;INF090I01LM7;;13.3506;13.3506;13.3506;11-Dec-2006
101044;Franklin India Floating Rate Fund - IDCW ;INF090I01LN5;;10.0000;10.0000;10.0000;11-Dec-2006

HDFC Mutual Fund
101483;HDFC Floating Rate Debt Fund - Retail Daily Div Option;;INF179K01640;10.0809;10.0809;10.0809;11-Dec-2006
101481;HDFC Floating Rate Debt Fund - Retail Growth Option;INF179K01632;;12.3127;12.3127;12.3127;11-Dec-2006
101484;HDFC Floating Rate Debt Fund - Retail Monthly Div option;INF179K01657;INF179K01665;10.1716;10.1716;10.1716;11-Dec-2006
101482;HDFC Floating Rate Debt Fund - Retail Weekly Div Option;INF179K01681;INF179K01673;10.1491;10.1491;10.1491;11-Dec-2006

ICICI Prudential Mutual Fund
101804;ICICI Prudential Floating Interest Fund - Daily IDCW;INF109K01AW3;; 10.0000 ; 10.0000 ; 10.0000 ;11-Dec-2006
101803;ICICI Prudential Floating Interest Fund - Fortnightly IDCW;INF109K01AZ6;; 10.0238 ; 10.0238 ; 10.0238 ;11-Dec-2006
101802;ICICI Prudential Floating Interest Fund - Growth;INF109K01AX1;; 10.7188 ; 10.7188 ; 10.7188 ;11-Dec-2006
101800;ICICI Prudential Floating Interest Fund Plan A - Dividend Daily;INF109K01928;; 10.0020 ; 9.9520 ; 10.0020 ;11-Dec-2006
101796;ICICI Prudential Floating Interest Fund Plan A - Fortnightly Dividend;INF109K01910;; 10.0232 ; 9.9731 ; 10.0232 ;11-Dec-2006
101795;ICICI Prudential Floating Interest Fund Plan A - Growth;INF109K01936;; 11.3649 ; 11.3081 ; 11.3649 ;11-Dec-2006
101799;ICICI Prudential Floating Interest Fund Plan B - Dividend Daily;INF109K01951;; 10.0020 ; 10.0020 ; 10.0020 ;11-Dec-2006
101794;ICICI Prudential Floating Interest Fund Plan B - Fortnightly Dividend;INF109K01969;; 10.0606 ; 10.0606 ; 10.0606 ;11-Dec-2006
101793;ICICI Prudential Floating Interest Fund Plan B - Growth;INF109K01977;; 12.1884 ; 12.1884 ; 12.1884 ;11-Dec-2006
101801;ICICI Prudential Floating Interest Fund Plan C - Dividend Daily;INF109K01AA9;; 10.0020 ; 10.0020 ; 10.0020 ;11-Dec-2006
101798;ICICI Prudential Floating Interest Fund Plan C - Fortnightly Dividend;INF109K01993;; 10.0242 ; 10.0242 ; 10.0242 ;11-Dec-2006
101797;ICICI Prudential Savings Fund Plan C - Growth;INF109K01AB7;; 11.4587 ; 11.4587 ; 11.4587 ;11-Dec-2006

Nippon India Mutual Fund
102676;NIPPON INDIA FLOATER FUND - DAILY IDCW REINVESTMENT Option;;INF204K01CI7;10.0618;10.0618;10.0618;11-Dec-2006
102673;Nippon India Floater Fund - Growth Plan-Growth Option;INF204K01CG1;;11.3926;11.3926;11.3926;11-Dec-2006
102675;NIPPON INDIA FLOATER FUND - MONTHLY IDCW Option;INF204K01CH9;INF204K01CK3;10.156;10.156;10.156;11-Dec-2006
102677;NIPPON INDIA FLOATER FUND - WEEKLY IDCW Option;INF204K01OQ5;INF204K01CJ5;10.0826;10.0826;10.0826;11-Dec-2006

Open Ended Schemes ( Hybrid Scheme - Conservative Hybrid Fund )


Aditya Birla Sun Life Mutual Fund
101818;Aditya Birla Sun Life Regular Savings Fund - Growth / Payment - Regular Plan;INF209K01751;INF209K01777;13.4180;13.2838;13.4180;11-Dec-2006
101816;Aditya Birla Sun Life Regular Savings Fund - REGULAR - MONTHLY IDCW;INF209K01769;INF209K01DF0;11.3110;11.1979;11.3110;11-Dec-2006
101817;Birla Sun Life Regular Savings Fund - Regular Plan - Monthly Payment;;;13.4180;13.2838;13.4180;11-Dec-2006

Baroda BNP Paribas Mutual Fund
102661;BARODA CONSERVATIVE HYBRID FUND - Plan A - Growth Option;INF955L01161;;11.6550;11.5967;11.6550;11-Dec-2006
102662;BARODA CONSERVATIVE HYBRID FUND - Plan A - Monthly IDCW Option;INF955L01179;INF955L01187;11.6559;11.5976;11.6559;11-Dec-2006
102663;BARODA CONSERVATIVE HYBRID FUND - Plan A - Quarterly IDCW Option;INF955L01195;INF955L01203;11.6555;11.5972;11.6555;11-Dec-2006

Canara Robeco Mutual Fund
100601;CANARA ROBECO CONSERVATIVE HYBRID FUND - REGULAR PLAN - GROWTH OPTION;INF760K01282;;19.14;19.14;19.14;11-Dec-2006
100600;CANARA ROBECO CONSERVATIVE HYBRID FUND - REGULAR PLAN - MONTHLY IDCW (Payout/Reinvestment);INF760K01308;INF760K01316;11.59;11.59;11.59;11-Dec-2006

DSP Mutual Fund
102450;DSP Regular Savings Fund - Regular Plan - IDCW - Monthly;INF740K01458;INF740K01466;10.4868;10.4868;10.4868;11-Dec-2006
102451;DSP Regular Savings Fund - Regular Plan - IDCW - Quarterly ;INF740K01474;INF740K01482;10.9981;10.9981;10.9981;11-Dec-2006
102448;DSP Regular Savings Fund- Regular Plan - Growth;INF740K01441;;13.5670;13.5670;13.5670;11-Dec-2006
102445;DSP BlackRock Savings Manager Fund - Conservative - Growth;;;11.9266;11.9266;11.9266;11-Dec-2006
102446;DSP BlackRock Savings Manager Fund - Conservative - Monthly Dividend;;;10.2803;10.2803;10.2803;11-Dec-2006
102447;DSP BlackRock Savings Manager Fund - Conservative - Quarterly Dividend;;;10.5238;10.5238;10.5238;11-Dec-2006

Franklin Templeton Mutual Fund
100948;Franklin India Debt Hybrid Fund - Growth;INF090I01EA7;;20.5629;20.5629;20.5629;11-Dec-2006
100951;Franklin India Debt Hybrid Fund - Monthly Bonus;INF090I01EF6;;14.7535;14.7535;14.7535;11-Dec-2006
100949;Franklin India Debt Hybrid Fund - Plan A - Monthly - IDCW;INF090I01EB5;INF090I01EC3;11.9808;11.9808;11.9808;11-Dec-2006
100950;Franklin India Debt Hybrid Fund - Plan A - Quarterly - IDCW;INF090I01ED1;INF090I01EE9;12.0241;12.0241;12.0241;11-Dec-2006

HDFC Mutual Fund
102147;HDFC Hybrid Debt Fund - Growth Plan;INF179K01AE4;;14.4803;14.4803;14.4803;11-Dec-2006
102148;HDFC Hybrid Debt Fund - IDCW Monthly;INF179K01AA2;INF179K01AB0;11.5566;11.5566;11.5566;11-Dec-2006
102149;HDFC Hybrid Debt Fund - IDCW Quarterly;INF179K01AC8;INF179K01AD6;11.8712;11.8712;11.8712;11-Dec-2006
102144;HDFC MF Monthly Income Plan-Short Term Plan-Growth Option;INF179K01AF1;;12.8401;12.8401;12.8401;11-Dec-2006
102145;HDFC MF Monthly Income Plan-Short Term Plan-Monthly Dividend Option;INF179K01AG9;INF179K01AH7;10.3815;10.3815;10.3815;11-Dec-2006
102146;HDFC MF Monthly Income Plan-Short Term Plan-Quarterly Dividend Option;INF179K01AI5;INF179K01AJ3;10.7344;10.7344;10.7344;11-Dec-2006

HSBC Mutual Fund
102262;HSBC Conservative Hybrid Fund - Regular Growth;INF336L01099;;13.1297;13.0641;13.1297;11-Dec-2006
102260;HSBC Conservative Hybrid Fund - Regular Monthly IDCW;INF336L01107;INF336L01115;10.9324;10.8777;10.9324;11-Dec-2006
102261;HSBC Conservative Hybrid Fund - Regular Quarterly IDCW;INF336L01123;INF336L01131;11.2810;11.2246;11.2810;11-Dec-2006

ICICI Prudential Mutual Fund
102330;ICICI Prudential Regular Savings Fund - Plan - Growth;INF109K01902;; 14.2340 ; 14.0916 ; 14.2340 ;11-Dec-2006
102331;ICICI Prudential Regular Savings Fund - Plan - Monthly IDCW;INF109K01ER5;INF109K01894; 12.5143 ; 12.3891 ; 12.5143 ;11-Dec-2006

LIC Mutual Fund
101869;LIC MF Conservative Hybrid Fund-Regular Plan-Growth;INF767K01808;;23.8925;23.8925;23.8925;11-Dec-2006
101866;LIC MF Conservative Hybrid Fund-Regular Plan-Monthly IDCW;INF767K01816;INF767K01824;10.1147;10.1147;10.1147;11-Dec-2006
101867;LIC MF Conservative Hybrid Fund-Regular Plan-Quarterly IDCW;INF767K01832;INF767K01840;10.4090;10.4090;10.4090;11-Dec-2006
101868;LIC MF Conservative Hybrid Fund-Regular Plan-Yearly IDCW;INF767K01857;INF767K01865;11.1184;11.1184;11.1184;11-Dec-2006

Nippon India Mutual Fund
102173;NIPPON INDIA CONSERVATIVE HYBRID  FUND - MONTHLY IDCW Option;INF204K01FE9;INF204K01FF6;11.6718;11.6718;11.6718;11-Dec-2006
102174;NIPPON INDIA CONSERVATIVE HYBRID  FUND - QUARTERLY IDCW Option;INF204K01FG4;INF204K01FH2;11.9276;11.9276;11.9276;11-Dec-2006
102172;Nippon India Conservative Hybrid  Fund-Growth Plan;INF204K01FD1;;13.7267;13.7267;13.7267;11-Dec-2006

SBI Mutual Fund
100929;SBI Conservative Hybrid Fund - Regular Plan - Annual Income Distribution cum Capital Withdrawal Option (IDCW);INF200K01909;INF200K01917;10.9589;10.9041;10.9589;11-Dec-2006
100968;SBI Conservative Hybrid Fund - Regular Plan - Growth;INF200K01859;;16.5255;16.4429;16.5255;11-Dec-2006
100927;SBI Conservative Hybrid Fund - Regular Plan - Monthly Income Distribution cum Capital Withdrawal Option (IDCW);INF200K01867;INF200K01875;10.6733;10.6199;10.6733;11-Dec-2006
100928;SBI Conservative Hybrid Fund - Regular Plan - Quarterly Income Distribution cum Capital Withdrawal Option (IDCW);INF200K01883;INF200K01891;10.6771;10.6237;10.6771;11-Dec-2006

Sundaram Mutual Fund
102175;Sundaram  Monthly Income Plan-Monthly Dividend;INF903J01HQ8;INF903J01HT2;10.1788;10.1788;10.1788;11-Dec-2006
102176;Sundaram  Monthly Income Plan-Quarterly-Dividend;INF903J01HR6;INF903J01HU0;10.5648;10.5648;10.5648;11-Dec-2006
102178;Sundaram Monthly Income Plan-Growth;INF903J01HP0;;12.6184;12.6184;12.6184;11-Dec-2006
102177;Sundaram Monthly Income Plan-Half-yearly Dividend;INF903J01HS4;INF903J01HV8;10.5788;10.5788;10.5788;11-Dec-2006

UTI Mutual Fund
102533;UTI Conservative Hybrd Fund - Regular Plan - Monthly Payment Option;INF789F01927;;13.922;13.922;13.922;11-Dec-2006
102534;UTI Conservative Hybrid Fund - Regular Plan - Flexi IDCW;INF789F01877;INF789F01885;13.9376;13.9376;13.9376;11-Dec-2006
102535;UTI Conservative Hybrid Fund - Regular Plan - Growth Option;INF789F01893;;13.938;13.938;13.938;11-Dec-2006
102536;UTI Conservative Hybrid Fund - Regular Plan - Monthly IDCW;INF789F01901;INF789F01919;12.0246;12.0246;12.0246;11-Dec-2006

Open Ended Schemes ( Hybrid Scheme - Balanced Hybrid Fund )


Nippon India Mutual Fund
102848;NIPPON INDIA BALANCED ADVANTAGE FUND - IDCW Option;INF204K01570;INF204K01588;22.5295;22.5295;23.0364;11-Dec-2006
102847;Nippon India Balanced Advantage Fund-Growth Plan-Bonus Option;INF204K01596;;23.7687;23.7687;24.3035;11-Dec-2006
102846;Nippon India Balanced Advantage Fund-Growth Plan-Growth Option;INF204K01604;;23.7687;23.7687;24.3035;11-Dec-2006

Sundaram Mutual Fund
100617;Sundaram Equity Hybrid Fund Regular Plan - Growth;INF903J01744;;31.5752;31.5752;32.2856;11-Dec-2006
101472;Sundaram Equity Hybrid Fund Regular Plan - Income Distribution cum Capital Withdrawal (IDCW);INF903J01728;INF903J01736;15.4729;15.4729;15.8210;11-Dec-2006

Open Ended Schemes ( Hybrid Scheme - Aggressive Hybrid Fund )


Aditya Birla Sun Life Mutual Fund
103155;Aditya Birla Sun Life Equity Hybrid'95 Fund - Regular Plan-Growth;INF209K01BT5;;172.46;172.46;176.34;11-Dec-2006
103154;Aditya Birla Sun Life Equity Hybrid'95 Fund -Regular - IDCW;INF209K01BS7;INF209K01EE1;79.68;79.68;81.47;11-Dec-2006

Baroda BNP Paribas Mutual Fund
101912;BARODA  HYBRID EQUITY FUND - Plan A - Growth Option;INF955L01708;;22.11;22.11;22.44;11-Dec-2006
101913;BARODA HYBRID EQUITY FUND - Plan A - IDCW Option;INF955L01682;INF955L01690;22.17;22.17;22.50;11-Dec-2006

DSP Mutual Fund
100081;DSP Aggressive Hybrid Fund- Regular Plan - Growth;INF740K01318;;37.374;36.907;37.748;11-Dec-2006
100082;DSP Aggressive Hybrid Fund- Regular Plan - IDCW;INF740K01326;INF740K01334;21.681;21.410;21.898;11-Dec-2006

Franklin Templeton Mutual Fund
100550;Franklin India Equity Hybrid Fund - Growth Plan;INF090I01817;;31.9639;31.9639;32.6831;11-Dec-2006
100549;Franklin India Equity Hybrid Fund - IDCW ;INF090I01825;INF090I01833;22.7649;22.7649;23.2771;11-Dec-2006
100482;Franklin India Balanced Fund-Div;;;29.84;29.84;30.28;11-Dec-2006
100481;Franklin India Balanced Fund-Growth;;;34.52;34.52;35.04;11-Dec-2006

HDFC Mutual Fund
102948;HDFC Hybrid Equity Fund - Growth Plan;INF179K01AS4;;17.917;17.917;18.32;11-Dec-2006
102947;HDFC Hybrid Equity Fund - IDCW Plan;INF179K01AQ8;INF179K01AR6;15.925;15.925;16.283;11-Dec-2006

ICICI Prudential Mutual Fund
100356;ICICI Prudential Equity & Debt Fund - Growth;INF109K01480;; 33.57 ; 33.57 ; 34.32 ;11-Dec-2006
100355;ICICI Prudential Equity & Debt Fund - Monthly IDCW;INF109K01DX5;INF109K01498; 17.50 ; 17.50 ; 17.90 ;11-Dec-2006

JM Financial Mutual Fund
100220;JM Aggressive Hybrid Fund (Regular) - IDCW;INF192K01528;INF192K01536;17.06;17.06;17.44;11-Dec-2006
100221;JM Aggressive Hybrid Fund (Regular) -Growth Option;INF192K01544;;22.45;22.45;22.96;11-Dec-2006

Kotak Mahindra Mutual Fund
100286;Kotak Aggressive Hybrid Fund - Regular Plan - IDCW - Payout & Reinvestment of Income Distribution cum capital withdrawal option;INF174K01450;INF174K01443;22.925;22.925;23.441;11-Dec-2006

LIC Mutual Fund
100323;LIC MF Aggressive Hybrid Fund-Regular Plan-Growth;INF767K01030;;43.7038;43.7038;44.3594;11-Dec-2006
100321;LIC MF Aggressive Hybrid Fund-Regular Plan-IDCW;INF767K01022;INF767K01014;11.7621;11.7621;11.9385;11-Dec-2006

Principal Mutual Fund
101266;Principal Hybrid Equity Fund- Monthly Income Distribution CUM Capital Withdrawal;INF173K01CI4;INF173K01CJ2;17.29;17.29;17.68;11-Dec-2006
101265;Principal Hybrid Equity Fund-Growth;INF173K01CL8;;21.48;21.48;21.96;11-Dec-2006

quant Mutual Fund
101070;quant Aggressive Hybrid Fund - Growth Option - Regular Plan;INF966L01267;;45.4435;45.4435;46.4660;11-Dec-2006
101069;quant Aggressive Hybrid Fund-IDCW Option - Regular Plan;INF966L01242;INF966L01259;14.7146;14.7146;15.0457;11-Dec-2006

SBI Mutual Fund
101551;SBI Equity Hybrid Fund - Regular Plan - Income Distribution cum Capital Withdrawal Option (IDCW);INF200K01115;INF200K01123;25.56;25.30;26.14;11-Dec-2006
102885;SBI EQUITY HYBRID FUND - REGULAR PLAN -Growth;INF200K01107;;35.03;34.68;35.82;11-Dec-2006

Tata Mutual Fund
100414;Tata Hybrid Equity Fund- Regular Plan - Growth Option;INF277K01303;;47.8760;47.8760;48.9532;11-Dec-2006
101222;Tata Hybrid Equity Fund- Regular Plan - Periodic Payout of IDCW Option;INF277K01DB6;INF277K01295;35.4213;35.4213;36.2183;11-Dec-2006

UTI Mutual Fund
100684;UTI Aggressive Hybrid Fund - Regular Plan - Growth;INF789F01323;;54.83;54.83;56.06;11-Dec-2006
100685;UTI Aggressive Hybrid Fund - Regular Plan - IDCW;INF789F01307;INF789F01315;21.68;21.68;22.17;11-Dec-2006

Open Ended Schemes ( Hybrid Scheme - Dynamic Asset Allocation or Balanced Advantage )


HDFC Mutual Fund
100119;HDFC Balanced Advantage Fund - Growth Plan;INF179K01830;;46.377;46.377;47.42;11-Dec-2006
100120;HDFC Balanced Advantage Fund - IDCW Plan;INF179K01814;INF179K01822;28.529;28.529;29.171;11-Dec-2006

UTI Mutual Fund
100646;UTI - Unit Linked Insurance Plan;;;15.5131;15.5131;15.5131;11-Dec-2006

Open Ended Schemes ( Hybrid Scheme - Multi Asset Allocation )


HDFC Mutual Fund
103131;HDFC Multi-Asset Fund - Growth Option;INF179K01AP0;;10.9374;10.828;11.0468;11-Dec-2006
103130;HDFC Multi-Asset Fund - IDCW Option;INF179K01AN5;INF179K01AO3;10.0794;9.9786;10.1802;11-Dec-2006

ICICI Prudential Mutual Fund
101144;ICICI Prudential Multi-Asset Fund - Growth;INF109K01761;; 62.8108 ; 62.8108 ; 64.2240 ;11-Dec-2006
101143;ICICI Prudential Multi-Asset Fund - IDCW;INF109K01ED5;INF109K01779; 21.4877 ; 21.4877 ; 21.9711 ;11-Dec-2006

quant Mutual Fund
101071;quant Multi Asset Allocation Fund - IDCW Option - Regular Plan;INF966L01184;INF966L01192;13.5080;13.5080;13.5080;11-Dec-2006
101072;quant Multi Asset Allocation Fund-GROWTH OPTION - Regular Plan;INF966L01200;;14.7621;14.7621;14.7621;11-Dec-2006

SBI Mutual Fund
103409;SBI Multi Asset Allocation Fund - Regular Plan - Annual Income Distribution cum Capital Withdrawal Option (IDCW);INF200K01784;INF200K01792;10.6680;10.6680;10.6680;11-Dec-2006
103408;SBI MULTI ASSET ALLOCATION FUND - REGULAR PLAN - GROWTH;INF200K01800;;10.6561;10.6561;10.6561;11-Dec-2006
103400;SBI Multi Asset Allocation Fund - Regular Plan - Monthly Income Distribution cum Capital Withdrawal Option (IDCW);INF200K01818;INF200K01826;10.1697;10.1697;10.1697;11-Dec-2006
103401;SBI Multi Asset Allocation Fund - Regular Plan - Quarterly Income Distribution cum Capital Withdrawal Option (IDCW);INF200K01834;INF200K01842;10.2296;10.2296;10.2296;11-Dec-2006

Open Ended Schemes ( Hybrid Scheme - Arbitrage Fund )


JM Financial Mutual Fund
103780;JM Arbitrage Fund (Regular) - Growth Option;INF192K01510;;10.3095;10.2064;10.3095;11-Dec-2006
103781;JM Arbitrage Fund (Regular) - IDCW ;INF192K01494;INF192K01502;10.3094;10.2063;10.3094;11-Dec-2006

SBI Mutual Fund
104457;SBI Arbitrage Opportunities Fund - Regular Plan - Gr;INF200K01156;;10.1417;10.1163;10.1417;11-Dec-2006
104458;SBI Arbitrage Opportunities Fund - Regular Plan - Income Distribution cum Capital Withdrawal Option (IDCW);INF200K01131;INF200K01149;10.1415;10.1161;10.1415;11-Dec-2006

UTI Mutual Fund
104075;UTI Arbitrage Fund - Regular Plan - Growth Option;INF789FB1RJ0;;10.3398;10.3398;10.3398;11-Dec-2006
104074;UTI Arbitrage Fund - Regular Plan - IDCW;INF789FB1RH4;INF789FB1RI2;10.3397;10.3397;10.3397;11-Dec-2006

Open Ended Schemes ( Hybrid Scheme - Equity Savings )


HDFC Mutual Fund
101585;HDFC Equity Savings Fund - GROWTH PLAN;INF179K01AM7;;12.0148;11.8947;12.1349;11-Dec-2006
101586;HDFC Equity Savings Fund - IDCW PLAN;INF179K01AK1;INF179K01AL9;10.1273;10.026;10.2286;11-Dec-2006

Principal Mutual Fund
101498;Principal Equity Savings Fund - Growth Option;INF173K01213;;15.0194;14.9443;15.0194;11-Dec-2006
101499;Principal Equity Savings Fund - Half Yearly Income Distribution CUM Capital Withdrawal;INF173K01247;INF173K01254;10.6689;10.6156;10.6689;11-Dec-2006
101500;Principal Equity Savings Fund -Quaterly Income Distribution CUM Capital Withdrawal;INF173K01262;INF173K01270;10.7947;10.7407;10.7947;11-Dec-2006

Tata Mutual Fund
101906;Tata Equity Savings Fund -Regular Plan-Growth Option;INF277K01907;;14.2813;14.2099;14.2813;11-Dec-2006
102118;Tata Equity Savings Fund- Regular Plan - Periodic Payout of IDCW Option;INF277K01EF5;INF277K01915;11.8165;11.7574;11.8165;11-Dec-2006
101609;TATA Equity Savings Fund- Regular Plan -Monthly Payout of IDCW option;INF277K01EE8;INF277K01899;11.5605;11.5027;11.5605;11-Dec-2006

Open Ended Schemes ( Solution Oriented Scheme - Retirement Fund )


Franklin Templeton Mutual Fund
100535;Franklin India Pension Plan - IDCW ;INF090I01528;INF090I01536;18.8770;18.8770;19.0658;11-Dec-2006
100536;Franklin India Pension Plan-Growth;INF090I01510;;43.1695;43.1695;43.6012;11-Dec-2006

UTI Mutual Fund
100682;UTI Retirement Fund - Regular Plan;;;19.5066;19.5066;19.7992;11-Dec-2006

Open Ended Schemes ( Solution Oriented Scheme - Children’s Fund )


HDFC Mutual Fund
100900;HDFC Childrens Fund - Growth Plan;;;24.515;24.515;25.067;11-Dec-2006
100899;HDFC Childrens Fund-Savings;;;14.927;14.927;15.114;11-Dec-2006

ICICI Prudential Mutual Fund
101127;ICICI Prudential Child Care Fund (Gift Plan) - Cumulative;INF109K01605;; 39.76 ; 39.36 ; 40.35 ;11-Dec-2006

LIC Mutual Fund
101271;LIC MF Children's Fund-Regular Plan-Growth;INF767K01048;;14.9658;14.9658;14.9658;11-Dec-2006

SBI Mutual Fund
101169;SBI Magnum Children's Benefit Fund - Savings Plan - REGULAR PLAN - GROWTH;INF200K01776;;16.7997;16.2957;17.0517;11-Dec-2006

Tata Mutual Fund
101491;Tata Young Citizens' Fund -Regular Plan-Growth Option;INF277K01AJ5;;21.8159;21.5977;22.3613;11-Dec-2006
101490;Tata Young Citizen Fund [>3 years upto 7 years] Regular Plan;;;21.8159;21.3796;22.3613;11-Dec-2006
101489;Tata Young Citizen Fund [Upto 3 years] Regular Plan;;;21.8159;21.1614;22.3613;11-Dec-2006

UTI Mutual Fund
102267;UTI Children's Equity Fund - Regular Plan - Growth Option;;;11.0265;11.0265;11.0265;11-Dec-2006
102266;UTI Children's Equity Fund - Regular Plan - IDCW;;;11.0266;11.0266;11.0266;11-Dec-2006
100678;UTI Children's Hybrid Fund - Regular Plan;;;14.7968;14.7968;15.0927;11-Dec-2006

Open Ended Schemes ( Other Scheme - Index Funds )


Aditya Birla Sun Life Mutual Fund
101314;Aditya Birla Sun Life Nifty 50 Index Fund - Growth - Regular Plan;INF209K01LB2;;39.3925;38.9986;39.3925;11-Dec-2006
101313;Aditya Birla Sun Life Nifty 50 Index Fund -REGULAR - IDCW;INF209K01LA4;INF209K01LC0;21.7837;21.5659;21.7837;11-Dec-2006

Franklin Templeton Mutual Fund
100484;Franklin India Index Fund- NSE Nifty 50 Index Fund - Growth;INF090I01890;;30.5344;30.2291;30.5344;11-Dec-2006

HDFC Mutual Fund
101281;HDFC BSE Sensex Index Fund - Growth Plan;INF179K01LA9;;123.7856;122.5477;123.7856;11-Dec-2006
101525;HDFC Nifty 50 Index Fund - Growth Plan;INF179K01KZ8;;37.4646;37.09;37.4646;11-Dec-2006

ICICI Prudential Mutual Fund
101349;ICICI Prudential Nifty 50 Index Fund - Cumulative Option;INF109K01PI0;; 34.0964 ; 33.9259 ; 34.0964 ;11-Dec-2006

LIC Mutual Fund
101199;LIC MF BSE Sensex Index Fund-Regular Plan-Growth;INF767K01139;;28.4127;28.4127;28.6968;11-Dec-2006
101198;LIC MF BSE Sensex Index Fund-Regular Plan-IDCW;INF767K01121;INF767K01113;13.1964;13.1964;13.3284;11-Dec-2006
101202;LIC MF Index Fund-Sensex Advantage-Dividend;INF767K01188;INF767K01170;14.1802;14.1802;14.3220;11-Dec-2006
101203;LIC MF Index Fund-Sensex Advantage-Growth;INF767K01196;;27.8732;27.8732;28.1519;11-Dec-2006
101201;LIC MF Nifty 50 Index Fund-Regular Plan-Growth;INF767K01162;;23.9014;23.9014;24.1404;11-Dec-2006
101200;LIC MF Nifty 50 Index Fund-Regular Plan-IDCW;INF767K01154;INF767K01147;15.2282;15.2282;15.3805;11-Dec-2006

Principal Mutual Fund
100153;Principal Nifty 100 Equal Weight Fund-Growth;INF173K01AG2;;27.8938;27.8938;28.1727;11-Dec-2006
100152;Principal Nifty 100 Equal Weight Fund-Income Distribution CUM Capital Withdrawal;INF173K01AH0;INF173K01AI8;21.5758;21.58;21.79;11-Dec-2006

SBI Mutual Fund
102272;SBI NIFTY INDEX FUND - REGULAR PLAN - GROWTH;INF200K01537;;35.2627;35.2627;35.7035;11-Dec-2006
102273;SBI Nifty Index Fund - Regular Plan - Income Distribution cum Capital Withdrawal Option (IDCW);INF200K01545;INF200K01552;17.4402;17.4402;17.6582;11-Dec-2006

Tata Mutual Fund
101746;Tata S&P BSE Sensex Index Fund -Regular Plan;INF277K01758;;33.9890;33.9890;34.3289;11-Dec-2006
101659;Tata Nifty 50 Index Fund -Regular Plan;INF277K01741;;23.8816;23.8816;24.1204;11-Dec-2006

UTI Mutual Fund
100822;UTI Nifty 50 Index Fund - Regular Plan - Growth Option;INF789F01JN2;;24.5061;24.5061;24.5061;11-Dec-2006
100823;UTI Nifty 50 Index Fund - Regular Plan - IDCW;INF789F01JL6;INF789F01JM4;24.5061;24.5061;24.5061;11-Dec-2006

Open Ended Schemes ( Other Scheme - Other  ETFs )


ICICI Prudential Mutual Fund
101705;ICICI Prudential BSE Sensex ETF;INF346A01034;; 137.3397 ; 137.3397 ; 137.3397 ;11-Dec-2006

Open Ended Schemes ( Other Scheme - FoF Overseas )


Principal Mutual Fund
102336;Principal Global Opportunities Fund- Income Distribution CUM Capital Withdrawal Option;INF173K01CQ7;INF173K01CR5;14.3129;14.1698;14.6707;11-Dec-2006
102337;Principal Global Opportunities Fund-Growth Option;INF173K01CT1;;14.3129;14.1698;14.6707;11-Dec-2006

Open Ended Schemes ( Other Scheme - FoF Domestic )


Franklin Templeton Mutual Fund
101657;Franklin India Dynamic Asset Allocation Fund of funds - IDCW ;INF090I01247;INF090I01254;24.5431;24.5431;25.0953;11-Dec-2006
101656;Franklin India Dynamic Asset Allocation Fund of Funds-Growth;INF090I01262;;24.5431;24.5431;25.0953;11-Dec-2006
102108;Franklin India Life Stage Fund of Funds - 20's Plan - IDCW ;INF090I01577;;22.6747;22.6747;23.1282;11-Dec-2006
102107;Franklin INDIA LIFE STAGE FUND OF FUNDS - THE 20S PLAN (G);INF090I01593;;22.6747;22.6747;23.1282;11-Dec-2006
102110;Franklin India Life Stage Fund of Funds - 30's Plan - IDCW ;INF090I01601;;18.1793;18.1793;18.4520;11-Dec-2006
102109;Franklin INDIA LIFE STAGE FUND OF FUNDS - THE 30S PLAN (G);INF090I01627;;18.1793;18.1793;18.4520;11-Dec-2006
102111;Franklin India Life Stage Fund of Funds - 40's Plan - IDCW ;INF090I01635;;13.8761;13.8761;14.0149;11-Dec-2006
102112;Franklin INDIA LIFE STAGE FUND OF FUNDS - THE 40S PLAN (G);INF090I01650;;15.2980;15.2980;15.4510;11-Dec-2006
102546;Franklin India Life Stage Fund Of Funds - 50's Plus Floating Rate Plan - IDCW ;INF090I01692;;12.1855;12.1855;12.2464;11-Dec-2006
102547;Franklin India Life Stage Fund of Funds - The 50s Plus Flo (Gro);INF090I01718;;13.3972;13.3972;13.4642;11-Dec-2006
102113;Franklin India Life Stage Fund of Funds - 50's Plus Plan - IDCW ;INF090I01668;;11.9389;11.9389;11.9986;11-Dec-2006
102114;Franklin INDIA LIFE STAGE FUND OF FUNDS - THE 50+S PLAN (G);INF090I01684;;13.0757;13.0757;13.1411;11-Dec-2006

ICICI Prudential Mutual Fund
102137;ICICI Prudential Asset Allocator Fund (FOF) - Growth;INF109K01837;; 16.9472 ; 16.9472 ; 17.1166 ;11-Dec-2006
102138;ICICI Prudential Asset Allocator Fund (FOF) - IDCW;INF109K01FJ9;INF109K01845; 16.9472 ; 16.9472 ; 17.1166 ;11-Dec-2006
102141;ICICI Prudential Debt Management Fund (FOF) - Growth;INF109K01878;; 11.6727 ; 11.6727 ; 11.6727 ;11-Dec-2006
102143;ICICI Prudential Debt Management Fund (FOF ) - IDCW;INF109K01FS0;INF109K01886; 11.6727 ; 11.6727 ; 11.6727 ;11-Dec-2006
102139;ICICI Prudential Income Plus Arbitrage Active FOF - Growth;INF109K01811;; 13.3025 ; 13.3025 ; 13.3025 ;11-Dec-2006
102140;ICICI Prudential Income plus Arbitrage Active FOF - IDCW;INF109K01EB9;INF109K01829; 13.3025 ; 13.3025 ; 13.3025 ;11-Dec-2006
102134;ICICI Prudential Passive Strategy Fund (FOF) - IDCW;INF109K01DW7;INF109K01803; 20.5168 ; 20.5168 ; 20.8246 ;11-Dec-2006
102133;ICICI Prudential Passive Strategy Fund (FOF) - Growth;INF109K01795;; 20.5168 ; 20.5168 ; 20.8246 ;11-Dec-2006
102135;ICICI Prudential Thematic Advantage Fund (FOF) - Growth;INF109K01852;; 24.4634 ; 24.4634 ; 24.8915 ;11-Dec-2006
102136;ICICI Prudential Thematic Advantage Fund (FOF) - IDCW;INF109K01FR2;INF109K01860; 24.4634 ; 24.4634 ; 24.8915 ;11-Dec-2006

Kotak Mahindra Mutual Fund
102574;Kotak Multi Asset Allocator Fund of Fund - Dynamic - Growth;INF174K01468;;24.497;24.497;25.048;11-Dec-2006
102573;Kotak Multi Asset Allocator Fund of Fund - Dynamic - Payout of Income Distribution cum capital withdrawal option;INF174K01484;INF174K01476;24.497;24.497;25.048;11-Dec-2006

Open Ended Schemes ( Equity Scheme - Flexi Cap Fund )


Aditya Birla Sun Life Mutual Fund
103166;Aditya Birla Sun Life Flexi Cap Fund - Growth - Regular Plan;INF209K01AJ8;;175.94;175.94;179.90;11-Dec-2006
103165;Aditya Birla Sun Life Flexi Cap Fund -Regular - IDCW;INF209K01AQ3;INF209K01DT1;74.84;74.84;76.52;11-Dec-2006

Canara Robeco Mutual Fund
101924;Canara Robeco Equity Diversified-Bonus Option;INF760K01043;;18.57;18.57;18.99;11-Dec-2006
101922;CANARA ROBECO FLEXICAP FUND - REGULAR PLAN - GROWTH OPTION;INF760K01019;;29.81;29.81;30.48;11-Dec-2006
101923;CANARA ROBECO FLEXICAP FUND - REGULAR PLAN - IDCW (Payout/Reinvestment);INF760K01027;INF760K01035;18.57;18.57;18.99;11-Dec-2006

DSP Mutual Fund
100080;DSP Flexi Cap Fund - Regular Plan - IDCW;INF740K01011;INF740K01029;43.976;43.976;44.965;11-Dec-2006

Franklin Templeton Mutual Fund
100520;Franklin India Flexi Cap Fund - Growth;INF090I01239;;131.47;130.16;134.43;11-Dec-2006
100519;Franklin India Flexi Cap Fund - IDCW ;INF090I01213;INF090I01221;32.52;32.19;33.25;11-Dec-2006

HDFC Mutual Fund
101762;HDFC Flexi Cap Fund - Growth Plan;INF179K01608;;140.669;140.669;143.834;11-Dec-2006
101763;HDFC Flexi Cap Fund - IDCW Plan;INF179K01582;INF179K01590;41.993;41.993;42.938;11-Dec-2006

HSBC Mutual Fund
102252;HSBC Flexi Cap Fund - Regular Growth;INF336L01AF5;;27.5543;27.4165;28.1743;11-Dec-2006
102251;HSBC Flexi Cap Fund - Regular IDCW;INF336L01AE8;INF336L01AD0;18.3485;18.2568;18.7613;11-Dec-2006

LIC Mutual Fund
100313;LIC MF Flexi Cap Fund-Regular Plan-Growth;INF767K01071;;20.4691;20.4691;20.4691;11-Dec-2006
100312;LIC MF Flexi Cap Fund-Regular Plan-IDCW;INF767K01063;INF767K01055;11.3244;11.3244;11.3244;11-Dec-2006

SBI Mutual Fund
103216;SBI Flexicap Fund - Regular Plan - Income Distribution cum Capital Withdrawal Option (IDCW);INF200K01230;INF200K01248;15.49;15.34;15.84;11-Dec-2006
103215;SBI Flexicap Fund - REGULAR PLAN -Growth Option;INF200K01222;;15.49;15.34;15.84;11-Dec-2006

Taurus Mutual Fund
100476;Taurus Flexi Cap Fund - Regular Plan - Growth ;INF044D01989;;39.80;39.80;40.70;11-Dec-2006

UTI Mutual Fund
100669;UTI - Flexi Cap Fund-Growth Option;INF789F01513;;32.11;32.11;32.83;11-Dec-2006
100668;UTI Flexi Cap Fund - Regular Plan - IDCW;INF189A01053;INF789F01505;29.72;29.72;30.39;11-Dec-2006

Close Ended Schemes ( Income )


ABN  AMRO Mutual Fund
103503;ABN AMRO Fixed Term Plan - Series 1 - Regular Plan-Regular Plan-Dividend Option;;;10.6222;10.6222;10.6222;11-Dec-2006
103502;ABN AMRO Fixed Term Plan - Series 1 - Regular Plan-Regular Plan-Growth Option;;;10.6222;10.6222;10.6222;11-Dec-2006
103583;ABN AMRO Fixed Term Plan - Series 2 - Thirteen Month Plan-Dividend Option;;;10.6137;10.2953;10.6137;11-Dec-2006
103582;ABN AMRO Fixed Term Plan - Series 2 - Thirteen Month Plan-Growth Option;;;10.6137;10.2953;10.6137;11-Dec-2006
104521;ABN Amro Fixed Term Plan - Series 3 - Quarterly Plan H - Growth Option;;;10.0251;9.8246;10.0251;11-Dec-2006
104522;ABN Amro Fixed Term Plan - Series 3 - Quarterly Plan H - Monthly Dividend Option;;;10.0251;9.8246;10.0251;11-Dec-2006
104250;ABN AMRO Fixed Term Plan - Series 3: Quarterly Plan C - Dividend Option;;;10.1751;9.8698;10.1751;11-Dec-2006
104249;ABN AMRO Fixed Term Plan - Series 3: Quarterly Plan C - Growth Option;;;10.1751;9.8698;10.1751;11-Dec-2006
104303;ABN AMRO Fixed Term Plan - Series 3: Quarterly Plan D - Dividend Option;;;10.1539;9.8493;10.1539;11-Dec-2006
104302;ABN AMRO Fixed Term Plan - Series 3: Quarterly Plan D - Growth Option;;;10.1539;9.8493;10.1539;11-Dec-2006
104366;ABN AMRO Fixed Term Plan - Series 3: Quarterly Plan E - Dividend Option;;;10.1091;9.8058;10.1091;11-Dec-2006
104365;ABN AMRO Fixed Term Plan - Series 3: Quarterly Plan E - Growth Option;;;10.1091;9.8058;10.1091;11-Dec-2006
104378;ABN AMRO Fixed Term Plan - Series 3: Quarterly Plan F - Dividend Option;;;10.0862;9.7836;10.0862;11-Dec-2006
104377;ABN AMRO Fixed Term Plan - Series 3: Quarterly Plan F - Growth Option;;;10.0862;9.7836;10.0862;11-Dec-2006
104396;ABN AMRO Fixed Term Plan - Series 3: Quarterly Plan G - Dividend Option;;;10.0725;9.7703;10.0725;11-Dec-2006
104397;ABN AMRO Fixed Term Plan - Series 3: Quarterly Plan G - Growth Option;;;10.0725;9.7703;10.0725;11-Dec-2006
104191;ABN AMRO Fixed Term Plan - Series 3: Yearly Plan A - Dividend Option;;;10.1998;9.8938;10.1998;11-Dec-2006
104190;ABN AMRO Fixed Term Plan - Series 3: Yearly Plan A - Growth Option;;;10.2274;9.9206;10.2274;11-Dec-2006

Aditya Birla Sun Life Mutual Fund
103077;Aditya Birla Fixed Term Debt Fund - Series 1-36 Months-Dividend;;;10.8486;10.6316;0.0000;11-Dec-2006
103078;Aditya Birla Fixed Term Debt Fund - Series 1-36 Months-Growth;;;10.8486;10.6316;0.0000;11-Dec-2006
103115;Birla Fixed Term Debt Fund Series 2-18 Months-Dividend;;;10.8928;10.7839;0.0000;11-Dec-2006
103116;Birla Fixed Term Debt Fund Series 2-18 Months-Growth;;;10.8928;10.7839;0.0000;11-Dec-2006
104149;Birla Fixed Term Plan Series-L-Dividend;;;10.2715;10.2201;0.0000;11-Dec-2006
104148;Birla Fixed Term Plan Series-L-Growth;;;10.2715;10.2201;0.0000;11-Dec-2006
104542;BIRLA FTP-HALF YEARLY SERIES 1-DIVIDEND;;;10.0532;9.8521;10.0532;11-Dec-2006
104543;BIRLA FTP-HALF YEARLY SERIES 1-GROWTH;;;10.0532;9.8521;10.0532;11-Dec-2006
103141;Birla Fixed Term Debt Fund Series 3-18 Months-Dividend;;;10.7991;10.6911;0.0000;11-Dec-2006
103142;Birla Fixed Term Debt Fund Series 3-18 Months-Growth;;;10.7991;10.6911;0.0000;11-Dec-2006
103143;Birla Sun Life Fixed Term Debt Fund Series 3-36 Months-Dividend;;;10.6434;10.4305;0.0000;11-Dec-2006
103144;Birla Sun Life Fixed Term Debt Fund Series 3-36 Months-Growth;;;10.6434;10.4305;0.0000;11-Dec-2006

DBS Chola Mutual Fund
103538;DBS Chola Fixed Maturity Plan - 14 months-Cumulative Option;;;10.6278;10.4152;10.6278;11-Dec-2006
103537;DBS Chola Fixed Maturity Plan - 14 months-Dividend Payout option;;;10.6278;10.4152;10.6278;11-Dec-2006
103403;DBS Chola Fixed Maturity Plan - Series 1 (Annual Plan)-Cumulative;;;10.6653;10.4520;10.6653;11-Dec-2006
103402;DBS Chola Fixed Maturity Plan - Series 1 (Annual Plan)-Dividend Payout;;;10.6653;10.4520;10.6653;11-Dec-2006
104341;DBS Chola Fixed Maturity Plan - Series 5 (Quarterly Plan - II)-Cumulative;;;10.1233;10.0727;10.1233;11-Dec-2006
104340;DBS Chola Fixed Maturity Plan - Series 5 (Quarterly Plan - II)-Dividend;;;10.1233;10.0727;10.1233;11-Dec-2006
104557;DBS Chola Fixed Maturity Plan - Series 5 (Quarterly Plan - III) - Cumulative;;;10.0266;9.9765;10.0266;11-Dec-2006
104558;DBS Chola Fixed Maturity Plan - Series 5 (Quarterly Plan - III) - Dividend;;;10.0266;9.9765;10.0266;11-Dec-2006
104328;DBS Chola Fixed Maturity Plan - Series 5 (Quarterly Plan - I)-Cumulative;;;10.1336;10.0829;10.1336;11-Dec-2006
104327;DBS Chola Fixed Maturity Plan - Series 5 (Quarterly Plan - I)-Dividend payout;;;10.1336;10.0829;10.1336;11-Dec-2006

Franklin Templeton Mutual Fund
103056;Franklin Templeton Fixed Tenure Fund-Series I(60 Month Plan)-Dividend;;;11.9982;11.6383;11.9982;11-Dec-2006
103055;Franklin Templeton Fixed Tenure Fund-Series I(60 Month Plan)-Growth;;;13.0951;12.7022;13.0951;11-Dec-2006
103359;Franklin Templeton Fixed Tenure Fund-Series III (36 Months)-Annual Dividend;;;11.1123;10.8345;11.1123;11-Dec-2006
103358;Franklin Templeton Fixed Tenure Fund-Series III (36 Months)-Growth;;;11.1123;10.8345;11.1123;11-Dec-2006
103580;Franklin Templeton Fixed Tenure Fund-Series V-13 Months Plan-Dividend Plan;;;10.6283;10.4689;10.6283;11-Dec-2006
103579;Franklin Templeton Fixed Tenure Fund-Series V-13 Months Plan-Growth Plan;;;10.6283;10.4689;10.6283;11-Dec-2006
104079;Franklin Templeton Fixed Tenure Fund - Series VI (60 Months Plan) - Annual Dividend Plan;INF090I01AJ6;;10.7564;10.3261;10.7564;11-Dec-2006
104078;Franklin Templeton Fixed Tenure Fund - Series VI (60 Months Plan) - Growth Plan;;;10.7564;10.3261;10.7564;11-Dec-2006
103203;Franklin Templeton Fixed Tenure Fund-SeriesII (60MonthsPlan)- Annual Dividend Plan;;;10.8717;10.5455;10.8717;11-Dec-2006
103202;Franklin Templeton Fixed Tenure Fund-SeriesII (60MonthsPlan)- Growth Plan;;;11.8940;11.5372;11.8940;11-Dec-2006
103549;Franklin Templeton Fixed Tenure Fund-SeriesIV(60MonthsPlan)-Annual Dividend Plan;;;10.9495;10.5115;10.9495;11-Dec-2006
103548;Franklin Templeton Fixed Tenure Fund-SeriesIV(60MonthsPlan)-Growth Plan;;;10.9495;10.5115;10.9495;11-Dec-2006

HDFC Mutual Fund
104180;HDFC FMP 13M AUGUST 2006 IP - Dividend;;;10.1956;10.0936;0;11-Dec-2006
104181;HDFC FMP 13M AUGUST 2006 IP - Growth;;;10.1956;10.0936;0;11-Dec-2006
104183;HDFC FMP 13M AUGUST 2006 Retail - Dividend;;;10.1856;10.0837;0;11-Dec-2006
104182;HDFC FMP 13M AUGUST 2006 Retail - Growth;;;10.1856;10.0837;0;11-Dec-2006
104101;HDFC FMP 13M July 2006-IP-Dividend;;;10.3375;10.2341;0;11-Dec-2006
104104;HDFC FMP 13M July 2006-IP-Growth;;;10.3375;10.2341;0;11-Dec-2006
104103;HDFC FMP 13M July 2006-Retail-Dividend;;;10.3222;10.219;0;11-Dec-2006
104102;HDFC FMP 13M July 2006-Retail-Growth;;;10.3222;10.219;0;11-Dec-2006
104020;HDFC FMP 13M June 2006-IP-Growth;;;10.3697;10.266;0;11-Dec-2006
104021;HDFC FMP 13M June 2006-Retail-Dividend;;;10.3697;10.266;0;11-Dec-2006
104023;HDFC FMP 13M June 2006-Retail-Grwoth;;;10.3697;10.266;0;11-Dec-2006
103701;HDFC FMP 13M MARCH 2006-Institutional Plan-Dividend;;;10.6095;10.5034;0;11-Dec-2006
103700;HDFC FMP 13M MARCH 2006-Institutional Plan-Grwoth;;;10.6095;10.5034;0;11-Dec-2006
103702;HDFC FMP 13M MARCH 2006-Retail Plan-Growth.;;;10.6095;10.5034;0;11-Dec-2006
103703;HDFC FMP 13M MARCH 2006-Retail Plan-Retail.;;;10.6095;10.5034;0;11-Dec-2006
104325;HDFC FMP 13M SEPTEMBER 2006 IP - Dividend;;;10.1416;10.0402;0;11-Dec-2006
104323;HDFC FMP 13M SEPTEMBER 2006 IP - Growth;;;10.1416;10.0402;0;11-Dec-2006
104326;HDFC FMP 13M SEPTEMBER 2006 Retail - Dividend;;;10.1416;10.0402;0;11-Dec-2006
104324;HDFC FMP 13M SEPTEMBER 2006 Retail - Growth;;;10.1416;10.0402;0;11-Dec-2006
104441;HDFC FMP 17M November 2006 - RP - Dividend;;;10.0343;9.934;0;11-Dec-2006
104439;HDFC FMP 17M November 2006 - RP - Growth;;;10.0343;9.934;0;11-Dec-2006
104442;HDFC FMP 17M November 2006 - RP - Quarterly Dividend;;;10.0343;9.934;0;11-Dec-2006
104444;HDFC FMP 17M November 2006 - WP - Dividend;;;10.0358;9.9354;0;11-Dec-2006
104443;HDFC FMP 17M November 2006 - WP - Growth;;;10.0358;9.9354;0;11-Dec-2006
104359;HDFC FMP 18M OCTOBER 2006 Retail - Dividend;;;10.0795;9.9787;0;11-Dec-2006
104360;HDFC FMP 18M OCTOBER 2006 Retail - Growth;;;10.0795;9.9787;0;11-Dec-2006
104409;HDFC FMP 18M OCTOBER 2006 Retail - Quarterly Dividend;;;10.0795;9.9787;0;11-Dec-2006
104357;HDFC FMP 18M OCTOBER 2006 WP - Dividend;;;10.0838;9.983;0;11-Dec-2006
104358;HDFC FMP 18M OCTOBER 2006 WP - Growth;;;10.0838;9.983;0;11-Dec-2006
104410;HDFC FMP 18M OCTOBER 2006 WP - Quarterly Dividend;;;10.0838;9.983;0;11-Dec-2006
104184;HDFC FMP 26M AUGUST 2006 IP - Dividend;;;10.218;10.1158;0;11-Dec-2006
104185;HDFC FMP 26M AUGUST 2006 IP - Growth;;;10.2075;10.1054;0;11-Dec-2006
104186;HDFC FMP 26M AUGUST 2006 Retail - Dividend;;;10.2075;10.1054;0;11-Dec-2006
104187;HDFC FMP 26M AUGUST 2006 Retail - Growth;;;10.218;10.1158;0;11-Dec-2006
104278;HDFC FMP 3M SEPTEMBER 2006 IP - Dividend;;;10.1487;10.0472;0;11-Dec-2006
104279;HDFC FMP 3M SEPTEMBER 2006 IP - Growth;;;10.1487;10.0472;0;11-Dec-2006
104276;HDFC FMP 3M SEPTEMBER 2006 Retail - Dividend;;;10.1487;10.0472;0;11-Dec-2006
104277;HDFC FMP 3M SEPTEMBER 2006 Retail - Growth;;;10.1487;10.0472;0;11-Dec-2006
104098;HDFC FMP 6M July 2006 IP-Dividend;;;10.253;10.1505;0;11-Dec-2006
104100;HDFC FMP 6M July 2006 IP-Growth;;;10.253;10.1505;0;11-Dec-2006
104099;HDFC FMP 6M July 2006 Retail-Dividend;;;10.253;10.1505;0;11-Dec-2006
104097;HDFC FMP 6M July 2006 Retail-Growth;;;10.253;10.1505;0;11-Dec-2006
104017;HDFC FMP 6M June 2006-IP-Dividend;;;10.3468;10.2433;0;11-Dec-2006
104016;HDFC FMP 6M June 2006-IP-Growth;;;10.3468;10.2433;0;11-Dec-2006
104018;HDFC FMP 6M June 2006-Retail-Dividend;;;10.3468;10.2433;0;11-Dec-2006
104019;HDFC FMP 6M June 2006-Retail-Growth;;;10.3468;10.2433;0;11-Dec-2006
104438;HDFC FMP 90D November 2006 - RP - Dividend;;;10.0644;9.9638;0;11-Dec-2006
104436;HDFC FMP 90D November 2006 - RP - Growth;;;10.0644;9.9638;0;11-Dec-2006
104435;HDFC FMP 90D November 2006 - WP - Dividend;;;10.0644;9.9638;0;11-Dec-2006
104437;HDFC FMP 90D November 2006 - WP - Growth;;;10.0644;9.9638;0;11-Dec-2006

HSBC Mutual Fund
103315;HSBC Fixed Term Series I - Dividend;;;10.6177;10.1930;0.0000;11-Dec-2006
103314;HSBC Fixed Term Series I - Growth;;;10.6177;10.1930;0.0000;11-Dec-2006
103405;HSBC Fixed Term Series II - Dividend;;;10.5988;10.1748;0.0000;11-Dec-2006
103404;HSBC Fixed Term Series II - Growth;;;10.5988;10.1748;0.0000;11-Dec-2006
103673;HSBC Fixed Term Series IV - Dividend;;;10.6407;10.4279;0.0000;11-Dec-2006
103672;HSBC Fixed Term Series IV - Growth;;;10.6407;10.4279;0.0000;11-Dec-2006
103442;HSBC Fixed Term Series V - Dividend;;;10.6009;10.1769;0.0000;11-Dec-2006
103441;HSBC Fixed Term Series V - Growth;;;10.6009;10.1769;0.0000;11-Dec-2006
103618;HSBC Fixed Term Series VI - Dividend;;;10.5810;10.1578;0.0000;11-Dec-2006
103617;HSBC Fixed Term Series VI - Growth;;;10.5810;10.1578;0.0000;11-Dec-2006
104196;HSBC Fixed Term Series 14 - Dividend;;;10.2219;10.0175;0.0000;11-Dec-2006
104195;HSBC Fixed Term Series 14 - Growth;;;10.2219;10.0175;0.0000;11-Dec-2006
104285;HSBC Fixed Term Series 15 - Inst. - Dividend;;;10.1462;9.9433;0.0000;11-Dec-2006
104286;HSBC Fixed Term Series 15 - Inst. - Growth;;;10.1462;9.9433;0.0000;11-Dec-2006
104284;HSBC Fixed Term Series 15 - Regular - Dividend;;;10.1379;9.9351;0.0000;11-Dec-2006
104287;HSBC Fixed Term Series 15 - Regular - Growth;;;10.1379;9.9351;0.0000;11-Dec-2006
104048;HSBC Fixed Term Series IX - Dividend;;;10.3475;10.1406;0.0000;11-Dec-2006
104046;HSBC Fixed Term Series IX - Growth;;;10.3475;10.1406;0.0000;11-Dec-2006
103718;HSBC Fixed Term Series XIII - Inst. - Dividend;;;0.0000;0.0000;0.0000;11-Dec-2006
103717;HSBC Fixed Term Series XIII - Inst. - Growth;;;10.6040;10.3919;0.0000;11-Dec-2006
103716;HSBC Fixed Term Series XIII - Regular - Dividend;;;10.5713;10.3599;0.0000;11-Dec-2006
103715;HSBC Fixed Term Series XIII - Regular - Growth;;;10.5713;10.3599;0.0000;11-Dec-2006

ICICI Prudential Mutual Fund
103565;ICICI Prudential FMP series 28 - 16 Mths Plan-Dividend Option;;; 10.5288 ; 10.4235 ; 10.5288 ;11-Dec-2006
103564;ICICI Prudential FMP series 28 - 16 Mths Plan-Growth Option;;; 10.5288 ; 10.4235 ; 10.5288 ;11-Dec-2006
103567;ICICI Prudential FMP series 28 - 16 Mths Plan-Institutional Dividend Option;;; 10.5516 ; 10.4461 ; 10.5516 ;11-Dec-2006
103566;ICICI Prudential FMP series 28 - 16 Mths Plan-Institutional Growth Option;;; 10.5516 ; 10.4461 ; 10.5516 ;11-Dec-2006
104114;ICICI Prudential FMP series 30 - 13 Mths Plan - Institutional Growth Option;;; 10.3104 ; 10.1041 ; 10.3104 ;11-Dec-2006
104115;ICICI Prudential FMP series 30 - 13 Mths Plan - Retail Dividend Option;;; 10.3000 ; 10.0940 ; 10.3000 ;11-Dec-2006
104113;ICICI Prudential FMP series 30 - 13 Mths Plan - Retail Growth Option;;; 10.3000 ; 10.0940 ; 10.3000 ;11-Dec-2006
104456;ICICI Prudential FMP series 32 - 1 Mth Plan A - Retail Cumulative Option;;; 10.0650; 10.0147; 10.0650;11-Dec-2006
104455;ICICI Prudential FMP series 32 - 1 Mth Plan A - Retail Dividend Option;;; 10.0000; 9.9500; 10.0000;11-Dec-2006
104501;ICICI Prudential FMP series 32 - 1 Mth Plan B - Retail Cumulative Option;;; 10.0410 ; 10.0410 ; 10.0410 ;11-Dec-2006
104502;ICICI Prudential FMP series 32 - 1 Mth Plan B - Retail Dividend Option;;; 10.0410 ; 10.0410 ; 10.0410 ;11-Dec-2006
104321;ICICI Prudential FMP series 32 - 3 Mths Plan C - Retail Cumulative Option;;; 10.1554 ; 10.0539 ; 10.1554 ;11-Dec-2006
104322;ICICI Prudential FMP series 32 - 3 Mths Plan C - Retail Dividend Option;;; 10.1554 ; 10.0539 ; 10.1554 ;11-Dec-2006
104370;ICICI Prudential FMP series 32 - 3 Mths Plan D - Retail Cumulative Option;;; 10.1109 ; 10.0098 ; 10.1109 ;11-Dec-2006
104369;ICICI Prudential FMP series 32 - 3 Mths Plan D - Retail Dividend Option;;; 10.1109 ; 10.0098 ; 10.1109 ;11-Dec-2006
104453;ICICI Prudential FMP series 32 - 3 Mths Plan E - Retail Cumulative Option;;; 10.0681 ; 9.9674 ; 10.0681 ;11-Dec-2006
104454;ICICI Prudential FMP series 32 - 3 Mths Plan E - Retail Dividend Option;;; 10.0681 ; 9.9674 ; 10.0681 ;11-Dec-2006
104451;ICICI Prudential FMP series 34 - 1 Year Plan A - Institutional Dividend Option;;; 10.0618 ; 10.0618 ; 10.0618 ;11-Dec-2006
104450;ICICI Prudential FMP series 34 - 1 Year Plan A - Institutional Growth Option;;; 10.0618 ; 10.0618 ; 10.0618 ;11-Dec-2006
104448;ICICI Prudential FMP series 34 - 1 Year Plan A - Retail Dividend Option;;; 10.0593 ; 10.0593 ; 10.0593 ;11-Dec-2006
104452;ICICI Prudential FMP series 34 - 1 Year Plan A - Retail Growth Option;;; 10.0593 ; 10.0593 ; 10.0593 ;11-Dec-2006
104506;ICICI Prudential FMP series 34 - 18 Mths Plan - Institutional Growth Option;;; 10.0347 ; 9.8340 ; 10.0347 ;11-Dec-2006
104505;ICICI Prudential FMP series 34 - 18 Mths Plan - Retail Dividend Option;;; 10.0333 ; 9.8327 ; 10.0333 ;11-Dec-2006
104504;ICICI Prudential FMP series 34 - 18 Mths Plan - Retail Growth Option;;; 10.0333 ; 9.8327 ; 10.0333 ;11-Dec-2006
103729;ICICI Prudential FMPY 28 Sr - 13 Mth-Institutional Plan-Cumulative Option;;; 10.5955 ; 10.5955 ; 10.5955 ;11-Dec-2006
103728;ICICI Prudential FMPY 28 Sr - 13 Mth-Institutional Plan-Dividend Option;;; 10.5955 ; 10.5955 ; 10.5955 ;11-Dec-2006
103727;ICICI Prudential FMPY 28 Sr - 13 Mth-Retail Plan-Cumulative Option;;; 10.5695 ; 10.5695 ; 10.5695 ;11-Dec-2006
103726;ICICI Prudential FMPY 28 Sr - 13 Mth-Retail Plan-Dividend Option;;; 10.5695 ; 10.5695 ; 10.5695 ;11-Dec-2006
104205;ICICI Prudential Hybrid FMP 13 Mths Plan-Institutional Growth;;; 10.2309 ; 10.0263 ; 10.2309 ;11-Dec-2006
104207;ICICI Prudential Hybrid FMP 13 Mths Plan-Institutional Quarterly Dividend;;; 10.2309 ; 10.0263 ; 10.2309 ;11-Dec-2006
104209;ICICI Prudential Hybrid FMP 13 Mths Plan-Retail Annual Dividend;;; 10.2179 ; 10.0135 ; 10.2179 ;11-Dec-2006
104208;ICICI Prudential Hybrid FMP 13 Mths Plan-Retail Growth;;; 10.2179 ; 10.0135 ; 10.2179 ;11-Dec-2006
104210;ICICI Prudential Hybrid FMP 13 Mths Plan-Retail Quarterly Dividend;;; 10.2179 ; 10.0135 ; 10.2179 ;11-Dec-2006

ING Mutual Fund
104132;ING Fixed Maturity Fund - Series XV - Bonus Option;;;10.0000;10.0000;10.0000;11-Dec-2006
104131;ING Fixed Maturity Fund - Series XV - Dividend Option;;;10.1911;10.1911;10.1911;11-Dec-2006
104130;ING Fixed Maturity Fund - Series XV - Growth Option;;;10.3027;10.3027;10.3027;11-Dec-2006
104001;ING Fixed Maturity Fund Series VII - Bonus Option;;;10.0000;10.0000;10.0000;11-Dec-2006
104000;ING Fixed Maturity Fund Series VII - Dividend Option;;;10.3705;10.3705;10.3705;11-Dec-2006
103999;ING Fixed Maturity Fund Series VII - Growth Option;;;10.3705;10.3705;10.3705;11-Dec-2006
103572;ING Vysya Fixed Maturity Fund - Series VI-Bonus Option;;;10.0000;10.0000;10.0000;11-Dec-2006
103571;ING Vysya Fixed Maturity Fund - Series VI-Dividend Option;;;10.6322;10.6322;10.6322;11-Dec-2006
103570;ING Vysya Fixed Maturity Fund - Series VI-Growth Option;;;10.6322;10.6322;10.6322;11-Dec-2006
104193;ING Vysya Fixed Maturity Fund - Series XIV-Bonus Option;;;10.0000;10.0000;10.0000;11-Dec-2006
104194;ING Vysya Fixed Maturity Fund - Series XIV-Dividend Option;;;10.1765;10.1765;10.1765;11-Dec-2006
104192;ING Vysya Fixed Maturity Fund - Series XIV-Growth Option;;;10.2303;10.2303;10.2303;11-Dec-2006
104517;ING Vysya Fixed Maturity Fund - Series XIX-Bonus Option;;;10.0000;10.0000;10.0000;11-Dec-2006
104518;ING Vysya Fixed Maturity Fund - Series XIX-Dividend Option;;;10.0621;10.0621;10.0621;11-Dec-2006
104516;ING Vysya Fixed Maturity Fund - Series XIX-Growth Option;;;10.0621;10.0621;10.0621;11-Dec-2006

JM Financial Mutual Fund
104508;JM Fixed Maturity Fund - Series III - Monthly Plan (FMF M3) - Dividend Plan;;;10.0494;9.9489;10.0494;11-Dec-2006
104507;JM Fixed Maturity Fund - Series III - Monthly Plan (FMF M3) - Growth Plan;;;10.0494;9.9489;10.0494;11-Dec-2006
104461;JM Fixed Maturity Fund - Series III - Quarterly Plan (FMF - Q4) - Dividend Option;;;10.0736;9.9729;10.0736;11-Dec-2006
104462;JM Fixed Maturity Fund - Series III - Quarterly Plan (FMF - Q4) - Growth Option;;;10.0736;9.9729;10.0736;11-Dec-2006
104519;JM Fixed Maturity Fund - Series III - Quarterly Plan (FMF - Q5) - Dividend Plan;;;10.0290;9.9287;10.0290;11-Dec-2006
104520;JM Fixed Maturity Fund - Series III - Quarterly Plan (FMF - Q5) - Growth Plan;;;10.0290;9.9287;10.0290;11-Dec-2006
104355;JM Fixed Maturity Fund Series III - Quarterly Plan (FMF Q3) - Growth option;;;10.1116;10.0105;10.1116;11-Dec-2006
104356;JM Fixed Maturity Fund Series III - Quarterly Plan (FMF Q3)- Dividend option;;;10.1116;10.0105;10.1116;11-Dec-2006
103653;JM FMF SERIES II - YEARLY "A"-Growth Plan;;;10.6097;10.2914;10.6097;11-Dec-2006

Kotak Mahindra Mutual Fund
104362;Kotak FMP 15M Series 1 - Dividend;;;10.1156;10.1156;10.1156;11-Dec-2006
104361;Kotak FMP 15M Series 1 - Growth;;;10.1156;10.1156;10.1156;11-Dec-2006
104363;Kotak FMP 3M Series 5 - Dividend;;;10.1119;10.1119;10.1119;11-Dec-2006
104364;Kotak FMP 3M Series 5 - Growth;;;10.1119;10.1119;10.1119;11-Dec-2006
104467;Kotak FMP 3M Series 6 - Dividend;;;10.0665;10.0665;10.0665;11-Dec-2006
104468;Kotak FMP 3M Series 6 - Growth;;;10.0665;10.0665;10.0665;11-Dec-2006
103795;Kotak Twin Advantage-Series II-Dividend;;;10.3877;10.3877;10.3877;11-Dec-2006
103796;Kotak Twin Advantage-Series II-Growth;;;10.3876;10.3876;10.3876;11-Dec-2006
104266;Kotak Twin Advantage Series III- Dividend;;;10.2033;10.2033;10.2033;11-Dec-2006
104265;Kotak Twin Advantage Series III- Growth;;;10.2033;10.2033;10.2033;11-Dec-2006

LIC Mutual Fund
104318;LICMF FIXED MATURITY PLAN SERIES 10 GROWTH OPTION;;;10.1516;10.1516;0.0000;11-Dec-2006
104387;LICMF FIXED MATURITY PLAN SERIES 11 - DIVIDEND OPTION;;;10.0839;10.0839;0.0000;11-Dec-2006
104388;LICMF FIXED MATURITY PLAN SERIES 11 - GROWTH OPTION;;;10.0839;10.0839;0.0000;11-Dec-2006
104555;LICMF FIXED MATURITY PLAN SERIES 12 - DIVIDEND OPTION;;;10.0212;10.0212;0.0000;11-Dec-2006
104556;LICMF FIXED MATURITY PLAN SERIES 12 - GROWTH OPTION;;;10.0212;10.0212;0.0000;11-Dec-2006
104317;LICMF FIXED MATURITY PLAN SERIES 10 DIVIDEND OPTION;;;10.1516;10.1516;0.0000;11-Dec-2006
103613;LICMF Fixed Maturity Plan Series 4-Dividend Option;;;10.6544;10.6544;0.0000;11-Dec-2006
103614;LICMF Fixed Maturity Plan Series 4-Growth Option;;;10.6544;10.6544;0.0000;11-Dec-2006
103603;LICMF Fixed Maturity Plan Series5-Dividend Option;;;10.6114;10.6114;0.0000;11-Dec-2006
103604;LICMF Fixed Maturity Plan Series5-Growth Option;;;10.6114;10.6114;0.0000;11-Dec-2006
104371;LICMF FIXED MATURITY PLAN SERIES 15 - DIVIDEND OPTION;;;10.1142;10.1142;0.0000;11-Dec-2006
104376;LICMF FIXED MATURITY PLAN SERIES 15 - GROWTH OPTION;;;10.1142;10.1142;0.0000;11-Dec-2006

Nippon India Mutual Fund
104297;Reliance Fixed Horizon Fund-I-Annual Plan Series-II- Institutional Plan-Growth Option;;;10.1595;10.1595;10.1595;11-Dec-2006
104294;Reliance Fixed Horizon Fund-I-Annual Plan Series-II- Retail Plan Growth Option;;;10.1595;10.1595;10.1595;11-Dec-2006
104295;Reliance Fixed Horizon Fund-I-Annual Plan Series-II- Retail Plan-Dividend Option;;;10.1595;10.1595;10.1595;11-Dec-2006
104231;Reliance Fixed Horizon Fund -I Annual Plan Series-I-Institutional Plan -Dividend Option;;;10.2551;10.2551;10.2551;11-Dec-2006
104232;Reliance Fixed Horizon Fund -I Annual Plan Series-I-Institutional Plan -Growth Option;;;10.2551;10.2551;10.2551;11-Dec-2006
104229;Reliance Fixed Horizon-I Annual Plan Series-I- Retail Plan Growth Option;;;10.2551;10.2551;10.2551;11-Dec-2006
104230;Reliance Fixed Horizon-I Annual Plan Series-I- Retail Plan-Dividend Option;;;10.2551;10.2551;10.2551;11-Dec-2006
104464;Reliance Fixed Horizon Fund -I Quarterly Plan Series-II-Dividend Option;;;10.0711;10.0711;10.0711;11-Dec-2006
104463;Reliance Fixed Horizon Fund -I Quarterly Plan Series-II-Growth Option;;;10.0711;10.0711;10.0711;11-Dec-2006
104293;Reliance Fixed Horizon Fund -I- Quarterly Plan-Series-I- Dividend Option;;;10.1594;10.1594;10.1594;11-Dec-2006
104292;Reliance Fixed Horizon Fund -I- Quarterly Plan-Series-I- Growth Option;;;10.1594;10.1594;10.1594;11-Dec-2006
104399;Reliance Fixed Horizon Fund -I-Annual Plan Series-III-Institutional Plan Dividend Option;;;10.0846;10.0846;10.0846;11-Dec-2006
104401;Reliance Fixed Horizon Fund -I-Annual Plan Series-III-Institutional Plan Growth Option;;;10.0846;10.0846;10.0846;11-Dec-2006
104398;Reliance Fixed Horizon Fund -I-Annual Plan Series-III-Retail Plan Dividend Option;;;10.0846;10.0846;10.0846;11-Dec-2006
104400;Reliance Fixed Horizon Fund -I-Annual Plan Series-III-Retail Plan Growth Option;;;10.0846;10.0846;10.0846;11-Dec-2006
104403;Reliance Fixed Horizon Fund -I-Annual Plan Series-IV-Institutional Plan-Growth Option;;;10.0858;10.0858;10.0858;11-Dec-2006
104404;Reliance Fixed Horizon Fund -I-Annual Plan Series-IV-Retail Plan Dividend Option;;;10.0858;10.0858;10.0858;11-Dec-2006
104402;Reliance Fixed Horizon Fund -I-Annual Plan Series-IV-Retail Plan Growth Option;;;10.0858;10.0858;10.0858;11-Dec-2006
104225;Reliance Fixed Horizon Fund Plan 'C' Series -I Retail Plan-Dividend Option;;;10.1678;10.1678;10.1678;11-Dec-2006
104226;Reliance Fixed Horizon Fund Plan 'C' Series -I Retail Plan-Growth Option;;;10.1678;10.1678;10.1678;11-Dec-2006
104227;Reliance Fixed Horizon Fund Plan 'C' Series-I Institutional Plan-Dividend Option;;;10.2283;10.2283;10.2283;11-Dec-2006
104228;Reliance Fixed Horizon Fund Plan 'C' Series-I Institutional Plan-Growth Option;;;10.2283;10.2283;10.2283;11-Dec-2006
104300;Reliance Fixed Horizon Fund Plan 'C' Series-III-Institutional Plan Growth Option;;;10.0891;10.0891;10.0891;11-Dec-2006
104299;Reliance Fixed Horizon Fund Plan 'C' Series-III-Retail Plan Dividend Option;;;10.0124;10.0124;10.0124;11-Dec-2006
104298;Reliance Fixed Horizon Fund Plan 'C' Series-III-Retail Plan Growth Option;;;10.0124;10.0124;10.0124;11-Dec-2006
104535;Reliance Fixed Horizon Fund-I Quarterly Plan Series-III-Dividend Option;;;10.0268;10.0268;10.0268;11-Dec-2006
104534;Reliance Fixed Horizon Fund-I Quarterly Plan Series-III-Growth Option;;;10.0268;10.0268;10.0268;11-Dec-2006
104529;Reliance Fixed Horizon Fund-II-Annual Plan-Series-I-Institutional Plan-Dividend Option;;;10.0373;10.0373;10.0373;11-Dec-2006
104526;Reliance Fixed Horizon Fund-II-Annual Plan-Series-I-Retail Plan Growth Option;;;10.0373;10.0373;10.0373;11-Dec-2006
104527;Reliance Fixed Horizon Fund-II-Annual Plan-Series-I-Retail Plan-Dividend Option;;;10.0373;10.0373;10.0373;11-Dec-2006
104533;Reliance Fixed Horizon Fund-II-Annual Plan-Series-II-Institutional Plan-Dividend Option;;;10.0062;10.0062;10.0062;11-Dec-2006
104532;Reliance Fixed Horizon Fund-II-Annual Plan-Series-II-Institutional Plan-Growth Option;;;10.0062;10.0062;10.0062;11-Dec-2006
104530;Reliance Fixed Horizon Fund-II-Annual Plan-Series-II-Retail Plan Growth Option;;;9.972;9.972;9.972;11-Dec-2006
104531;Reliance Fixed Horizon Fund-II-Annual Plan-Series-II-Retail Plan-Dividend Option;;;9.972;9.972;9.972;11-Dec-2006
103413;Reliance Fixed Tenor Fund-Plan "A"-Dividend Option;;;10.5479;10.5479;10.5479;11-Dec-2006
103412;Reliance Fixed Tenor Fund-Plan "A"-Growth Option;;;10.5479;10.5479;10.5479;11-Dec-2006
103481;Reliance Fixed Tenor Fund Plan ""B''-PLAN-Dividend Option;;;10.3122;10.3122;10.3122;11-Dec-2006
103480;Reliance Fixed Tenor Fund Plan ""B''-PLAN-Growth Option;;;10.5162;10.5162;10.5162;11-Dec-2006

Principal Mutual Fund
104081;Principal Pnb Fixed Duration Fund 3 Year Plan- Series I-Dividend Payout;;;10.6599;10.3401;10.6599;11-Dec-2006
104080;Principal Pnb Fixed Duration Fund 3 Year Plan- Series I-Growth Option;;;10.6599;10.3401;10.6599;11-Dec-2006
103784;Principal Pnb Fixed Maturity Plan - 385 days - Series II-REGULAR PALN - Growth;;;10.3913;10.225;10.3913;11-Dec-2006
103785;Principal Pnb Fixed Maturity Plan - 385 days - Series II-Regular Plan - Dividend;;;10.3913;10.225;10.3913;11-Dec-2006
104432;Principal Pnb Fixed Maturity Plan - 385 Days - Series III- Reg Plan -Dividend Option;;;10.0757;9.9145;10.0757;11-Dec-2006
104433;Principal Pnb Fixed Maturity Plan - 385 Days -Series III - Insti Plan - Growth Option;;;10.0782;9.9169;10.0782;11-Dec-2006
104434;Principal Pnb Fixed Maturity Plan - 385 Days -Series III - Insti Plan -Dividend Option;;;10.0783;9.917;10.0783;11-Dec-2006
104431;Principal Pnb Fixed Maturity Plan- 385 Days - Series III - Regular Plan - Growth Option;;;10.0757;9.9145;10.0757;11-Dec-2006
103646;Principal Pnb Fixed Maturity Plan - 385 days - Serires I-Institutional Plan - Dividend;;;10.6476;10.4772;10.6476;11-Dec-2006
103645;Principal Pnb Fixed Maturity Plan - 385 days - Serires I-Institutional Plan- Growth;;;10.6476;10.4772;10.6476;11-Dec-2006
103643;Principal Pnb Fixed Maturity Plan - 385 days - Serires I-REGULAR PALN - Growth;;;10.6487;10.4783;10.6487;11-Dec-2006
103644;Principal Pnb Fixed Maturity Plan - 385 days - Serires I-Regular Plan - Dividend;;;10.6477;10.4773;10.6477;11-Dec-2006
104166;Principal Pnb FMP -460days -Series II - Insti - Growth;;;10.267;10.1643;10.267;11-Dec-2006
104167;Principal Pnb FMP -460days -Series II - Insti- Div;;;10.267;10.1643;10.267;11-Dec-2006
104164;Principal Pnb FMP -460days -Series II - Regular- Div;;;10.2517;10.1492;10.2517;11-Dec-2006
104165;Principal Pnb FMP -460days -Series II - Regular- Growth;;;10.2517;10.1492;10.2517;11-Dec-2006
103531;Principal Pnb Fixed Maturity Plan 460 Days - Series I-Dividend;;;10.6405;10.4383;10.6405;11-Dec-2006
103530;Principal Pnb Fixed Maturity Plan 460 Days - Series I-Growth;;;10.6405;10.4383;10.6405;11-Dec-2006
104105;Principal Pnb Fixed Maturity Plan 91 Days - Series IV-Dividend Payout;;;10.1191;10.0179;10.1191;11-Dec-2006
104107;Principal Pnb Fixed Maturity Plan 91 Days - Series IV-Growth Option;;;10.2938;10.1909;10.2938;11-Dec-2006
104264;Principal Pnb Fixed Maturity Plan 91 Days - Series V - Dividend;;;10.1751;10.0733;10.1751;11-Dec-2006
104263;Principal Pnb Fixed Maturity Plan 91 Days - Series V - Growth;;;10.1751;10.0733;10.1751;11-Dec-2006

Tata Mutual Fund
103374;Tata Fixed Horizon Fund Series 2 - Plan B - Growth;;;10.6178;10.4585;10.6178;11-Dec-2006
103489;Tata Fixed Horizon Fund Series 2 - Plan C - 18 months - Divi;;;10.6200;10.4607;10.6200;11-Dec-2006
103528;Tata Fixed Horizon Fund Series 2 - Plan C- 18 month - Growth;;;10.6200;10.4607;10.6200;11-Dec-2006
103628;Tata Fixed Horizon Fund Series 3 Scheme C - Div;;;10.6356;10.5292;10.6356;11-Dec-2006
103671;Tata Fixed Horizon Fund Series 3 Scheme C - Growth;;;10.6356;10.5292;10.6356;11-Dec-2006
103639;Tata Fixed Horizon Fund Series 3 Scheme D - Div;;;10.6318;10.5255;10.6318;11-Dec-2006
103640;Tata Fixed Horizon Fund Series 3 Scheme D - Growth;;;10.6317;10.5254;10.6317;11-Dec-2006
103499;Tata Fixed Horizon Fund Series 3 Scheme F - Div;;;10.6279;10.4685;10.6279;11-Dec-2006
103482;Tata Fixed Horizon Fund Series 3 Scheme F - GRW;;;10.6277;10.4683;10.6277;11-Dec-2006
103683;Tata Fixed Horizon Fund Series 3 Scheme G - Div;;;10.6159;10.4567;10.6159;11-Dec-2006
103744;Tata Fixed Horizon Fund Series 3 Scheme G - Growth;;;10.6159;10.4567;10.6159;11-Dec-2006
104069;Tata Fixed Horizon Fund Series 5 Scheme C - Div;;;10.1240;10.0734;10.1240;11-Dec-2006
104049;Tata Fixed Horizon Fund Series 5 Scheme C - Growth;;;10.3086;10.2571;10.3086;11-Dec-2006
104216;Tata Fixed Horizon Fund Series 5 Scheme D - Div;;;10.0281;9.9780;10.0281;11-Dec-2006
104215;Tata Fixed Horizon Fund Series 5 Scheme D - Growth;;;10.2038;10.1528;10.2038;11-Dec-2006
104258;Tata Fixed Horizon Fund Series 5 Scheme G - Div;;;10.0942;9.7684;10.0942;11-Dec-2006
104257;Tata Fixed Horizon Fund Series 5 Scheme G - Growth;;;10.0942;9.7684;10.0942;11-Dec-2006
104125;Tata Fixed Horizon Fund Series 6 Scheme A - Div;;;10.2824;10.1282;10.2824;11-Dec-2006
104126;Tata Fixed Horizon Fund Series 6 Scheme A - Growth;;;10.2823;10.1281;10.2823;11-Dec-2006
104500;Tata Fixed Horizon Fund Series 6 Scheme B - Dividend;;;10.0544;9.9036;10.0544;11-Dec-2006
104499;Tata Fixed Horizon Fund Series 6 Scheme B - Growth;;;10.0541;9.9033;10.0541;11-Dec-2006
104247;Tata Fixed Horizon Fund Series 6 Scheme G - Div;;;10.0279;9.9276;10.0279;11-Dec-2006
104248;Tata Fixed Horizon Fund Series 6 Scheme G - Growth;;;10.1778;10.0760;10.1778;11-Dec-2006
104536;Tata Fixed Horizon Fund Series 6 Scheme H - Dividend;;;10.0259;9.9256;10.0259;11-Dec-2006
104537;Tata Fixed Horizon Fund Series 6 Scheme H - Growth;;;10.0260;9.9257;10.0260;11-Dec-2006
103423;Tata Fixed Horizon Fund Series II Plan A (Dece 05);;;10.6463;10.4866;10.6463;11-Dec-2006

UTI Mutual Fund
104552;UTI FIXED MATURITY PLAN QUARTERLY NOV2006 SERIES -II - Dividend Option;;;10.0273;9.8268;0;11-Dec-2006
104553;UTI FIXED MATURITY PLAN QUARTERLY NOV2006 SERIES -II - GROWTH OPTION;;;10.0273;9.8268;0;11-Dec-2006
104512;UTI Fixed Maturity Plan Quarterly November 2006 Series - I - Growth Option;;;10.0714;9.87;0;11-Dec-2006
104511;UTI Fixed Maturity Plan Quarterly November 2006 Series - I - Income Option;;;10.0714;9.87;0;11-Dec-2006
104309;UTI FMP Quarterly Sep06 - Dividend Option;;;10.1573;9.9542;0;11-Dec-2006
104310;UTI FMP Quarterly Sep06 - Growth Option;;;10.1573;9.9542;0;11-Dec-2006
104509;UTI Fixed Maturity Plan Yearly Series October 2006 - Dividend Option;;;10.0597;9.7579;0;11-Dec-2006
104510;UTI Fixed Maturity Plan Yearly Series October, 2006 - Growth Option;;;10.0597;9.7579;0;11-Dec-2006
104312;UTI FMP Yearly Series Sept 06 -Dividend Option;;;10.1805;9.8751;0;11-Dec-2006
104311;UTI FMP Yearly Series Sept 06 -Growth Option;;;10.1805;9.8751;0;11-Dec-2006
103647;UTI Fixed Term Income Fund - Q18 S-I-Dividend Option;;;10.6152;10.4029;0;11-Dec-2006
103648;UTI Fixed Term Income Fund - Q18 S-I-Growth Option;;;10.6152;10.4029;0;11-Dec-2006
103449;UTI Fixed Term Income Fund Series - I-Dividend Option;;;10.5947;10.5152;0;11-Dec-2006
103450;UTI Fixed Term Income Fund Series - I-Growth Option;;;10.5957;10.5162;0;11-Dec-2006
104041;UTI FMP yearly series June 2006 - Dividend Option;;;10.3497;10.2462;0;11-Dec-2006
104042;UTI FMP yearly series June 2006 - Growth Option;;;10.3497;10.2462;0;11-Dec-2006
104383;UTI FMP Quarterly Series oct06- II -Dividend Option;;;10.1098;9.9076;0;11-Dec-2006
104384;UTI FMP Quarterly Series oct06- II -Growth Option;;;10.1098;9.9076;0;11-Dec-2006
104199;UTI FMP Yearly Series Aug06 - Dividend Option;;;10.2407;10.1383;0;11-Dec-2006
104200;UTI FMP Yearly Series Aug06 - Growth Option;;;10.2408;10.1384;0;11-Dec-2006

Close Ended Schemes ( Growth )


ING Mutual Fund
104408;ING Dynamic Asset Allocation Fund - Bonus Option;;;9.9517;9.9517;9.9517;11-Dec-2006
104407;ING Dynamic Asset Allocation Fund- Dividend Option;;;9.9517;9.9517;9.9517;11-Dec-2006
104406;ING Dynamic Asset Allocation Fund- Growth Option;;;9.9517;9.9517;9.9517;11-Dec-2006

UTI Mutual Fund
104459;UTI Wealth Builder Fund - Dividend Option;;;10.08;0;0;11-Dec-2006
104460;UTI Wealth Builder Fund - Growth Option;;;10.08;0;0;11-Dec-2006

Close Ended Schemes ( Money Market )


DSP Mutual Fund
103399;DSP BlackRock Fixed Term Plan- Series 3-Dividend;;;10.0017;9.8017;10.0017;11-Dec-2006
103398;DSP BlackRock Fixed Term Plan- Series 3-Growth;;;10.6652;10.4519;10.6652;11-Dec-2006

Close Ended Schemes ( ELSS )


Aditya Birla Sun Life Mutual Fund
100956;Aditya Birla Tax Plan 98;;;195.40;195.40;0.00;11-Dec-2006

Franklin Templeton Mutual Fund
100556;Franklin India Taxshield 97;;;117.61;117.61;117.61;11-Dec-2006
100557;Franklin India Taxshield 98;;;117.61;117.61;117.61;11-Dec-2006
100558;Franklin India Taxshield 99;;;71.97;71.97;71.97;11-Dec-2006

Tata Mutual Fund
103470;Tata Tax Advantage Fund -1;INF277K01HK8;;10.0754;0.0000;0.0000;11-Dec-2006

UTI Mutual Fund
101834;UTI - Master Equity Plan Unit Scheme;;;39.72;39.72;0;11-Dec-2006

Close Ended Schemes ( Fund of Funds - Domestic )


ABN  AMRO Mutual Fund
103774;ABN AMRO Multi Manager Fund-Dividend Option;;;10.3263;9.9979;10.3263;11-Dec-2006
103773;ABN AMRO Multi Manager Fund-Growth Option;;;10.3265;9.9981;10.3265;11-Dec-2006
104252;AMRO Multi Manager Fund - Series 2A - Dividend Option With Compulsory Dividend Reinvestment;;;10.1640;9.7707;10.1640;11-Dec-2006
104251;AMRO Multi Manager Fund - Series 2A - Growth Option;;;10.1640;9.7707;10.1640;11-Dec-2006

ING Mutual Fund
104368;ING OptiMix Dynamic Multi-Manager FoF Scheme - Dividend;;;10.3567;9.9015;0.0000;11-Dec-2006
104367;ING OptiMix Dynamic Multi-Manager FoF Scheme - Growth;;;10.3567;9.9015;0.0000;11-Dec-2006

Kotak Mahindra Mutual Fund
103001;Kotak Dynamic FOF---Growth;;;16.765;16.765;16.765;11-Dec-2006
103791;Kotak Flexi Fund of Fund-Series I-Dividend;;;9.716;9.716;9.716;11-Dec-2006
103792;Kotak Flexi Fund of Fund-Series I-Growth;;;9.716;9.716;9.716;11-Dec-2006
103282;Kotak Flexi Fund of Funds---Dividend;;;13.531;13.531;13.531;11-Dec-2006
103283;Kotak Flexi Fund of Funds---Growth;;;13.539;13.539;13.539;11-Dec-2006
104129;Kotak Flexi Fund of Funds Series II - Dividend;;;10.997;10.997;10.997;11-Dec-2006
